[188] [    13587591]   0-None                     (    0)
[189] [    13597597]   0-None                     (    0)
[190] [    13607595]   0-None                     (    0)
[191] [    13617594]   0-None                     (    0)
[192] [    13627580]   0-None                     (    0)
[193] [    13637581]   0-None                     (    0)
[194] [    13647574]   0-None                     (    0)
[195] [    13657575]   0-None                     (    0)
[196] [    13667577]   0-None                     (    0)
[197] [    13677575]   0-None                     (    0)
[198] [    13687587]   0-None                     (    0)
[199] [    13697570]   0-None                     (    0)
[200] [    13707571]   0-None                     (    0)
[201] [    13717573]   0-None                     (    0)
[202] [    13727573]   0-None                     (    0)
[203] [    13737573]   0-None                     (    0)
[204] [    13747573]   0-None                     (    0)
[205] [    13757573]   0-None                     (    0)
[206] [    13767573]   0-None                     (    0)
[207] [    13777553]   0-None                     (    0)
[208] [    13787568]   0-None                     (    0)
[209] [    13797567]   0-None                     (    0)
[210] [    13807553]   0-None                     (    0)
[211] [    13817564]   0-None                     (    0)
[212] [    13827552]   0-None                     (    0)
[213] [    13837548]   0-None                     (    0)
[214] [    13847542]   0-None                     (    0)
[215] [    13857551]   0-None                     (    0)
[216] [    13867561]   0-None                     (    0)
[217] [    13877550]   0-None                     (    0)
[218] [    13887564]   0-None                     (    0)
[219] [    13897550]   0-None                     (    0)
[220] [    13907541]   0-None                     (    0)
[221] [    13917546]   0-None                     (    0)
[222] [    13927546]   0-None                     (    0)
[223] [    13937546]   0-None                     (    0)
[224] [    13947543]   0-None                     (    0)
[225] [    13957540]   0-None                     (    0)
[226] [    13967546]   0-None                     (    0)
[227] [    13977545]   0-None                     (    0)
[228] [    13987564]   0-None                     (    0)
[229] [    13997550]   0-None                     (    0)
[230] [    14007540]   0-None                     (    0)
[231] [    14017545]   0-None                     (    0)
[232] [    14027542]   0-None                     (    0)
[233] [    14037539]   0-None                     (    0)
[234] [    14047545]   0-None                     (    0)
[235] [    14057545]   0-None                     (    0)
[236] [    14067545]   0-None                     (    0)
[237] [    14077545]   0-None                     (    0)
[238] [    14087545]   0-None                     (    0)
[239] [    14097545]   0-None                     (    0)
[240] [    14107538]   0-None                     (    0)
[241] [    14117537]   0-None                     (    0)
[242] [    14127540]   0-None                     (    0)
[243] [    14137561]   0-None                     (    0)
[244] [    14147547]   0-None                     (    0)
[245] [    14157557]   0-None                     (    0)
[246] [    14167565]   0-None                     (    0)
[247] [    14177566]   0-None                     (    0)
[248] [    14187566]   0-None                     (    0)
[249] [    14197567]   0-None                     (    0)
[250] [    14207566]   0-None                     (    0)
[251] [    14217567]   0-None                     (    0)
[252] [    14227587]   0-None                     (    0)
[253] [    14237584]   0-None                     (    0)
[254] [    14247587]   0-None                     (    0)
[255] [    14257603]   0-None                     (    0)
[  0] [    14267603]   0-None                     (    0)
[  1] [    14277601]   0-None                     (    0)
[  2] [    14287599]   0-None                     (    0)
[  3] [    14297586]   0-None                     (    0)
[  4] [    14307603]   0-None                     (    0)
[  5] [    14317601]   0-None                     (    0)
[  6] [    14327600]   0-None                     (    0)
[  7] [    14337598]   0-None                     (    0)
[  8] [    14347606]   0-None                     (    0)
[  9] [    14357624]   0-None                     (    0)
[ 10] [    14367621]   0-None                     (    0)
[ 11] [    14377624]   0-None                     (    0)
[ 12] [    14387640]   0-None                     (    0)
[ 13] [    14397640]   0-None                     (    0)
[ 14] [    14407641]   0-None                     (    0)
[ 15] [    14417644]   0-None                     (    0)
[ 16] [    14427644]   0-None                     (    0)
[ 17] [    14437660]   0-None                     (    0)
[ 18] [    14447659]   0-None                     (    0)
[ 19] [    14457666]   0-None                     (    0)
[ 20] [    14467679]   0-None                     (    0)
[ 21] [    14477688]   0-None                     (    0)
[ 22] [    14487688]   0-None                     (    0)
[ 23] [    14497687]   0-None                     (    0)
[ 24] [    14507687]   0-None                     (    0)
[ 25] [    14517688]   0-None                     (    0)
[ 26] [    14527687]   0-None                     (    0)
[ 27] [    14537686]   0-None                     (    0)
[ 28] [    14547687]   0-None                     (    0)
[ 29] [    14557687]   0-None                     (    0)
[ 30] [    14567707]   0-None                     (    0)
[ 31] [    14577704]   0-None                     (    0)
[ 32] [    14587705]   0-None                     (    0)
[ 33] [    14597702]   0-None                     (    0)
[ 34] [    14607704]   0-None                     (    0)
[ 35] [    14617722]   0-None                     (    0)
[ 36] [    14627721]   0-None                     (    0)
[ 37] [    14637721]   0-None                     (    0)
[ 38] [    14647721]   0-None                     (    0)
[ 39] [    14657720]   0-None                     (    0)
[ 40] [    14667719]   0-None                     (    0)
[ 41] [    14677726]   0-None                     (    0)
[ 42] [    14687725]   0-None                     (    0)
[ 43] [    14697743]   0-None                     (    0)
[ 44] [    14707739]   0-None                     (    0)
[ 45] [    14717741]   0-None                     (    0)
[ 46] [    14727723]   0-None                     (    0)
[ 47] [    14737722]   0-None                     (    0)
[ 48] [    14747721]   0-None                     (    0)
[ 49] [    14757718]   0-None                     (    0)
[ 50] [    14767704]   0-None                     (    0)
[ 51] [    14777720]   0-None                     (    0)
[ 52] [    14787718]   0-None                     (    0)
[ 53] [    14797724]   0-None                     (    0)
[ 54] [    14807723]   0-None                     (    0)
[ 55] [    14817741]   0-None                     (    0)
[ 56] [    14827738]   0-None                     (    0)
[ 57] [    14837741]   0-None                     (    0)
[ 58] [    14847738]   0-None                     (    0)
[ 59] [    14857741]   0-None                     (    0)
[ 60] [    14867757]   0-None                     (    0)
[ 61] [    14877758]   0-None                     (    0)
[ 62] [    14887758]   0-None                     (    0)
[ 63] [    14897758]   0-None                     (    0)
[ 64] [    14907758]   0-None                     (    0)
[ 65] [    14917757]   0-None                     (    0)
[ 66] [    14927757]   0-None                     (    0)
[ 67] [    14937737]   0-None                     (    0)
[ 68] [    14947739]   0-None                     (    0)
[ 69] [    14957756]   0-None                     (    0)
[ 70] [    14967757]   0-None                     (    0)
[ 71] [    14977756]   0-None                     (    0)
[ 72] [    14987757]   0-None                     (    0)
[ 73] [    14997757]   0-None                     (    0)
[ 74] [    15007758]   0-None                     (    0)
[ 75] [    15017759]   0-None                     (    0)
[ 76] [    15027761]   0-None                     (    0)
[ 77] [    15037757]   0-None                     (    0)
[ 78] [    15047755]   0-None                     (    0)
[ 79] [    15057775]   0-None                     (    0)
[ 80] [    15067782]   0-None                     (    0)
[ 81] [    15077780]   0-None                     (    0)
[ 82] [    15087777]   0-None                     (    0)
[ 83] [    15097775]   0-None                     (    0)
[ 84] [    15107758]   0-None                     (    0)
[ 85] [    15117779]   0-None                     (    0)
[ 86] [    15127776]   0-None                     (    0)
[ 87] [    15137752]   0-None                     (    0)
[ 88] [    15147754]   0-None                     (    0)
[ 89] [    15157754]   0-None                     (    0)
[ 90] [    15167754]   0-None                     (    0)
[ 91] [    15177754]   0-None                     (    0)
[ 92] [    15187754]   0-None                     (    0)
[ 93] [    15197754]   0-None                     (    0)
[ 94] [    15207754]   0-None                     (    0)
[ 95] [    15217753]   0-None                     (    0)
[ 96] [    15227753]   0-None                     (    0)
[ 97] [    15237753]   0-None                     (    0)
[ 98] [    15247753]   0-None                     (    0)
[ 99] [    15257753]   0-None                     (    0)
[100] [    15267753]   0-None                     (    0)
[101] [    15277752]   0-None                     (    0)
[102] [    15287752]   0-None                     (    0)
[103] [    15297754]   0-None                     (    0)
[104] [    15307756]   0-None                     (    0)
[105] [    15317755]   0-None                     (    0)
[106] [    15327736]   0-None                     (    0)
[107] [    15337751]   0-None                     (    0)
[108] [    15347736]   0-None                     (    0)
[109] [    15357752]   0-None                     (    0)
[110] [    15367732]   0-None                     (    0)
[111] [    15377729]   0-None                     (    0)
[112] [    15387733]   0-None                     (    0)
[113] [    15397729]   0-None                     (    0)
[114] [    15407733]   0-None                     (    0)
[115] [    15417729]   0-None                     (    0)
[116] [    15427733]   0-None                     (    0)
[117] [    15437730]   0-None                     (    0)
[118] [    15447712]   0-None                     (    0)
[119] [    15457730]   0-None                     (    0)
[120] [    15467714]   0-None                     (    0)
[121] [    15477714]   0-None                     (    0)
[122] [    15487732]   0-None                     (    0)
[123] [    15497730]   0-None                     (    0)
[124] [    15507727]   0-None                     (    0)
[125] [    15517731]   0-None                     (    0)
[126] [    15527728]   0-None                     (    0)
[127] [    15537751]   0-None                     (    0)
[128] [    15547751]   0-None                     (    0)
[129] [    15557750]   0-None                     (    0)
[130] [    15567751]   0-None                     (    0)
[131] [    15577750]   0-None                     (    0)
[132] [    15587751]   0-None                     (    0)
[133] [    15597752]   0-None                     (    0)
[134] [    15607754]   0-None                     (    0)
[135] [    15617755]   0-None                     (    0)
[136] [    15627769]   0-None                     (    0)
[137] [    15637768]   0-None                     (    0)
[138] [    15647767]   0-None                     (    0)
[139] [    15657773]   0-None                     (    0)
[140] [    15667771]   0-None                     (    0)
[141] [    15677768]   0-None                     (    0)
[142] [    15687788]   0-None                     (    0)
[143] [    15697774]   0-None                     (    0)
[144] [    15707787]   0-None                     (    0)
[145] [    15717773]   0-None                     (    0)
[146] [    15727787]   0-None                     (    0)
[147] [    15737773]   0-None                     (    0)
[148] [    15747787]   0-None                     (    0)
[149] [    15757772]   0-None                     (    0)
[150] [    15767786]   0-None                     (    0)
[151] [    15777772]   0-None                     (    0)
[152] [    15787786]   0-None                     (    0)
[153] [    15797792]   0-None                     (    0)
[154] [    15807794]   0-None                     (    0)
[155] [    15817793]   0-None                     (    0)
[156] [    15827794]   0-None                     (    0)
[157] [    15837814]   0-None                     (    0)
[158] [    15847831]   0-None                     (    0)
[159] [    15857830]   0-None                     (    0)
[160] [    15867829]   0-None                     (    0)
[161] [    15877848]   0-None                     (    0)
[162] [    15887851]   0-None                     (    0)
[163] [    15897852]   0-None                     (    0)
[164] [    15907852]   0-None                     (    0)
[165] [    15917848]   0-None                     (    0)
[166] [    15927853]   0-None                     (    0)
[167] [    15937870]   0-None                     (    0)
[168] [    15947868]   0-None                     (    0)
[169] [    15957867]   0-None                     (    0)
[170] [    15967887]   0-None                     (    0)
[171] [    15977890]   0-None                     (    0)
[172] [    15987894]   0-None                     (    0)
[173] [    15997887]   0-None                     (    0)
[174] [    16007890]   0-None                     (    0)
[175] [    16017888]   0-None                     (    0)
[176] [    16027894]   0-None                     (    0)
[177] [    16037894]   0-None                     (    0)
[178] [    16047907]   0-None                     (    0)
[179] [    16057893]   0-None                     (    0)
[180] [    16067913]   0-None                     (    0)
[181] [    16077915]   0-None                     (    0)
[182] [    16087915]   0-None                     (    0)
[183] [    16097914]   0-None                     (    0)
[184] [    16107935]   0-None                     (    0)
[185] [    16117933]   0-None                     (    0)
[186] [    16127955]   0-None                     (    0)
[187] [    16137953]   0-None                     (    0)
[188] [    16147951]   0-None                     (    0)
[189] [    16157969]   0-None                     (    0)
[190] [    16167973]   0-None                     (    0)
[191] [    16177970]   0-None                     (    0)
[192] [    16187994]   0-None                     (    0)
[193] [    16198009]   0-None                     (    0)
[194] [    16208011]   0-None                     (    0)
[195] [    16218015]   0-None                     (    0)
[196] [    16228016]   0-None                     (    0)
[197] [    16238034]   0-None                     (    0)
[198] [    16248032]   0-None                     (    0)
[199] [    16258032]   0-None                     (    0)
[200] [    16268038]   0-None                     (    0)
[201] [    16278058]   0-None                     (    0)
[202] [    16288055]   0-None                     (    0)
[203] [    16298058]   0-None                     (    0)
[204] [    16308075]   0-None                     (    0)
[205] [    16318073]   0-None                     (    0)
[206] [    16328092]   0-None                     (    0)
[207] [    16338095]   0-None                     (    0)
[208] [    16348113]   0-None                     (    0)
[209] [    16358112]   0-None                     (    0)
[210] [    16368112]   0-None                     (    0)
[211] [    16378134]   0-None                     (    0)
[212] [    16388138]   0-None                     (    0)
[213] [    16398138]   0-None                     (    0)
[214] [    16408152]   0-None                     (    0)
[215] [    16418158]   0-None                     (    0)
[216] [    16428181]   0-None                     (    0)
[217] [    16438178]   0-None                     (    0)
[218] [    16448181]   0-None                     (    0)
[219] [    16458198]   0-None                     (    0)
[220] [    16468197]   0-None                     (    0)
[221] [    16478195]   0-None                     (    0)
[222] [    16488214]   0-None                     (    0)
[223] [    16498216]   0-None                     (    0)
[224] [    16508219]   0-None                     (    0)
[225] [    16518213]   0-None                     (    0)
[226] [    16528216]   0-None                     (    0)
[227] [    16538238]   0-None                     (    0)
[228] [    16548235]   0-None                     (    0)
[229] [    16558255]   0-None                     (    0)
[230] [    16568259]   0-None                     (    0)
[231] [    16578255]   0-None                     (    0)
[232] [    16588279]   0-None                     (    0)
[233] [    16598285]   0-None                     (    0)
[234] [    16608284]   0-None                     (    0)
[235] [    16618304]   0-None                     (    0)
[236] [    16628300]   0-None                     (    0)
[237] [    16638323]   0-None                     (    0)
[238] [    16648321]   0-None                     (    0)
[239] [    16658338]   0-None                     (    0)
[240] [    16668341]   0-None                     (    0)
[241] [    16678358]   0-None                     (    0)
[242] [    16688358]   0-None                     (    0)
[243] [    16698379]   0-None                     (    0)
[244] [    16708384]   0-None                     (    0)
[245] [    16718384]   0-None                     (    0)
[246] [    16728384]   0-None                     (    0)
[247] [    16738404]   0-None                     (    0)
[248] [    16748405]   0-None                     (    0)
[249] [    16758405]   0-None                     (    0)
[250] [    16768405]   0-None                     (    0)
[251] [    16778405]   0-None                     (    0)
[252] [    16788422]   0-None                     (    0)
[253] [    16798423]   0-None                     (    0)
[254] [    16808423]   0-None                     (    0)
[255] [    16818445]   0-None                     (    0)
[  0] [    16828443]   0-None                     (    0)
[  1] [    16838461]   0-None                     (    0)
[  2] [    16848464]   0-None                     (    0)
[  3] [    16858458]   0-None                     (    0)
[  4] [    16868462]   0-None                     (    0)
[  5] [    16878479]   0-None                     (    0)
[  6] [    16888480]   0-None                     (    0)
[  7] [    16898480]   0-None                     (    0)
[  8] [    16908480]   0-None                     (    0)
[  9] [    16918479]   0-None                     (    0)
[ 10] [    16928501]   0-None                     (    0)
[ 11] [    16938499]   0-None                     (    0)
[ 12] [    16948504]   0-None                     (    0)
[ 13] [    16958522]   0-None                     (    0)
[ 14] [    16968527]   0-None                     (    0)
[ 15] [    16978527]   0-None                     (    0)
[ 16] [    16988527]   0-None                     (    0)
[ 17] [    16998527]   0-None                     (    0)
[ 18] [    17008548]   0-None                     (    0)
[ 19] [    17018545]   0-None                     (    0)
[ 20] [    17028528]   0-None                     (    0)
[ 21] [    17038528]   0-None                     (    0)
[ 22] [    17048527]   0-None                     (    0)
[ 23] [    17058547]   0-None                     (    0)
[ 24] [    17068544]   0-None                     (    0)
[ 25] [    17078545]   0-None                     (    0)
[ 26] [    17088545]   0-None                     (    0)
[ 27] [    17098545]   0-None                     (    0)
[ 28] [    17108527]   0-None                     (    0)
[ 29] [    17118527]   0-None                     (    0)
[ 30] [    17128544]   0-None                     (    0)
[ 31] [    17138545]   0-None                     (    0)
[ 32] [    17148540]   0-None                     (    0)
[ 33] [    17158542]   0-None                     (    0)
[ 34] [    17168543]   0-None                     (    0)
[ 35] [    17178548]   0-None                     (    0)
[ 36] [    17188545]   0-None                     (    0)
[ 37] [    17198542]   0-None                     (    0)
[ 38] [    17208543]   0-None                     (    0)
[ 39] [    17218540]   0-None                     (    0)
[ 40] [    17228542]   0-None                     (    0)
[ 41] [    17238545]   0-None                     (    0)
[ 42] [    17248541]   0-None                     (    0)
[ 43] [    17258522]   0-None                     (    0)
[ 44] [    17268523]   0-None                     (    0)
[ 45] [    17278523]   0-None                     (    0)
[ 46] [    17288523]   0-None                     (    0)
[ 47] [    17298523]   0-None                     (    0)
[ 48] [    17308523]   0-None                     (    0)
[ 49] [    17318522]   0-None                     (    0)
[ 50] [    17328522]   0-None                     (    0)
[ 51] [    17338522]   0-None                     (    0)
[ 52] [    17348502]   0-None                     (    0)
[ 53] [    17358514]   0-None                     (    0)
[ 54] [    17368499]   0-None                     (    0)
[ 55] [    17378518]   0-None                     (    0)
[ 56] [    17388517]   0-None                     (    0)
[ 57] [    17398517]   0-None                     (    0)
[ 58] [    17408522]   0-None                     (    0)
[ 59] [    17418518]   0-None                     (    0)
[ 60] [    17428537]   0-None                     (    0)
[ 61] [    17438539]   0-None                     (    0)
[ 62] [    17448535]   0-None                     (    0)
[ 63] [    17458538]   0-None                     (    0)
[ 64] [    17468539]   0-None                     (    0)
[ 65] [    17478542]   0-None                     (    0)
[ 66] [    17488538]   0-None                     (    0)
[ 67] [    17498539]   0-None                     (    0)
[ 68] [    17508536]   0-None                     (    0)
[ 69] [    17518538]   0-None                     (    0)
[ 70] [    17528540]   0-None                     (    0)
[ 71] [    17538557]   0-None                     (    0)
[ 72] [    17548536]   0-None                     (    0)
[ 73] [    17558537]   0-None                     (    0)
[ 74] [    17568558]   0-None                     (    0)
[ 75] [    17578556]   0-None                     (    0)
[ 76] [    17588554]   0-None                     (    0)
[ 77] [    17598559]   0-None                     (    0)
[ 78] [    17608558]   0-None                     (    0)
[ 79] [    17618556]   0-None                     (    0)
[ 80] [    17628553]   0-None                     (    0)
[ 81] [    17638559]   0-None                     (    0)
[ 82] [    17648556]   0-None                     (    0)
[ 83] [    17658554]   0-None                     (    0)
[ 84] [    17668559]   0-None                     (    0)
[ 85] [    17678557]   0-None                     (    0)
[ 86] [    17688556]   0-None                     (    0)
[ 87] [    17698574]   0-None                     (    0)
[ 88] [    17708558]   0-None                     (    0)
[ 89] [    17718577]   0-None                     (    0)
[ 90] [    17728573]   0-None                     (    0)
[ 91] [    17738576]   0-None                     (    0)
[ 92] [    17748572]   0-None                     (    0)
[ 93] [    17758575]   0-None                     (    0)
[ 94] [    17768573]   0-None                     (    0)
[ 95] [    17778576]   0-None                     (    0)
[ 96] [    17788592]   0-None                     (    0)
[ 97] [    17798592]   0-None                     (    0)
[ 98] [    17808592]   0-None                     (    0)
[ 99] [    17818592]   0-None                     (    0)
[100] [    17828592]   0-None                     (    0)
[101] [    17838613]   0-None                     (    0)
[102] [    17848611]   0-None                     (    0)
[103] [    17858616]   0-None                     (    0)
[104] [    17868615]   0-None                     (    0)
[105] [    17878613]   0-None                     (    0)
[106] [    17888611]   0-None                     (    0)
[107] [    17898616]   0-None                     (    0)
[108] [    17908612]   0-None                     (    0)
[109] [    17918632]   0-None                     (    0)
[110] [    17928617]   0-None                     (    0)
[111] [    17938631]   0-None                     (    0)
[112] [    17948616]   0-None                     (    0)
[113] [    17958631]   0-None                     (    0)
[114] [    17968616]   0-None                     (    0)
[115] [    17978635]   0-None                     (    0)
[116] [    17988634]   0-None                     (    0)
[117] [    17998639]   0-None                     (    0)
[118] [    18008632]   0-None                     (    0)
[119] [    18018620]   0-None                     (    0)
[120] [    18028614]   0-None                     (    0)
[121] [    18038611]   0-None                     (    0)
[122] [    18048610]   0-None                     (    0)
[123] [    18058594]   0-None                     (    0)
[124] [    18068607]   0-None                     (    0)
[125] [    18078590]   0-None                     (    0)
[126] [    18088590]   0-None                     (    0)
[127] [    18098590]   0-None                     (    0)
[128] [    18108590]   0-None                     (    0)
[129] [    18118590]   0-None                     (    0)
[130] [    18128569]   0-None                     (    0)
[131] [    18138566]   0-None                     (    0)
[132] [    18148569]   0-None                     (    0)
[133] [    18158566]   0-None                     (    0)
[134] [    18168570]   0-None                     (    0)
[135] [    18178566]   0-None                     (    0)
[136] [    18188549]   0-None                     (    0)
[137] [    18198547]   0-None                     (    0)
[138] [    18208545]   0-None                     (    0)
[139] [    18218550]   0-None                     (    0)
[140] [    18228548]   0-None                     (    0)
[141] [    18238546]   0-None                     (    0)
[142] [    18248543]   0-None                     (    0)
[143] [    18258550]   0-None                     (    0)
[144] [    18268547]   0-None                     (    0)
[145] [    18278545]   0-None                     (    0)
[146] [    18288543]   0-None                     (    0)
[147] [    18298550]   0-None                     (    0)
[148] [    18308549]   0-None                     (    0)
[149] [    18318548]   0-None                     (    0)
[150] [    18328547]   0-None                     (    0)
[151] [    18338566]   0-None                     (    0)
[152] [    18348562]   0-None                     (    0)
[153] [    18358566]   0-None                     (    0)
[154] [    18368562]   0-None                     (    0)
[155] [    18378565]   0-None                     (    0)
[156] [    18388561]   0-None                     (    0)
[157] [    18398565]   0-None                     (    0)
[158] [    18408581]   0-None                     (    0)
[159] [    18418564]   0-None                     (    0)
[160] [    18428566]   0-None                     (    0)
[161] [    18438583]   0-None                     (    0)
[162] [    18448583]   0-None                     (    0)
[163] [    18458583]   0-None                     (    0)
[164] [    18468604]   0-None                     (    0)
[165] [    18478602]   0-None                     (    0)
[166] [    18488607]   0-None                     (    0)
[167] [    18498604]   0-None                     (    0)
[168] [    18508609]   0-None                     (    0)
[169] [    18518623]   0-None                     (    0)
[170] [    18528609]   0-None                     (    0)
[171] [    18538623]   0-None                     (    0)
[172] [    18548628]   0-None                     (    0)
[173] [    18558630]   0-None                     (    0)
[174] [    18568630]   0-None                     (    0)
[175] [    18578649]   0-None                     (    0)
[176] [    18588651]   0-None                     (    0)
[177] [    18598664]   0-None                     (    0)
[178] [    18608669]   0-None                     (    0)
[179] [    18618666]   0-None                     (    0)
[180] [    18628684]   0-None                     (    0)
[181] [    18638688]   0-None                     (    0)
[182] [    18648684]   0-None                     (    0)
[183] [    18658687]   0-None                     (    0)
[184] [    18668704]   0-None                     (    0)
[185] [    18678705]   0-None                     (    0)
[186] [    18688726]   0-None                     (    0)
[187] [    18698731]   0-None                     (    0)
[188] [    18708724]   0-None                     (    0)
[189] [    18718728]   0-None                     (    0)
[190] [    18728747]   0-None                     (    0)
[191] [    18738732]   0-None                     (    0)
[192] [    18748744]   0-None                     (    0)
[193] [    18758750]   0-None                     (    0)
[194] [    18768752]   0-None                     (    0)
[195] [    18778773]   0-None                     (    0)
[196] [    18788770]   0-None                     (    0)
[197] [    18798770]   0-None                     (    0)
[198] [    18808791]   0-None                     (    0)
[199] [    18818788]   0-None                     (    0)
[200] [    18828806]   0-None                     (    0)
[201] [    18838809]   0-None                     (    0)
[202] [    18848806]   0-None                     (    0)
[203] [    18858809]   0-None                     (    0)
[204] [    18868832]   0-None                     (    0)
[205] [    18878833]   0-None                     (    0)
[206] [    18888826]   0-None                     (    0)
[207] [    18898833]   0-None                     (    0)
[208] [    18908830]   0-None                     (    0)
[209] [    18918851]   0-None                     (    0)
[210] [    18928847]   0-None                     (    0)
[211] [    18938846]   0-None                     (    0)
[212] [    18948850]   0-None                     (    0)
[213] [    18958847]   0-None                     (    0)
[214] [    18968845]   0-None                     (    0)
[215] [    18978850]   0-None                     (    0)
[216] [    18988849]   0-None                     (    0)
[217] [    18998847]   0-None                     (    0)
[218] [    19008845]   0-None                     (    0)
[219] [    19018850]   0-None                     (    0)
[220] [    19028847]   0-None                     (    0)
[221] [    19038851]   0-None                     (    0)
[222] [    19048844]   0-None                     (    0)
[223] [    19058848]   0-None                     (    0)
[224] [    19068867]   0-None                     (    0)
[225] [    19078853]   0-None                     (    0)
[226] [    19088865]   0-None                     (    0)
[227] [    19098871]   0-None                     (    0)
[228] [    19108872]   0-None                     (    0)
[229] [    19118872]   0-None                     (    0)
[230] [    19128892]   0-None                     (    0)
[231] [    19138888]   0-None                     (    0)
[232] [    19148890]   0-None                     (    0)
[233] [    19158893]   0-None                     (    0)
[234] [    19168886]   0-None                     (    0)
[235] [    19178907]   0-None                     (    0)
[236] [    19188907]   0-None                     (    0)
[237] [    19198906]   0-None                     (    0)
[238] [    19208911]   0-None                     (    0)
[239] [    19218909]   0-None                     (    0)
[240] [    19228907]   0-None                     (    0)
[241] [    19238905]   0-None                     (    0)
[242] [    19248912]   0-None                     (    0)
[243] [    19258909]   0-None                     (    0)
[244] [    19268927]   0-None                     (    0)
[245] [    19278931]   0-None                     (    0)
[246] [    19288926]   0-None                     (    0)
[247] [    19298929]   0-None                     (    0)
[248] [    19308925]   0-None                     (    0)
[249] [    19318928]   0-None                     (    0)
[250] [    19328924]   0-None                     (    0)
[251] [    19338928]   0-None                     (    0)
[252] [    19348924]   0-None                     (    0)
[253] [    19358947]   0-None                     (    0)
[254] [    19368947]   0-None                     (    0)
[255] [    19378946]   0-None                     (    0)
[  0] [    19388945]   0-None                     (    0)
[  1] [    19398966]   0-None                     (    0)
[  2] [    19408964]   0-None                     (    0)
[  3] [    19418969]   0-None                     (    0)
[  4] [    19428968]   0-None                     (    0)
[  5] [    19438966]   0-None                     (    0)
[  6] [    19448970]   0-None                     (    0)
[  7] [    19458983]   0-None                     (    0)
[  8] [    19468971]   0-None                     (    0)
[  9] [    19478989]   0-None                     (    0)
[ 10] [    19488993]   0-None                     (    0)
[ 11] [    19498989]   0-None                     (    0)
[ 12] [    19509010]   0-None                     (    0)
[ 13] [    19519013]   0-None                     (    0)
[ 14] [    19529009]   0-None                     (    0)
[ 15] [    19539009]   0-None                     (    0)
[ 16] [    19549010]   0-None                     (    0)
[ 17] [    19559027]   0-None                     (    0)
[ 18] [    19569012]   0-None                     (    0)
[ 19] [    19579029]   0-None                     (    0)
[ 20] [    19589028]   0-None                     (    0)
[ 21] [    19599026]   0-None                     (    0)
[ 22] [    19609031]   0-None                     (    0)
[ 23] [    19619048]   0-None                     (    0)
[ 24] [    19629064]   0-None                     (    0)
[ 25] [    19639065]   0-None                     (    0)
[ 26] [    19649066]   0-None                     (    0)
[ 27] [    19659087]   0-None                     (    0)
[ 28] [    19669092]   0-None                     (    0)
[ 29] [    19679092]   0-None                     (    0)
[ 30] [    19689112]   0-None                     (    0)
[ 31] [    19699114]   0-None                     (    0)
[ 32] [    19709135]   0-None                     (    0)
[ 33] [    19719132]   0-None                     (    0)
[ 34] [    19729152]   0-None                     (    0)
[ 35] [    19739150]   0-None                     (    0)
[ 36] [    19749167]   0-None                     (    0)
[ 37] [    19759171]   0-None                     (    0)
[ 38] [    19769173]   0-None                     (    0)
[ 39] [    19779174]   0-None                     (    0)
[ 40] [    19789192]   0-None                     (    0)
[ 41] [    19799189]   0-None                     (    0)
[ 42] [    19809187]   0-None                     (    0)
[ 43] [    19819194]   0-None                     (    0)
[ 44] [    19829214]   0-None                     (    0)
[ 45] [    19839213]   0-None                     (    0)
[ 46] [    19849231]   0-None                     (    0)
[ 47] [    19859236]   0-None                     (    0)
[ 48] [    19869236]   0-None                     (    0)
[ 49] [    19879236]   0-None                     (    0)
[ 50] [    19889256]   0-None                     (    0)
[ 51] [    19899253]   0-None                     (    0)
[ 52] [    19909255]   0-None                     (    0)
[ 53] [    19919255]   0-None                     (    0)
[ 54] [    19929278]   0-None                     (    0)
[ 55] [    19939275]   0-None                     (    0)
[ 56] [    19949272]   0-None                     (    0)
[ 57] [    19959297]   0-None                     (    0)
[ 58] [    19969292]   0-None                     (    0)
[ 59] [    19979294]   0-None                     (    0)
[ 60] [    19989299]   0-None                     (    0)
[ 61] [    19999313]   0-None                     (    0)
[ 62] [    20009313]   0-None                     (    0)
[ 63] [    20019313]   0-None                     (    0)
[ 64] [    20029313]   0-None                     (    0)
[ 65] [    20039334]   0-None                     (    0)
[ 66] [    20049332]   0-None                     (    0)
[ 67] [    20059337]   0-None                     (    0)
[ 68] [    20069336]   0-None                     (    0)
[ 69] [    20079337]   0-None                     (    0)
[ 70] [    20089338]   0-None                     (    0)
[ 71] [    20099356]   0-None                     (    0)
[ 72] [    20109354]   0-None                     (    0)
[ 73] [    20119354]   0-None                     (    0)
[ 74] [    20129354]   0-None                     (    0)
[ 75] [    20139373]   0-None                     (    0)
[ 76] [    20149395]   0-None                     (    0)
[ 77] [    20159393]   0-None                     (    0)
[ 78] [    20169399]   0-None                     (    0)
[ 79] [    20179416]   0-None                     (    0)
[ 80] [    20189412]   0-None                     (    0)
[ 81] [    20199415]   0-None                     (    0)
[ 82] [    20209412]   0-None                     (    0)
[ 83] [    20219416]   0-None                     (    0)
[ 84] [    20229433]   0-None                     (    0)
[ 85] [    20239433]   0-None                     (    0)
[ 86] [    20249433]   0-None                     (    0)
[ 87] [    20259454]   0-None                     (    0)
[ 88] [    20269459]   0-None                     (    0)
[ 89] [    20279473]   0-None                     (    0)
[ 90] [    20289479]   0-None                     (    0)
[ 91] [    20299480]   0-None                     (    0)
[ 92] [    20309480]   0-None                     (    0)
[ 93] [    20319480]   0-None                     (    0)
[ 94] [    20329480]   0-None                     (    0)
[ 95] [    20339500]   0-None                     (    0)
[ 96] [    20349497]   0-None                     (    0)
[ 97] [    20359499]   0-None                     (    0)
[ 98] [    20369520]   0-None                     (    0)
[ 99] [    20379518]   0-None                     (    0)
[100] [    20389517]   0-None                     (    0)
[101] [    20399515]   0-None                     (    0)
[102] [    20409521]   0-None                     (    0)
[103] [    20419519]   0-None                     (    0)
[104] [    20429537]   0-None                     (    0)
[105] [    20439534]   0-None                     (    0)
[106] [    20449537]   0-None                     (    0)
[107] [    20459534]   0-None                     (    0)
[108] [    20469537]   0-None                     (    0)
[109] [    20479540]   0-None                     (    0)
[110] [    20489554]   0-None                     (    0)
[111] [    20499554]   0-None                     (    0)
[112] [    20509554]   0-None                     (    0)
[113] [    20519554]   0-None                     (    0)
[114] [    20529554]   0-None                     (    0)
[115] [    20539554]   0-None                     (    0)
[116] [    20549553]   0-None                     (    0)
[117] [    20559553]   0-None                     (    0)
[118] [    20569553]   0-None                     (    0)
[119] [    20579553]   0-None                     (    0)
[120] [    20589553]   0-None                     (    0)
[121] [    20599553]   0-None                     (    0)
[122] [    20609553]   0-None                     (    0)
[123] [    20619553]   0-None                     (    0)
[124] [    20629552]   0-None                     (    0)
[125] [    20639552]   0-None                     (    0)
[126] [    20649553]   0-None                     (    0)
[127] [    20659553]   0-None                     (    0)
[128] [    20669534]   0-None                     (    0)
[129] [    20679536]   0-None                     (    0)
[130] [    20689531]   0-None                     (    0)
[131] [    20699533]   0-None                     (    0)
[132] [    20709536]   0-None                     (    0)
[133] [    20719529]   0-None                     (    0)
[134] [    20729533]   0-None                     (    0)
[135] [    20739529]   0-None                     (    0)
[136] [    20749532]   0-None                     (    0)
[137] [    20759528]   0-None                     (    0)
[138] [    20769532]   0-None                     (    0)
[139] [    20779528]   0-None                     (    0)
[140] [    20789532]   0-None                     (    0)
[141] [    20799528]   0-None                     (    0)
[142] [    20809532]   0-None                     (    0)
[143] [    20819515]   0-None                     (    0)
[144] [    20829512]   0-None                     (    0)
[145] [    20839510]   0-None                     (    0)
[146] [    20849528]   0-None                     (    0)
[147] [    20859531]   0-None                     (    0)
[148] [    20869527]   0-None                     (    0)
[149] [    20879531]   0-None                     (    0)
[150] [    20889528]   0-None                     (    0)
[151] [    20899531]   0-None                     (    0)
[152] [    20909527]   0-None                     (    0)
[153] [    20919530]   0-None                     (    0)
[154] [    20929533]   0-None                     (    0)
[155] [    20939529]   0-None                     (    0)
[156] [    20949531]   0-None                     (    0)
[157] [    20959533]   0-None                     (    0)
[158] [    20969526]   0-None                     (    0)
[159] [    20979529]   0-None                     (    0)
[160] [    20989525]   0-None                     (    0)
[161] [    20999526]   0-None                     (    0)
[162] [    21009528]   0-None                     (    0)
[163] [    21019531]   0-None                     (    0)
[164] [    21029527]   0-None                     (    0)
[165] [    21039549]   0-None                     (    0)
[166] [    21049548]   0-None                     (    0)
[167] [        5785]   0-None                     (    0)
[168] [       15785]   0-None                     (    0)
[169] [       25784]   0-None                     (    0)
[170] [       35804]   0-None                     (    0)
[171] [       45786]   0-None                     (    0)
[172] [       55784]   0-None                     (    0)
[173] [       65806]   0-None                     (    0)
[174] [       75789]   0-None                     (    0)
[175] [       85810]   0-None                     (    0)
[176] [       95809]   0-None                     (    0)
[177] [      105805]   0-None                     (    0)
[178] [      115810]   0-None                     (    0)
[179] [      125810]   0-None                     (    0)
[180] [      135810]   0-None                     (    0)
[181] [      145788]   0-None                     (    0)
[182] [      155802]   0-None                     (    0)
[183] [      165806]   0-None                     (    0)
[184] [      175804]   0-None                     (    0)
[185] [      185788]   0-None                     (    0)
[186] [      195809]   0-None                     (    0)
[187] [      205802]   0-None                     (    0)
[188] [      215806]   0-None                     (    0)
[189] [      225823]   0-None                     (    0)
[190] [      235830]   0-None                     (    0)
[191] [      245828]   0-None                     (    0)
[192] [      255845]   0-None                     (    0)
[193] [      265847]   0-None                     (    0)
[194] [      275848]   0-None                     (    0)
[195] [      285848]   0-None                     (    0)
[196] [      295851]   0-None                     (    0)
[197] [      305848]   0-None                     (    0)
[198] [      315869]   0-None                     (    0)
[199] [      325866]   0-None                     (    0)
[200] [      335865]   0-None                     (    0)
[201] [      345863]   0-None                     (    0)
[202] [      355870]   0-None                     (    0)
[203] [      365867]   0-None                     (    0)
[204] [      375865]   0-None                     (    0)
[205] [      385864]   0-None                     (    0)
[206] [      395863]   0-None                     (    0)
[207] [      405869]   0-None                     (    0)
[208] [      415866]   0-None                     (    0)
[209] [      425864]   0-None                     (    0)
[210] [      435869]   0-None                     (    0)
[211] [      445866]   0-None                     (    0)
[212] [      455864]   0-None                     (    0)
[213] [      465869]   0-None                     (    0)
[214] [      475866]   0-None                     (    0)
[215] [      485864]   0-None                     (    0)
[216] [      495862]   0-None                     (    0)
[217] [      505868]   0-None                     (    0)
[218] [      515867]   0-None                     (    0)
[219] [      525886]   0-None                     (    0)
[220] [      535884]   0-None                     (    0)
[221] [      545886]   0-None                     (    0)
[222] [      555887]   0-None                     (    0)
[223] [      565881]   0-None                     (    0)
[224] [      575904]   0-None                     (    0)
[225] [      585902]   0-None                     (    0)
[226] [      595902]   0-None                     (    0)
[227] [      605902]   0-None                     (    0)
[228] [      615901]   0-None                     (    0)
[229] [      625901]   0-None                     (    0)
[230] [      635902]   0-None                     (    0)
[231] [      645902]   0-None                     (    0)
[232] [      655901]   0-None                     (    0)
[233] [      665901]   0-None                     (    0)
[234] [      675901]   0-None                     (    0)
[235] [      685901]   0-None                     (    0)
[236] [      695900]   0-None                     (    0)
[237] [      705922]   0-None                     (    0)
[238] [      715905]   0-None                     (    0)
[239] [      725919]   0-None                     (    0)
[240] [      735901]   0-None                     (    0)
[241] [      745902]   0-None                     (    0)
[242] [      755902]   0-None                     (    0)
[243] [      765902]   0-None                     (    0)
[244] [      775901]   0-None                     (    0)
[245] [      785903]   0-None                     (    0)
[246] [      795904]   0-None                     (    0)
[247] [      805904]   0-None                     (    0)
[248] [      815921]   0-None                     (    0)
[249] [      825919]   0-None                     (    0)
[250] [      835925]   0-None                     (    0)
[251] [      845923]   0-None                     (    0)
[252] [      855921]   0-None                     (    0)
[253] [      865939]   0-None                     (    0)
[254] [      875945]   0-None                     (    0)
[255] [      885946]   0-None                     (    0)
[  0] [      895947]   0-None                     (    0)
[  1] [      905946]   0-None                     (    0)
[  2] [      915946]   0-None                     (    0)
[  3] [      925946]   0-None                     (    0)
[  4] [      935946]   0-None                     (    0)
[  5] [      945946]   0-None                     (    0)
[  6] [      955946]   0-None                     (    0)
[  7] [      965945]   0-None                     (    0)
[  8] [      975945]   0-None                     (    0)
[  9] [      985966]   0-None                     (    0)
[ 10] [      995963]   0-None                     (    0)
[ 11] [     1005964]   0-None                     (    0)
[ 12] [     1015961]   0-None                     (    0)
[ 13] [     1025963]   0-None                     (    0)
[ 14] [     1035983]   0-None                     (    0)
[ 15] [     1045981]   0-None                     (    0)
[ 16] [     1055979]   0-None                     (    0)
[ 17] [     1065985]   0-None                     (    0)
[ 18] [     1076003]   0-None                     (    0)
[ 19] [     1085999]   0-None                     (    0)
[ 20] [     1096001]   0-None                     (    0)
[ 21] [     1106003]   0-None                     (    0)
[ 22] [     1115997]   0-None                     (    0)
[ 23] [     1126020]   0-None                     (    0)
[ 24] [     1136017]   0-None                     (    0)
[ 25] [     1146025]   0-None                     (    0)
[ 26] [     1156023]   0-None                     (    0)
[ 27] [     1166022]   0-None                     (    0)
[ 28] [     1176042]   0-None                     (    0)
[ 29] [     1186038]   0-None                     (    0)
[ 30] [     1196043]   0-None                     (    0)
[ 31] [     1206040]   0-None                     (    0)
[ 32] [     1216043]   0-None                     (    0)
[ 33] [     1226062]   0-None                     (    0)
[ 34] [     1236066]   0-None                     (    0)
[ 35] [     1246066]   0-None                     (    0)
[ 36] [     1256066]   0-None                     (    0)
[ 37] [     1266066]   0-None                     (    0)
[ 38] [     1276066]   0-None                     (    0)
[ 39] [     1286086]   0-None                     (    0)
[ 40] [     1296082]   0-None                     (    0)
[ 41] [     1306104]   0-None                     (    0)
[ 42] [     1316121]   0-None                     (    0)
[ 43] [     1326124]   0-None                     (    0)
[ 44] [     1336119]   0-None                     (    0)
[ 45] [     1346142]   0-None                     (    0)
[ 46] [     1356143]   0-None                     (    0)
[ 47] [     1366141]   0-None                     (    0)
[ 48] [     1376141]   0-None                     (    0)
[ 49] [     1386144]   0-None                     (    0)
[ 50] [     1396163]   0-None                     (    0)
[ 51] [     1406164]   0-None                     (    0)
[ 52] [     1416181]   0-None                     (    0)
[ 53] [     1426188]   0-None                     (    0)
[ 54] [     1436187]   0-None                     (    0)
[ 55] [     1446183]   0-None                     (    0)
[ 56] [     1456203]   0-None                     (    0)
[ 57] [     1466205]   0-None                     (    0)
[ 58] [     1476206]   0-None                     (    0)
[ 59] [     1486226]   0-None                     (    0)
[ 60] [     1496224]   0-None                     (    0)
[ 61] [     1506229]   0-None                     (    0)
[ 62] [     1516226]   0-None                     (    0)
[ 63] [     1526243]   0-None                     (    0)
[ 64] [     1536226]   0-None                     (    0)
[ 65] [     1546244]   0-None                     (    0)
[ 66] [     1556246]   0-None                     (    0)
[ 67] [     1566242]   0-None                     (    0)
[ 68] [     1576245]   0-None                     (    0)
[ 69] [     1586248]   0-None                     (    0)
[ 70] [     1596243]   0-None                     (    0)
[ 71] [     1606245]   0-None                     (    0)
[ 72] [     1616248]   0-None                     (    0)
[ 73] [     1626243]   0-None                     (    0)
[ 74] [     1636244]   0-None                     (    0)
[ 75] [     1646248]   0-None                     (    0)
[ 76] [     1656262]   0-None                     (    0)
[ 77] [     1666262]   0-None                     (    0)
[ 78] [     1676263]   0-None                     (    0)
[ 79] [     1686266]   0-None                     (    0)
[ 80] [     1696265]   0-None                     (    0)
[ 81] [     1706287]   0-None                     (    0)
[ 82] [     1716282]   0-None                     (    0)
[ 83] [     1726287]   0-None                     (    0)
[ 84] [     1736305]   0-None                     (    0)
[ 85] [     1746291]   0-None                     (    0)
[ 86] [     1756306]   0-None                     (    0)
[ 87] [     1766311]   0-None                     (    0)
[ 88] [     1776309]   0-None                     (    0)
[ 89] [     1786330]   0-None                     (    0)
[ 90] [     1796327]   0-None                     (    0)
[ 91] [     1806328]   0-None                     (    0)
[ 92] [     1816345]   0-None                     (    0)
[ 93] [     1826344]   0-None                     (    0)
[ 94] [     1836344]   0-None                     (    0)
[ 95] [     1846362]   0-None                     (    0)
[ 96] [     1856366]   0-None                     (    0)
[ 97] [     1866382]   0-None                     (    0)
[ 98] [     1876382]   0-None                     (    0)
[ 99] [     1886382]   0-None                     (    0)
[100] [     1896405]   0-None                     (    0)
[101] [     1906410]   0-None                     (    0)
[102] [     1916410]   0-None                     (    0)
[103] [     1926402]   0-None                     (    0)
[104] [     1936406]   0-None                     (    0)
[105] [     1946426]   0-None                     (    0)
[106] [     1956410]   0-None                     (    0)
[107] [     1966409]   0-None                     (    0)
[108] [     1976422]   0-None                     (    0)
[109] [     1986430]   0-None                     (    0)
[110] [     1996430]   0-None                     (    0)
[111] [     2006430]   0-None                     (    0)
[112] [     2016427]   0-None                     (    0)
[113] [     2026427]   0-None                     (    0)
[114] [     2036433]   0-None                     (    0)
[115] [     2046432]   0-None                     (    0)
[116] [     2056451]   0-None                     (    0)
[117] [     2066448]   0-None                     (    0)
[118] [     2076449]   0-None                     (    0)
[119] [     2086446]   0-None                     (    0)
[120] [     2096448]   0-None                     (    0)
[121] [     2106451]   0-None                     (    0)
[122] [     2116447]   0-None                     (    0)
[123] [     2126468]   0-None                     (    0)
[124] [     2136466]   0-None                     (    0)
[125] [     2146465]   0-None                     (    0)
[126] [     2156471]   0-None                     (    0)
[127] [     2166489]   0-None                     (    0)
[128] [     2176485]   0-None                     (    0)
[129] [     2186507]   0-None                     (    0)
[130] [     2196507]   0-None                     (    0)
[131] [     2206506]   0-None                     (    0)
[132] [     2216528]   0-None                     (    0)
[133] [     2226525]   0-None                     (    0)
[134] [     2236530]   0-None                     (    0)
[135] [     2246551]   0-None                     (    0)
[136] [     2256551]   0-None                     (    0)
[137] [     2266552]   0-None                     (    0)
[138] [     2276552]   0-None                     (    0)
[139] [     2286549]   0-None                     (    0)
[140] [     2296547]   0-None                     (    0)
[141] [     2306551]   0-None                     (    0)
[142] [     2316567]   0-None                     (    0)
[143] [     2326568]   0-None                     (    0)
[144] [     2336572]   0-None                     (    0)
[145] [     2346568]   0-None                     (    0)
[146] [     2356589]   0-None                     (    0)
[147] [     2366586]   0-None                     (    0)
[148] [     2376591]   0-None                     (    0)
[149] [     2386588]   0-None                     (    0)
[150] [     2396586]   0-None                     (    0)
[151] [     2406590]   0-None                     (    0)
[152] [     2416587]   0-None                     (    0)
[153] [     2426585]   0-None                     (    0)
[154] [     2436590]   0-None                     (    0)
[155] [     2446607]   0-None                     (    0)
[156] [     2456609]   0-None                     (    0)
[157] [     2466605]   0-None                     (    0)
[158] [     2476608]   0-None                     (    0)
[159] [     2486611]   0-None                     (    0)
[160] [     2496625]   0-None                     (    0)
[161] [     2506625]   0-None                     (    0)
[162] [     2516623]   0-None                     (    0)
[163] [     2526623]   0-None                     (    0)
[164] [     2536623]   0-None                     (    0)
[165] [     2546623]   0-None                     (    0)
[166] [     2556623]   0-None                     (    0)
[167] [     2566646]   0-None                     (    0)
[168] [     2576631]   0-None                     (    0)
[169] [     2586645]   0-None                     (    0)
[170] [     2596645]   0-None                     (    0)
[171] [     2606651]   0-None                     (    0)
[172] [     2616647]   0-None                     (    0)
[173] [     2626644]   0-None                     (    0)
[174] [     2636650]   0-None                     (    0)
[175] [     2646646]   0-None                     (    0)
[176] [     2656666]   0-None                     (    0)
[177] [     2666651]   0-None                     (    0)
[178] [     2676649]   0-None                     (    0)
[179] [     2686670]   0-None                     (    0)
[180] [     2696669]   0-None                     (    0)
[181] [     2706669]   0-None                     (    0)
[182] [     2716649]   0-None                     (    0)
[183] [     2726669]   0-None                     (    0)
[184] [     2736669]   0-None                     (    0)
[185] [     2746669]   0-None                     (    0)
[186] [     2756670]   0-None                     (    0)
[187] [     2766690]   0-None                     (    0)
[188] [     2776686]   0-None                     (    0)
[189] [     2786688]   0-None                     (    0)
[190] [     2796708]   0-None                     (    0)
[191] [     2806705]   0-None                     (    0)
[192] [     2816710]   0-None                     (    0)
[193] [     2826707]   0-None                     (    0)
[194] [     2836725]   0-None                     (    0)
[195] [     2846727]   0-None                     (    0)
[196] [     2856730]   0-None                     (    0)
[197] [     2866726]   0-None                     (    0)
[198] [     2876727]   0-None                     (    0)
[199] [     2886728]   0-None                     (    0)
[200] [     2896745]   0-None                     (    0)
[201] [     2906751]   0-None                     (    0)
[202] [     2916742]   0-None                     (    0)
[203] [     2926748]   0-None                     (    0)
[204] [     2936747]   0-None                     (    0)
[205] [     2946748]   0-None                     (    0)
[206] [     2956746]   0-None                     (    0)
[207] [     2966746]   0-None                     (    0)
[208] [     2976767]   0-None                     (    0)
[209] [     2986765]   0-None                     (    0)
[210] [     2996763]   0-None                     (    0)
[211] [     3006768]   0-None                     (    0)
[212] [     3016764]   0-None                     (    0)
[213] [     3026784]   0-None                     (    0)
[214] [     3036770]   0-None                     (    0)
[215] [     3046784]   0-None                     (    0)
[216] [     3056789]   0-None                     (    0)
[217] [     3066811]   0-None                     (    0)
[218] [     3076808]   0-None                     (    0)
[219] [     3086809]   0-None                     (    0)
[220] [     3096830]   0-None                     (    0)
[221] [     3106848]   0-None                     (    0)
[222] [     3116844]   0-None                     (    0)
[223] [     3126868]   0-None                     (    0)
[224] [     3136869]   0-None                     (    0)
[225] [     3146890]   0-None                     (    0)
[226] [     3156888]   0-None                     (    0)
[227] [     3166906]   0-None                     (    0)
[228] [     3176912]   0-None                     (    0)
[229] [     3186909]   0-None                     (    0)
[230] [     3196913]   0-None                     (    0)
[231] [     3206929]   0-None                     (    0)
[232] [     3216932]   0-None                     (    0)
[233] [     3226955]   0-None                     (    0)
[234] [     3236953]   0-None                     (    0)
[235] [     3246972]   0-None                     (    0)
[236] [     3256968]   0-None                     (    0)
[237] [     3266992]   0-None                     (    0)
[238] [     3276992]   0-None                     (    0)
[239] [     3287013]   0-None                     (    0)
[240] [     3297011]   0-None                     (    0)
[241] [     3307030]   0-None                     (    0)
[242] [     3317056]   0-None                     (    0)
[243] [     3327059]   0-None                     (    0)
[244] [     3337075]   0-None                     (    0)
[245] [     3347093]   0-None                     (    0)
[246] [     3357096]   0-None                     (    0)
[247] [     3367112]   0-None                     (    0)
[248] [     3377133]   0-None                     (    0)
[249] [     3387135]   0-None                     (    0)
[250] [     3397139]   0-None                     (    0)
[251] [     3407157]   0-None                     (    0)
[252] [     3417162]   0-None                     (    0)
[253] [     3427182]   0-None                     (    0)
[254] [     3437199]   0-None                     (    0)
[255] [     3447196]   0-None                     (    0)
[  0] [     3457221]   0-None                     (    0)
[  1] [     3467217]   0-None                     (    0)
[  2] [     3477239]   0-None                     (    0)
[  3] [     3487241]   0-None                     (    0)
[  4] [     3497242]   0-None                     (    0)
[  5] [     3507264]   0-None                     (    0)
[  6] [     3517262]   0-None                     (    0)
[  7] [     3527280]   0-None                     (    0)
[  8] [     3537279]   0-None                     (    0)
[  9] [     3547284]   0-None                     (    0)
[ 10] [     3557305]   0-None                     (    0)
[ 11] [     3567302]   0-None                     (    0)
[ 12] [     3577303]   0-None                     (    0)
[ 13] [     3587325]   0-None                     (    0)
[ 14] [     3597322]   0-None                     (    0)
[ 15] [     3607339]   0-None                     (    0)
[ 16] [     3617342]   0-None                     (    0)
[ 17] [     3627338]   0-None                     (    0)
[ 18] [     3637342]   0-None                     (    0)
[ 19] [     3647338]   0-None                     (    0)
[ 20] [     3657341]   0-None                     (    0)
[ 21] [     3667344]   0-None                     (    0)
[ 22] [     3677359]   0-None                     (    0)
[ 23] [     3687359]   0-None                     (    0)
[ 24] [     3697380]   0-None                     (    0)
[ 25] [     3707383]   0-None                     (    0)
[ 26] [     3717380]   0-None                     (    0)
[ 27] [     3727385]   0-None                     (    0)
[ 28] [     3737405]   0-None                     (    0)
[ 29] [     3747406]   0-None                     (    0)
[ 30] [     3757406]   0-None                     (    0)
[ 31] [     3767426]   0-None                     (    0)
