[188] [    13587591] 1 | True  True 00 ( 1353,  238)   4   675  1216
[189] [    13597597] 1 | True  True 00 ( 1357,  241)   3   650  1288
[190] [    13607595] 1 | True  True 00 ( 1365,  248)   4   660  1144
[191] [    13617594] 1 | True  True 00 ( 1373,  257)   4   713  1164
[192] [    13627580] 1 | True  True 00 ( 1381,  267)   4   732  1084
[193] [    13637581] 1 | True  True 00 ( 1389,  280)   5   781  1028
[194] [    13647574] 1 | True  True 00 ( 1397,  294)   4   729   940
[195] [    13657575] 1 | True  True 00 ( 1404,  310)   5   789  1104
[196] [    13667577] 1 | True  True 00 ( 1409,  328)   6   866  1412
[197] [    13677575] 1 | True  True 00 ( 1414,  348)   5   766  1504
[198] [    13687587] 1 | True  True 00 ( 1420,  364)   4   703  1612
[199] [    13697570] 1 | True  True 00 ( 1424,  378)   4   707  1448
[200] [    13707571] 1 | True  True 00 ( 1428,  394)   4   759  1232
[201] [    13717573] 1 | True  True 00 ( 1430,  411)   4   752  1244
[202] [    13727573] 1 | True  True 00 ( 1431,  429)   4   789  1544
[203] [    13737573] 1 | True  True 00 ( 1430,  447)   4   707  1512
[204] [    13747573] 1 | True  True 00 ( 1431,  466)   3   656  1688
[205] [    13757573] 1 | True  True 00 ( 1430,  483)   4   743  1316
[206] [    13767573] 1 | True  True 00 ( 1428,  501)   4   773  1100
[207] [    13777553] 1 | True  True 00 ( 1427,  519)   4   730  1108
[208] [    13787568] 1 | True  True 00 ( 1425,  536)   4   757  1272
[209] [    13797567] 1 | True  True 00 ( 1423,  557)   2   530  1328
[210] [    13807553] 1 | True  True 00 ( 1420,  575)   5   763  1348
[211] [    13817564] 1 | True  True 00 ( 1416,  591)   5   797  1144
[212] [    13827552] 1 | True  True 00 ( 1409,  607)   4   748  1000
[213] [    13837548] 1 | True  True 00 ( 1401,  623)   4   738   984
[214] [    13847542] 1 | True  True 00 ( 1390,  638)   6   807  1208
[215] [    13857551] 1 | True  True 00 ( 1377,  653)   4   685  1404
[216] [    13867561] 1 | True  True 00 ( 1363,  667)   3   654  1584
[217] [    13877550] 1 | True  True 00 ( 1351,  681)   4   647  1496
[218] [    13887564] 1 | True  True 00 ( 1338,  695)   4   700  1368
[219] [    13897550] 1 | True  True 00 ( 1325,  708)   4   713  1136
[220] [    13907541] 1 | True  True 00 ( 1312,  718)   4   736  1152
[221] [    13917546] 1 | True  True 00 ( 1296,  728)   5   778  1280
[222] [    13927546] 1 | True  True 00 ( 1278,  736)   5   789  1388
[223] [    13937546] 1 | True  True 00 ( 1260,  744)   4   771  1316
[224] [    13947543] 1 | True  True 00 ( 1243,  752)   4   759  1028
[225] [    13957540] 1 | True  True 00 ( 1226,  758)   4   741   784
[226] [    13967546] 1 | True  True 00 ( 1210,  765)   4   756   916
[227] [    13977545] 1 | True  True 00 ( 1192,  770)   6   836  1080
[228] [    13987564] 1 | True  True 00 ( 1173,  774)   5   801  1264
[229] [    13997550] 1 | True  True 00 ( 1154,  777)   4   776  1280
[230] [    14007540] 1 | True  True 00 ( 1137,  778)   4   770  1096
[231] [    14017545] 1 | True  True 00 ( 1120,  778)   4   783   916
[232] [    14027542] 1 | True  True 00 ( 1104,  779)   4   767   952
[233] [    14037539] 1 | True  True 00 ( 1087,  778)   4   725  1040
[234] [    14047545] 1 | True  True 00 ( 1067,  777)   6   813  1160
[235] [    14057545] 1 | True  True 00 ( 1050,  775)   4   762  1196
[236] [    14067545] 1 | True  True 00 ( 1032,  772)   4   768  1160
[237] [    14077545] 1 | True  True 00 ( 1016,  767)   4   756  1108
[238] [    14087545] 1 | True  True 00 ( 1000,  762)   4   723  1004
[239] [    14097545] 1 | True  True 00 (  983,  756)   4   707  1264
[240] [    14107538] 1 | True  True 00 (  967,  749)   4   717  1492
[241] [    14117537] 1 | True  True 00 (  950,  742)   5   723  1648
[242] [    14127540] 1 | True  True 00 (  933,  733)   4   702  1648
[243] [    14137561] 1 | True  True 00 (  919,  723)   4   707  1440
[244] [    14147547] 1 | True  True 00 (  906,  713)   4   712  1180
[245] [    14157557] 1 | True  True 00 (  893,  701)   4   713   816
[246] [    14167565] 1 | True  True 00 (  880,  687)   4   702   880
[247] [    14177566] 1 | True  True 00 (  868,  673)   4   707  1160
[248] [    14187566] 1 | True  True 00 (  858,  658)   5   771  1316
[249] [    14197567] 1 | True  True 00 (  847,  646)   4   651  1492
[250] [    14207566] 1 | True  True 00 (  836,  632)   5   707  1580
[251] [    14217567] 1 | True  True 00 (  824,  617)   3   597  1476
[252] [    14227587] 1 | True  True 00 (  815,  602)   4   660  1176
[253] [    14237584] 1 | True  True 00 (  807,  584)   4   716  1168
[254] [    14247587] 1 | True  True 00 (  800,  565)   5   847  1688
[255] [    14257603] 1 | True  True 00 (  795,  546)   3   593  1472
[  0] [    14267603] 1 | True  True 00 (  792,  527)   3   584  1384
[  1] [    14277601] 1 | True  True 00 (  790,  508)   4   677  1348
[  2] [    14287599] 1 | True  True 00 (  788,  491)   4   804  1312
[  3] [    14297586] 1 | True  True 00 (  788,  470)   3   632  1284
[  4] [    14307603] 1 | True  True 00 (  788,  450)   3   656  1484
[  5] [    14317601] 1 | True  True 00 (  788,  434)   3   706  1668
[  6] [    14327600] 1 | True  True 00 (  788,  421)   5   768  1612
[  7] [    14337598] 1 | True  True 00 (  787,  405)   4   735  1576
[  8] [    14347606] 1 | True  True 00 (  790,  386)   4   748  1356
[  9] [    14357624] 1 | True  True 00 (  792,  369)   4   738  1220
[ 10] [    14367621] 1 | True  True 00 (  795,  352)   5   755  1368
[ 11] [    14377624] 1 | True  True 00 (  803,  335)   4   700  1312
[ 12] [    14387640] 1 | True  True 00 (  813,  319)   4   672  1240
[ 13] [    14397640] 1 | True  True 00 (  825,  303)   4   717  1168
[ 14] [    14407641] 1 | True  True 00 (  836,  288)   4   718  1044
[ 15] [    14417644] 1 | True  True 00 (  846,  273)   4   725   992
[ 16] [    14427644] 1 | True  True 00 (  857,  258)   4   721   976
[ 17] [    14437660] 1 | True  True 00 (  868,  244)   4   728  1188
[ 18] [    14447659] 1 | True  True 00 (  878,  231)   4   728  1452
[ 19] [    14457666] 1 | True  True 00 (  890,  219)   4   691  1416
[ 20] [    14467679] 1 | True  True 00 (  904,  207)   4   678  1328
[ 21] [    14477688] 1 | True  True 00 (  922,  195)   5   752  1116
[ 22] [    14487688] 1 | True  True 00 (  939,  185)   5   705  1232
[ 23] [    14497687] 1 | True  True 00 (  955,  175)   4   689  1480
[ 24] [    14507687] 1 | True  True 00 (  970,  167)   4   713  1588
[ 25] [    14517688] 1 | True  True 00 (  983,  159)   3   649  1552
[ 26] [    14527687] 1 | True  True 00 ( 1001,  152)   4   680  1232
[ 27] [    14537686] 1 | True  True 00 ( 1019,  146)   4   699  1092
[ 28] [    14547687] 1 | True  True 00 ( 1037,  141)   4   737   988
[ 29] [    14557687] 1 | True  True 00 ( 1055,  138)   4   762  1240
[ 30] [    14567707] 1 | True  True 00 ( 1073,  136)   4   709  1404
[ 31] [    14577704] 1 | True  True 00 ( 1089,  134)   3   656  1404
[ 32] [    14587705] 1 | True  True 00 ( 1106,  132)   5   780  1312
[ 33] [    14597702] 1 | True  True 00 ( 1126,  132)   4   738  1008
[ 34] [    14607704] 1 | True  True 00 ( 1145,  133)   4   734  1092
[ 35] [    14617722] 1 | True  True 00 ( 1163,  135)   4   743  1312
[ 36] [    14627721] 1 | True  True 00 ( 1180,  138)   4   698  1496
[ 37] [    14637721] 1 | True  True 00 ( 1195,  141)   4   743  1752
[ 38] [    14647721] 1 | True  True 00 ( 1210,  145)   5   766  1460
[ 39] [    14657720] 1 | True  True 00 ( 1229,  151)   4   736  1296
[ 40] [    14667719] 1 | True  True 00 ( 1247,  158)   5   784  1132
[ 41] [    14677726] 1 | True  True 00 ( 1264,  167)   4   743  1276
[ 42] [    14687725] 1 | True  True 00 ( 1280,  175)   4   738  1316
[ 43] [    14697743] 1 | True  True 00 ( 1295,  186)   4   756  1276
[ 44] [    14707739] 1 | True  True 00 ( 1308,  196)   4   738  1200
[ 45] [    14717741] 1 | True  True 00 ( 1321,  207)   4   702  1288
[ 46] [    14727723] 1 | True  True 00 ( 1336,  220)   4   689  1252
[ 47] [    14737722] 1 | True  True 00 ( 1352,  233)   4   709  1216
[ 48] [    14747721] 1 | True  True 00 ( 1365,  247)   4   709  1144
[ 49] [    14757718] 1 | True  True 00 ( 1377,  261)   5   794  1188
[ 50] [    14767704] 1 | True  True 00 ( 1387,  276)   4   728  1064
[ 51] [    14777720] 1 | True  True 00 ( 1395,  292)   5   811   960
[ 52] [    14787718] 1 | True  True 00 ( 1403,  309)   5   816  1176
[ 53] [    14797724] 1 | True  True 00 ( 1410,  325)   5   811  1432
[ 54] [    14807723] 1 | True  True 00 ( 1416,  342)   6   838  1648
[ 55] [    14817741] 1 | True  True 00 ( 1422,  359)   3   664  1612
[ 56] [    14827738] 1 | True  True 00 ( 1425,  373)   3   667  1484
[ 57] [    14837741] 1 | True  True 00 ( 1427,  389)   4   760  1268
[ 58] [    14847738] 1 | True  True 00 ( 1428,  408)   4   841  1384
[ 59] [    14857741] 1 | True  True 00 ( 1430,  427)   4   763  1492
[ 60] [    14867757] 1 | True  True 00 ( 1432,  445)   4   639  1476
[ 61] [    14877758] 1 | True  True 00 ( 1433,  464)   3   679  1688
[ 62] [    14887758] 1 | True  True 00 ( 1433,  483)   4   750  1456
[ 63] [    14897758] 1 | True  True 00 ( 1431,  500)   4   786  1260
[ 64] [    14907758] 1 | True  True 00 ( 1431,  519)   4   748  1164
[ 65] [    14917757] 1 | True  True 00 ( 1426,  535)   5   825  1272
[ 66] [    14927757] 1 | True  True 00 ( 1424,  552)   3   640  1328
[ 67] [    14937737] 1 | True  True 00 ( 1419,  568)   5   812  1348
[ 68] [    14947739] 1 | True  True 00 ( 1414,  585)   4   708  1092
[ 69] [    14957756] 1 | True  True 00 ( 1407,  600)   6   859   984
[ 70] [    14967757] 1 | True  True 00 ( 1399,  615)   5   766   948
[ 71] [    14977756] 1 | True  True 00 ( 1389,  631)   4   707  1136
[ 72] [    14987757] 1 | True  True 00 ( 1375,  647)   5   783  1440
[ 73] [    14997757] 1 | True  True 00 ( 1362,  662)   4   704  1568
[ 74] [    15007758] 1 | True  True 00 ( 1350,  677)   3   629  1604
[ 75] [    15017759] 1 | True  True 00 ( 1339,  690)   5   726  1424
[ 76] [    15027761] 1 | True  True 00 ( 1327,  704)   4   731  1260
[ 77] [    15037757] 1 | True  True 00 ( 1314,  716)   5   808  1116
[ 78] [    15047755] 1 | True  True 00 ( 1297,  726)   5   782  1316
[ 79] [    15057775] 1 | True  True 00 ( 1277,  735)   5   785  1336
[ 80] [    15067782] 1 | True  True 00 ( 1260,  744)   4   772  1300
[ 81] [    15077780] 1 | True  True 00 ( 1244,  752)   4   772  1080
[ 82] [    15087777] 1 | True  True 00 ( 1228,  759)   4   773   856
[ 83] [    15097775] 1 | True  True 00 ( 1212,  765)   4   774   916
[ 84] [    15107758] 1 | True  True 00 ( 1196,  770)   4   715  1044
[ 85] [    15117779] 1 | True  True 00 ( 1176,  774)   5   791  1280
[ 86] [    15127776] 1 | True  True 00 ( 1158,  776)   4   777  1352
[ 87] [    15137752] 1 | True  True 00 ( 1140,  778)   4   798  1188
[ 88] [    15147754] 1 | True  True 00 ( 1123,  779)   4   802  1008
[ 89] [    15157754] 1 | True  True 00 ( 1107,  780)   4   776   932
[ 90] [    15167754] 1 | True  True 00 ( 1089,  780)   5   806  1076
[ 91] [    15177754] 1 | True  True 00 ( 1069,  778)   6   854  1148
[ 92] [    15187754] 1 | True  True 00 ( 1049,  776)   4   805  1284
[ 93] [    15197754] 1 | True  True 00 ( 1032,  773)   4   764  1196
[ 94] [    15207754] 1 | True  True 00 ( 1016,  769)   4   766  1088
[ 95] [    15217753] 1 | True  True 00 ( 1001,  764)   4   774   984
[ 96] [    15227753] 1 | True  True 00 (  986,  758)   4   739  1248
[ 97] [    15237753] 1 | True  True 00 (  969,  751)   4   739  1440
[ 98] [    15247753] 1 | True  True 00 (  953,  744)   5   759  1700
[ 99] [    15257753] 1 | True  True 00 (  936,  735)   4   672  1576
[100] [    15267753] 1 | True  True 00 (  921,  724)   4   712  1492
[101] [    15277752] 1 | True  True 00 (  907,  713)   4   746  1212
[102] [    15287752] 1 | True  True 00 (  895,  701)   4   726   884
[103] [    15297754] 1 | True  True 00 (  882,  688)   4   749   896
[104] [    15307756] 1 | True  True 00 (  871,  674)   4   732  1072
[105] [    15317755] 1 | True  True 00 (  859,  661)   5   764  1264
[106] [    15327736] 1 | True  True 00 (  848,  645)   6   817  1512
[107] [    15337751] 1 | True  True 00 (  835,  629)   6   793  1528
[108] [    15347736] 1 | True  True 00 (  825,  610)   5   793  1404
[109] [    15357752] 1 | True  True 00 (  815,  596)   4   714  1284
[110] [    15367732] 1 | True  True 00 (  807,  582)   4   738  1184
[111] [    15377729] 1 | True  True 00 (  799,  564)   4   801  1580
[112] [    15387733] 1 | True  True 00 (  795,  548)   4   664  1508
[113] [    15397729] 1 | True  True 00 (  791,  531)   4   680  1436
[114] [    15407733] 1 | True  True 00 (  787,  513)   4   733  1472
[115] [    15417729] 1 | True  True 00 (  786,  494)   4   700  1096
[116] [    15427733] 1 | True  True 00 (  786,  471)   3   636  1264
[117] [    15437730] 1 | True  True 00 (  786,  453)   4   759  1468
[118] [    15447712] 1 | True  True 00 (  785,  436)   4   723  1632
[119] [    15457730] 1 | True  True 00 (  784,  422)   5   819  1704
[120] [    15467714] 1 | True  True 00 (  785,  405)   4   749  1668
[121] [    15477714] 1 | True  True 00 (  788,  388)   4   749  1412
[122] [    15487732] 1 | True  True 00 (  790,  371)   4   748  1204
[123] [    15497730] 1 | True  True 00 (  794,  354)   5   789  1348
[124] [    15507727] 1 | True  True 00 (  802,  337)   4   714  1460
[125] [    15517731] 1 | True  True 00 (  812,  321)   4   690  1332
[126] [    15527728] 1 | True  True 00 (  824,  306)   4   701  1168
[127] [    15537751] 1 | True  True 00 (  835,  290)   4   754  1128
[128] [    15547751] 1 | True  True 00 (  846,  275)   4   752  1060
[129] [    15557750] 1 | True  True 00 (  856,  262)   4   740  1028
[130] [    15567751] 1 | True  True 00 (  867,  247)   4   759  1240
[131] [    15577750] 1 | True  True 00 (  876,  233)   4   755  1400
[132] [    15587751] 1 | True  True 00 (  887,  220)   4   704  1524
[133] [    15597752] 1 | True  True 00 (  901,  208)   4   651  1292
[134] [    15607754] 1 | True  True 00 (  919,  197)   4   740  1240
[135] [    15617755] 1 | True  True 00 (  936,  185)   4   700  1288
[136] [    15627769] 1 | True  True 00 (  952,  176)   4   712  1464
[137] [    15637768] 1 | True  True 00 (  966,  168)   4   734  1588
[138] [    15647767] 1 | True  True 00 (  981,  160)   4   719  1656
[139] [    15657773] 1 | True  True 00 (  997,  153)   5   781  1340
[140] [    15667771] 1 | True  True 00 ( 1016,  148)   4   722  1112
[141] [    15677768] 1 | True  True 00 ( 1035,  143)   4   759  1044
[142] [    15687788] 1 | True  True 00 ( 1053,  140)   4   775  1224
[143] [    15697774] 1 | True  True 00 ( 1069,  137)   4   782  1368
[144] [    15707787] 1 | True  True 00 ( 1085,  135)   5   800  1512
[145] [    15717773] 1 | True  True 00 ( 1103,  134)   5   811  1312
[146] [    15727787] 1 | True  True 00 ( 1123,  133)   4   752  1116
[147] [    15737773] 1 | True  True 00 ( 1143,  133)   4   776  1076
[148] [    15747787] 1 | True  True 00 ( 1161,  135)   4   734  1332
[149] [    15757772] 1 | True  True 00 ( 1179,  138)   4   757  1640
[150] [    15767786] 1 | True  True 00 ( 1194,  141)   4   720  1712
[151] [    15777772] 1 | True  True 00 ( 1209,  145)   5   751  1532
[152] [    15787786] 1 | True  True 00 ( 1228,  151)   5   794  1332
[153] [    15797792] 1 | True  True 00 ( 1247,  159)   5   820  1224
[154] [    15807794] 1 | True  True 00 ( 1264,  167)   4   779  1332
[155] [    15817793] 1 | True  True 00 ( 1279,  175)   4   783  1368
[156] [    15827794] 1 | True  True 00 ( 1294,  184)   4   761  1352
[157] [    15837814] 1 | True  True 00 ( 1307,  195)   4   783  1224
[158] [    15847831] 1 | True  True 00 ( 1320,  207)   5   797  1308
[159] [    15857830] 1 | True  True 00 ( 1333,  219)   4   737  1288
[160] [    15867829] 1 | True  True 00 ( 1348,  232)   4   733  1272
[161] [    15877848] 1 | True  True 00 ( 1363,  246)   4   732  1200
[162] [    15887851] 1 | True  True 00 ( 1375,  260)   4   759  1208
[163] [    15897852] 1 | True  True 00 ( 1385,  274)   4   763  1116
[164] [    15907852] 1 | True  True 00 ( 1394,  289)   4   775   992
[165] [    15917848] 1 | True  True 00 ( 1402,  306)   5   861  1160
[166] [    15927853] 1 | True  True 00 ( 1409,  323)   5   820  1448
[167] [    15937870] 1 | True  True 00 ( 1415,  342)   6   838  1540
[168] [    15947868] 1 | True  True 00 ( 1419,  362)   5   834  1612
[169] [    15957867] 1 | True  True 00 ( 1422,  380)   4   815  1556
[170] [    15967887] 1 | True  True 00 ( 1427,  394)   4   758  1376
[171] [    15977890] 1 | True  True 00 ( 1429,  411)   4   842  1352
[172] [    15987894] 1 | True  True 00 ( 1430,  428)   4   777  1528
[173] [    15997887] 1 | True  True 00 ( 1429,  444)   5   808  1544
[174] [    16007890] 1 | True  True 00 ( 1429,  462)   5   730  1456
[175] [    16017888] 1 | True  True 00 ( 1430,  479)   4   724  1528
[176] [    16027894] 1 | True  True 00 ( 1431,  497)   4   791  1420
[177] [    16037894] 1 | True  True 00 ( 1431,  514)   4   811  1164
[178] [    16047907] 1 | True  True 00 ( 1427,  531)   4   753  1236
[179] [    16057893] 1 | True  True 00 ( 1425,  549)   4   713  1400
[180] [    16067913] 1 | True  True 00 ( 1419,  565)   4   721  1308
[181] [    16077915] 1 | True  True 00 ( 1414,  582)   4   744  1220
[182] [    16087915] 1 | True  True 00 ( 1408,  600)   4   752  1036
[183] [    16097914] 1 | True  True 00 ( 1400,  617)   5   796  1000
[184] [    16107935] 1 | True  True 00 ( 1390,  632)   4   716  1116
[185] [    16117933] 1 | True  True 00 ( 1378,  645)   7   904  1332
[186] [    16127955] 1 | True  True 00 ( 1365,  659)   4   716  1584
[187] [    16137953] 1 | True  True 00 ( 1352,  674)   3   664  1640
[188] [    16147951] 1 | True  True 00 ( 1339,  689)   5   752  1496
[189] [    16157969] 1 | True  True 00 ( 1328,  702)   4   749  1352
[190] [    16167973] 1 | True  True 00 ( 1315,  714)   4   746  1100
[191] [    16177970] 1 | True  True 00 ( 1300,  725)   5   786  1260
[192] [    16187994] 1 | True  True 00 ( 1283,  734)   4   733  1424
[193] [    16198009] 1 | True  True 00 ( 1265,  742)   4   799  1408
[194] [    16208011] 1 | True  True 00 ( 1248,  750)   4   780  1116
[195] [    16218015] 1 | True  True 00 ( 1232,  757)   4   786   920
[196] [    16228016] 1 | True  True 00 ( 1216,  763)   4   782   840
[197] [    16238034] 1 | True  True 00 ( 1199,  768)   5   832  1136
[198] [    16248032] 1 | True  True 00 ( 1181,  774)   4   733  1316
[199] [    16258032] 1 | True  True 00 ( 1161,  777)   4   800  1392
[200] [    16268038] 1 | True  True 00 ( 1144,  779)   4   795  1264
[201] [    16278058] 1 | True  True 00 ( 1127,  780)   4   774  1044
[202] [    16288055] 1 | True  True 00 ( 1110,  780)   4   794   880
[203] [    16298058] 1 | True  True 00 ( 1092,  779)   4   792  1112
[204] [    16308075] 1 | True  True 00 ( 1074,  777)   5   806  1196
[205] [    16318073] 1 | True  True 00 ( 1054,  775)   4   789  1252
[206] [    16328092] 1 | True  True 00 ( 1036,  773)   4   787  1232
[207] [    16338095] 1 | True  True 00 ( 1020,  768)   4   758  1108
[208] [    16348113] 1 | True  True 00 ( 1003,  763)   4   781  1004
[209] [    16358112] 1 | True  True 00 (  988,  758)   4   756  1212
[210] [    16368112] 1 | True  True 00 (  971,  751)   4   738  1472
[211] [    16378134] 1 | True  True 00 (  954,  744)   5   772  1648
[212] [    16388138] 1 | True  True 00 (  939,  736)   5   744  1716
[213] [    16398138] 1 | True  True 00 (  924,  727)   4   690  1492
[214] [    16408152] 1 | True  True 00 (  910,  716)   4   716  1212
[215] [    16418158] 1 | True  True 00 (  898,  704)   4   738   988
[216] [    16428181] 1 | True  True 00 (  885,  691)   4   726   808
[217] [    16438178] 1 | True  True 00 (  873,  677)   4   749  1072
[218] [    16448181] 1 | True  True 00 (  861,  662)   6   841  1300
[219] [    16458198] 1 | True  True 00 (  849,  647)   5   764  1460
[220] [    16468197] 1 | True  True 00 (  837,  633)   7   856  1580
[221] [    16478195] 1 | True  True 00 (  825,  617)   4   703  1460
[222] [    16488214] 1 | True  True 00 (  815,  603)   5   735  1284
[223] [    16498216] 1 | True  True 00 (  810,  585)   3   627  1328
[224] [    16508219] 1 | True  True 00 (  806,  566)   7   973  1708
[225] [    16518213] 1 | True  True 00 (  801,  547)   5   799  1780
[226] [    16528216] 1 | True  True 00 (  795,  529)   3   744  1904
[227] [    16538238] 1 | True  True 00 (  791,  513)   5   790  1492
[228] [    16548235] 1 | True  True 00 (  786,  495)   4   762  1132
[229] [    16558255] 1 | True  True 00 (  784,  478)   4   800  1192
[230] [    16568259] 1 | True  True 00 (  783,  460)   4   758  1432
[231] [    16578255] 1 | True  True 00 (  783,  443)   4   786  1688
[232] [    16588279] 1 | True  True 00 (  784,  425)   3   644  1704
[233] [    16598285] 1 | True  True 00 (  785,  407)   4   754  1668
[234] [    16608284] 1 | True  True 00 (  787,  389)   4   808  1520
[235] [    16618304] 1 | True  True 00 (  790,  372)   4   739  1192
[236] [    16628300] 1 | True  True 00 (  795,  355)   5   771  1368
[237] [    16638323] 1 | True  True 00 (  802,  338)   4   733  1460
[238] [    16648321] 1 | True  True 00 (  811,  322)   5   799  1496
[239] [    16658338] 1 | True  True 00 (  822,  306)   5   781  1240
[240] [    16668341] 1 | True  True 00 (  834,  290)   4   741  1096
[241] [    16678358] 1 | True  True 00 (  845,  275)   4   748  1080
[242] [    16688358] 1 | True  True 00 (  855,  260)   4   751   976
[243] [    16698379] 1 | True  True 00 (  865,  246)   4   786  1188
[244] [    16708384] 1 | True  True 00 (  876,  233)   4   723  1416
[245] [    16718384] 1 | True  True 00 (  887,  221)   4   738  1524
[246] [    16728384] 1 | True  True 00 (  900,  209)   4   735  1436
[247] [    16738404] 1 | True  True 00 (  916,  198)   5   770  1204
[248] [    16748405] 1 | True  True 00 (  933,  187)   4   699  1232
[249] [    16758405] 1 | True  True 00 (  950,  178)   5   702  1356
[250] [    16768405] 1 | True  True 00 (  966,  169)   4   716  1568
[251] [    16778405] 1 | True  True 00 (  980,  161)   4   700  1588
[252] [    16788422] 1 | True  True 00 (  996,  155)   4   717  1464
[253] [    16798423] 1 | True  True 00 ( 1014,  148)   4   734  1164
[254] [    16808423] 1 | True  True 00 ( 1033,  143)   4   746   972
[255] [    16818445] 1 | True  True 00 ( 1051,  139)   4   739  1224
[  0] [    16828443] 1 | True  True 00 ( 1069,  137)   4   762  1420
[  1] [    16838461] 1 | True  True 00 ( 1085,  134)   5   792  1440
[  2] [    16848464] 1 | True  True 00 ( 1102,  133)   4   757  1312
[  3] [    16858458] 1 | True  True 00 ( 1122,  132)   5   814  1132
[  4] [    16868462] 1 | True  True 00 ( 1141,  134)   4   769  1112
[  5] [    16878479] 1 | True  True 00 ( 1159,  136)   4   770  1384
[  6] [    16888480] 1 | True  True 00 ( 1177,  138)   4   761  1604
[  7] [    16898480] 1 | True  True 00 ( 1192,  139)   4   763  1752
[  8] [    16908480] 1 | True  True 00 ( 1208,  143)   5   812  1660
[  9] [    16918479] 1 | True  True 00 ( 1227,  150)   4   722  1348
[ 10] [    16928501] 1 | True  True 00 ( 1245,  157)   5   779  1148
[ 11] [    16938499] 1 | True  True 00 ( 1263,  165)   4   752  1296
[ 12] [    16948504] 1 | True  True 00 ( 1278,  174)   4   788  1404
[ 13] [    16958522] 1 | True  True 00 ( 1292,  183)   4   806  1352
[ 14] [    16968527] 1 | True  True 00 ( 1306,  193)   4   768  1276
[ 15] [    16978527] 1 | True  True 00 ( 1318,  205)   4   736  1272
[ 16] [    16988527] 1 | True  True 00 ( 1333,  217)   4   727  1308
[ 17] [    16998527] 1 | True  True 00 ( 1348,  230)   5   769  1272
[ 18] [    17008548] 1 | True  True 00 ( 1362,  244)   4   735  1216
[ 19] [    17018545] 1 | True  True 00 ( 1375,  258)   4   745  1208
[ 20] [    17028528] 1 | True  True 00 ( 1385,  273)   5   817  1100
[ 21] [    17038528] 1 | True  True 00 ( 1393,  288)   4   766   976
[ 22] [    17048527] 1 | True  True 00 ( 1401,  304)   4   767  1104
[ 23] [    17058547] 1 | True  True 00 ( 1407,  322)   8   988  1340
[ 24] [    17068544] 1 | True  True 00 ( 1412,  338)   4   724  1540
[ 25] [    17078545] 1 | True  True 00 ( 1418,  355)   3   660  1648
[ 26] [    17088545] 1 | True  True 00 ( 1423,  372)   4   785  1576
[ 27] [    17098545] 1 | True  True 00 ( 1424,  390)   5   900  1412
[ 28] [    17108527] 1 | True  True 00 ( 1428,  406)   4   775  1296
[ 29] [    17118527] 1 | True  True 00 ( 1430,  424)   5   836  1492
[ 30] [    17128544] 1 | True  True 00 ( 1433,  440)   4   668  1544
[ 31] [    17138545] 1 | True  True 00 ( 1433,  459)   4   765  1832
[ 32] [    17148540] 1 | True  True 00 ( 1431,  477)   4   804  1544
[ 33] [    17158542] 1 | True  True 00 ( 1431,  477)   8  1016  1352
[ 34] [    17168543] 1 | True  True 00 ( 1431,  477)   4   734  1144
[ 35] [    17178548] 1 | True  True 00 ( 1431,  477)   4   825  1256
[ 36] [    17188545] 1 | True  True 00 ( 1430,  489)   4   685  1364
[ 37] [    17198542] 1 | True  True 00 ( 1429,  500)   5   780  1348
[ 38] [    17208543] 1 | True  True 00 ( 1426,  513)   4   739  1200
[ 39] [    17218540] 1 | True  True 00 ( 1423,  527)   5   807  1072
[ 40] [    17228542] 1 | True  True 00 ( 1418,  542)   5   775   964
[ 41] [    17238545] 1 | True  True 00 ( 1412,  557)   5   809  1116
[ 42] [    17248541] 1 | True  True 00 ( 1403,  575)   4   719  1440
[ 43] [    17258522] 1 | True  True 00 ( 1392,  594)   4   753  1604
[ 44] [    17268523] 1 | True  True 00 ( 1382,  611)   4   704  1620
[ 45] [    17278523] 1 | True  True 00 ( 1371,  628)   4   671  1460
[ 46] [    17288523] 1 | True  True 00 ( 1360,  645)   4   718  1316
[ 47] [    17298523] 1 | True  True 00 ( 1348,  660)   4   773  1172
[ 48] [    17308523] 1 | True  True 00 ( 1335,  675)   5   790  1224
[ 49] [    17318522] 1 | True  True 00 ( 1319,  689)   4   751  1424
[ 50] [    17328522] 1 | True  True 00 ( 1302,  703)   4   771  1372
[ 51] [    17338522] 1 | True  True 00 ( 1286,  715)   4   776  1136
[ 52] [    17348502] 1 | True  True 00 ( 1270,  726)   4   786   912
[ 53] [    17358514] 1 | True  True 00 ( 1253,  736)   4   787   876
[ 54] [    17368499] 1 | True  True 00 ( 1236,  745)   4   756  1024
[ 55] [    17378518] 1 | True  True 00 ( 1216,  753)   6   862  1224
[ 56] [    17388517] 1 | True  True 00 ( 1195,  759)   4   800  1336
[ 57] [    17398517] 1 | True  True 00 ( 1176,  764)   4   813  1264
[ 58] [    17408522] 1 | True  True 00 ( 1157,  768)   4   779  1080
[ 59] [    17418518] 1 | True  True 00 ( 1140,  771)   4   774   880
[ 60] [    17428537] 1 | True  True 00 ( 1120,  773)   4   738  1040
[ 61] [    17438539] 1 | True  True 00 ( 1099,  774)   5   753  1112
[ 62] [    17448535] 1 | True  True 00 ( 1078,  773)   4   741  1216
[ 63] [    17458538] 1 | True  True 00 ( 1057,  771)   4   760  1196
[ 64] [    17468539] 1 | True  True 00 ( 1038,  768)   4   766  1144
[ 65] [    17478542] 1 | True  True 00 ( 1020,  764)   4   742  1016
[ 66] [    17488538] 1 | True  True 00 ( 1002,  759)   4   739  1144
[ 67] [    17498539] 1 | True  True 00 (  984,  753)   4   761  1456
[ 68] [    17508536] 1 | True  True 00 (  962,  746)   5   736  1576
[ 69] [    17518538] 1 | True  True 00 (  942,  736)   4   690  1664
[ 70] [    17528540] 1 | True  True 00 (  926,  727)   4   676  1508
[ 71] [    17538557] 1 | True  True 00 (  911,  715)   4   742  1264
[ 72] [    17548536] 1 | True  True 00 (  898,  704)   4   726   988
[ 73] [    17558537] 1 | True  True 00 (  886,  692)   4   713   756
[ 74] [    17568558] 1 | True  True 00 (  874,  678)   4   718  1000
[ 75] [    17578556] 1 | True  True 00 (  862,  665)   4   711  1264
[ 76] [    17588554] 1 | True  True 00 (  851,  651)   4   696  1460
[ 77] [    17598559] 1 | True  True 00 (  840,  637)   5   663  1460
[ 78] [    17608558] 1 | True  True 00 (  829,  619)   5   791  1492
[ 79] [    17618556] 1 | True  True 00 (  819,  604)   3   620  1300
[ 80] [    17628553] 1 | True  True 00 (  810,  586)   6   933  1348
[ 81] [    17638559] 1 | True  True 00 (  804,  567)   4   780  1636
[ 82] [    17648556] 1 | True  True 00 (  798,  550)   4   692  1564
[ 83] [    17658554] 1 | True  True 00 (  793,  533)   5   685  1456
[ 84] [    17668559] 1 | True  True 00 (  792,  516)   4   748  1744
[ 85] [    17678557] 1 | True  True 00 (  790,  498)   4   722  1240
[ 86] [    17688556] 1 | True  True 00 (  789,  478)   4   738  1172
[ 87] [    17698574] 1 | True  True 00 (  785,  459)   5   816  1432
[ 88] [    17708558] 1 | True  True 00 (  783,  441)   5   804  1688
[ 89] [    17718577] 1 | True  True 00 (  784,  424)   4   757  1796
[ 90] [    17728573] 1 | True  True 00 (  785,  407)   4   753  1668
[ 91] [    17738576] 1 | True  True 00 (  787,  391)   5   820  1468
[ 92] [    17748572] 1 | True  True 00 (  789,  373)   4   776  1264
[ 93] [    17758575] 1 | True  True 00 (  793,  357)   5   785  1312
[ 94] [    17768573] 1 | True  True 00 (  800,  341)   4   724  1420
[ 95] [    17778576] 1 | True  True 00 (  808,  325)   5   770  1404
[ 96] [    17788592] 1 | True  True 00 (  820,  309)   4   713  1256
[ 97] [    17798592] 1 | True  True 00 (  830,  293)   5   760  1112
[ 98] [    17808592] 1 | True  True 00 (  840,  278)   4   710   976
[ 99] [    17818592] 1 | True  True 00 (  851,  264)   4   748  1028
[100] [    17828592] 1 | True  True 00 (  862,  250)   4   748  1116
[101] [    17838613] 1 | True  True 00 (  873,  236)   4   714  1328
[102] [    17848611] 1 | True  True 00 (  885,  223)   4   735  1540
[103] [    17858616] 1 | True  True 00 (  900,  211)   3   626  1400
[104] [    17868615] 1 | True  True 00 (  917,  200)   3   665  1256
[105] [    17878613] 1 | True  True 00 (  934,  190)   5   743  1216
[106] [    17888611] 1 | True  True 00 (  949,  179)   4   693  1356
[107] [    17898616] 1 | True  True 00 (  964,  171)   4   703  1552
[108] [    17908612] 1 | True  True 00 (  979,  162)   4   699  1620
[109] [    17918632] 1 | True  True 00 (  994,  155)   4   757  1464
[110] [    17928617] 1 | True  True 00 ( 1012,  149)   4   698  1180
[111] [    17938631] 1 | True  True 00 ( 1030,  145)   4   722  1004
[112] [    17948616] 1 | True  True 00 ( 1048,  142)   4   747  1204
[113] [    17958631] 1 | True  True 00 ( 1066,  139)   4   759  1368
[114] [    17968616] 1 | True  True 00 ( 1083,  137)   3   673  1512
[115] [    17978635] 1 | True  True 00 ( 1099,  136)   4   743  1332
[116] [    17988634] 1 | True  True 00 ( 1118,  135)   4   750  1204
[117] [    17998639] 1 | True  True 00 ( 1137,  134)   4   771  1040
[118] [    18008632] 1 | True  True 00 ( 1157,  135)   4   747  1256
[119] [    18018620] 1 | True  True 00 ( 1173,  137)   4   789  1604
[120] [    18028614] 1 | True  True 00 ( 1189,  139)   3   725  1752
[121] [    18038611] 1 | True  True 00 ( 1205,  143)   5   776  1624
[122] [    18048610] 1 | True  True 00 ( 1224,  149)   4   725  1384
[123] [    18058594] 1 | True  True 00 ( 1243,  157)   5   808  1204
[124] [    18068607] 1 | True  True 00 ( 1261,  165)   4   766  1276
[125] [    18078590] 1 | True  True 00 ( 1276,  173)   4   784  1352
[126] [    18088590] 1 | True  True 00 ( 1290,  182)   4   770  1332
[127] [    18098590] 1 | True  True 00 ( 1304,  192)   4   760  1316
[128] [    18108590] 1 | True  True 00 ( 1315,  202)   5   790  1252
[129] [    18118590] 1 | True  True 00 ( 1328,  214)   4   717  1364
[130] [    18128569] 1 | True  True 00 ( 1343,  228)   4   713  1272
[131] [    18138566] 1 | True  True 00 ( 1358,  242)   4   723  1200
[132] [    18148569] 1 | True  True 00 ( 1372,  256)   4   758  1260
[133] [    18158566] 1 | True  True 00 ( 1383,  270)   4   740  1116
[134] [    18168570] 1 | True  True 00 ( 1391,  286)   5   837  1028
[135] [    18178566] 1 | True  True 00 ( 1399,  301)   4   762   996
[136] [    18188549] 1 | True  True 00 ( 1406,  318)   4   763  1356
[137] [    18198547] 1 | True  True 00 ( 1412,  335)   5   832  1592
[138] [    18208545] 1 | True  True 00 ( 1418,  351)   4   713  1720
[139] [    18218550] 1 | True  True 00 ( 1423,  367)   4   725  1628
[140] [    18228548] 1 | True  True 00 ( 1429,  382)   3   679  1448
[141] [    18238546] 1 | True  True 00 ( 1432,  399)   5   843  1280
[142] [    18248543] 1 | True  True 00 ( 1434,  417)   4   765  1440
[143] [    18258550] 1 | True  True 00 ( 1434,  436)   5   793  1616
[144] [    18268547] 1 | True  True 00 ( 1435,  456)   4   720  1796
[145] [    18278545] 1 | True  True 00 ( 1432,  474)   5   807  1512
[146] [    18288543] 1 | True  True 00 ( 1430,  491)   4   818  1476
[147] [    18298550] 1 | True  True 00 ( 1428,  508)   4   806  1056
[148] [    18308549] 1 | True  True 00 ( 1427,  527)   4   735  1256
[149] [    18318548] 1 | True  True 00 ( 1423,  545)   4   753  1364
[150] [    18328547] 1 | True  True 00 ( 1420,  564)   4   707  1436
[151] [    18338566] 1 | True  True 00 ( 1414,  580)   5   795  1184
[152] [    18348562] 1 | True  True 00 ( 1408,  597)   4   793  1124
[153] [    18358566] 1 | True  True 00 ( 1401,  613)   4   783  1108
[154] [    18368562] 1 | True  True 00 ( 1391,  629)   4   698  1028
[155] [    18378565] 1 | True  True 00 ( 1380,  644)   4   719  1368
[156] [    18388561] 1 | True  True 00 ( 1366,  659)   5   788  1512
[157] [    18398565] 1 | True  True 00 ( 1354,  672)   5   771  1620
[158] [    18408581] 1 | True  True 00 ( 1342,  686)   4   706  1568
[159] [    18418564] 1 | True  True 00 ( 1330,  698)   4   717  1332
[160] [    18428566] 1 | True  True 00 ( 1318,  710)   4   764  1136
[161] [    18438583] 1 | True  True 00 ( 1304,  721)   5   794  1224
[162] [    18448583] 1 | True  True 00 ( 1287,  732)   4   702  1336
[163] [    18458583] 1 | True  True 00 ( 1269,  741)   4   767  1372
[164] [    18468604] 1 | True  True 00 ( 1251,  749)   4   817  1224
[165] [    18478602] 1 | True  True 00 ( 1235,  756)   4   790   956
[166] [    18488607] 1 | True  True 00 ( 1219,  763)   4   773   840
[167] [    18498604] 1 | True  True 00 ( 1203,  768)   5   841  1060
[168] [    18508609] 1 | True  True 00 ( 1184,  773)   6   854  1244
[169] [    18518623] 1 | True  True 00 ( 1164,  776)   4   781  1352
[170] [    18528609] 1 | True  True 00 ( 1146,  778)   4   826  1336
[171] [    18538623] 1 | True  True 00 ( 1129,  779)   4   783  1096
[172] [    18548628] 1 | True  True 00 ( 1113,  780)   4   768   860
[173] [    18558630] 1 | True  True 00 ( 1095,  780)   4   752  1040
[174] [    18568630] 1 | True  True 00 ( 1077,  778)   6   846  1168
[175] [    18578649] 1 | True  True 00 ( 1058,  776)   4   784  1252
[176] [    18588651] 1 | True  True 00 ( 1039,  773)   4   810  1252
[177] [    18598664] 1 | True  True 00 ( 1023,  770)   4   794  1196
[178] [    18608669] 1 | True  True 00 ( 1007,  765)   4   787  1052
[179] [    18618666] 1 | True  True 00 (  992,  759)   4   744  1144
[180] [    18628684] 1 | True  True 00 (  975,  753)   4   708  1404
[181] [    18638688] 1 | True  True 00 (  958,  746)   4   711  1648
[182] [    18648684] 1 | True  True 00 (  940,  738)   4   708  1700
[183] [    18658687] 1 | True  True 00 (  926,  728)   3   680  1664
[184] [    18668704] 1 | True  True 00 (  912,  718)   4   743  1352
[185] [    18678705] 1 | True  True 00 (  900,  706)   4   769  1076
[186] [    18688726] 1 | True  True 00 (  886,  693)   4   756   824
[187] [    18698731] 1 | True  True 00 (  874,  680)   4   709   964
[188] [    18708724] 1 | True  True 00 (  862,  667)   5   755  1176
[189] [    18718728] 1 | True  True 00 (  851,  652)   5   767  1424
[190] [    18728747] 1 | True  True 00 (  839,  635)   5   788  1548
[191] [    18738732] 1 | True  True 00 (  828,  621)   4   644  1528
[192] [    18748744] 1 | True  True 00 (  817,  607)   3   651  1388
[193] [    18758750] 1 | True  True 00 (  811,  590)   4   737  1292
[194] [    18768752] 1 | True  True 00 (  804,  572)   5   860  1600
[195] [    18778773] 1 | True  True 00 (  799,  554)   4   690  1508
[196] [    18788770] 1 | True  True 00 (  796,  538)   5   815  1780
[197] [    18798770] 1 | True  True 00 (  794,  520)   4   671  1492
[198] [    18808791] 1 | True  True 00 (  790,  502)   4   752  1312
[199] [    18818788] 1 | True  True 00 (  788,  484)   4   814  1184
[200] [    18828806] 1 | True  True 00 (  786,  466)   4   825  1412
[201] [    18838809] 1 | True  True 00 (  787,  447)   3   679  1652
[202] [    18848806] 1 | True  True 00 (  786,  427)   3   626  1668
[203] [    18858809] 1 | True  True 00 (  787,  410)   4   745  1724
[204] [    18868832] 1 | True  True 00 (  788,  392)   4   780  1540
[205] [    18878833] 1 | True  True 00 (  790,  375)   4   762  1284
[206] [    18888826] 1 | True  True 00 (  793,  359)   5   828  1368
[207] [    18898833] 1 | True  True 00 (  798,  343)   4   743  1404
[208] [    18908830] 1 | True  True 00 (  806,  327)   4   725  1440
[209] [    18918851] 1 | True  True 00 (  817,  311)   5   764  1256
[210] [    18928847] 1 | True  True 00 (  827,  296)   4   739  1240
[211] [    18938846] 1 | True  True 00 (  839,  280)   4   770  1112
[212] [    18948850] 1 | True  True 00 (  850,  265)   4   738  1028
[213] [    18958847] 1 | True  True 00 (  861,  252)   4   742  1008
[214] [    18968845] 1 | True  True 00 (  872,  238)   4   768  1400
[215] [    18978850] 1 | True  True 00 (  883,  225)   5   763  1472
[216] [    18988849] 1 | True  True 00 (  896,  213)   4   739  1488
[217] [    18998847] 1 | True  True 00 (  913,  202)   3   652  1240
[218] [    19008845] 1 | True  True 00 (  931,  191)   4   708  1232
[219] [    19018850] 1 | True  True 00 (  947,  181)   4   658  1304
[220] [    19028847] 1 | True  True 00 (  962,  172)   4   738  1588
[221] [    19038851] 1 | True  True 00 (  977,  164)   3   652  1604
[222] [    19048844] 1 | True  True 00 (  992,  157)   5   768  1532
[223] [    19058848] 1 | True  True 00 ( 1008,  150)   5   764  1216
[224] [    19068867] 1 | True  True 00 ( 1027,  145)   4   740  1008
[225] [    19078853] 1 | True  True 00 ( 1046,  141)   4   765  1188
[226] [    19088865] 1 | True  True 00 ( 1064,  139)   4   744  1368
[227] [    19098871] 1 | True  True 00 ( 1081,  136)   3   700  1476
[228] [    19108872] 1 | True  True 00 ( 1097,  135)   5   787  1420
[229] [    19118872] 1 | True  True 00 ( 1116,  133)   4   766  1224
[230] [    19128892] 1 | True  True 00 ( 1136,  134)   4   784  1116
[231] [    19138888] 1 | True  True 00 ( 1154,  135)   4   770  1296
[232] [    19148890] 1 | True  True 00 ( 1172,  138)   4   761  1548
[233] [    19158893] 1 | True  True 00 ( 1189,  140)   4   730  1676
[234] [    19168886] 1 | True  True 00 ( 1204,  143)   5   743  1512
[235] [    19178907] 1 | True  True 00 ( 1222,  148)   5   812  1404
[236] [    19188907] 1 | True  True 00 ( 1240,  156)   4   753  1240
[237] [    19198906] 1 | True  True 00 ( 1258,  164)   4   752  1240
[238] [    19208911] 1 | True  True 00 ( 1274,  172)   4   766  1316
[239] [    19218909] 1 | True  True 00 ( 1288,  182)   4   784  1316
[240] [    19228907] 1 | True  True 00 ( 1301,  191)   4   788  1316
[241] [    19238905] 1 | True  True 00 ( 1312,  202)   6   851  1324
[242] [    19248912] 1 | True  True 00 ( 1326,  214)   4   728  1288
[243] [    19258909] 1 | True  True 00 ( 1341,  227)   3   659  1308
[244] [    19268927] 1 | True  True 00 ( 1356,  241)   4   759  1272
[245] [    19278931] 1 | True  True 00 ( 1370,  255)   4   745  1208
[246] [    19288926] 1 | True  True 00 ( 1381,  270)   4   756  1100
[247] [    19298929] 1 | True  True 00 ( 1390,  284)   4   770  1048
[248] [    19308925] 1 | True  True 00 ( 1398,  300)   4   762   960
[249] [    19318928] 1 | True  True 00 ( 1406,  316)   4   753  1304
[250] [    19328924] 1 | True  True 00 ( 1412,  332)   4   741  1484
[251] [    19338928] 1 | True  True 00 ( 1418,  349)   5   775  1704
[252] [    19348924] 1 | True  True 00 ( 1424,  365)   3   672  1648
[253] [    19358947] 1 | True  True 00 ( 1427,  383)   4   827  1484
[254] [    19368947] 1 | True  True 00 ( 1429,  401)   4   794  1196
[255] [    19378946] 1 | True  True 00 ( 1429,  417)   5   780  1244
[  0] [    19388945] 1 | True  True 00 ( 1431,  436)   4   762  1740
[  1] [    19398966] 1 | True  True 00 ( 1431,  455)   4   748  1708
[  2] [    19408964] 1 | True  True 00 ( 1433,  474)   4   714  1580
[  3] [    19418969] 1 | True  True 00 ( 1434,  491)   5   859  1512
[  4] [    19428968] 1 | True  True 00 ( 1433,  509)   4   765  1100
[  5] [    19438966] 1 | True  True 00 ( 1429,  526)   4   771  1256
[  6] [    19448970] 1 | True  True 00 ( 1426,  542)   4   811  1456
[  7] [    19458983] 1 | True  True 00 ( 1422,  558)   6   825  1400
[  8] [    19468971] 1 | True  True 00 ( 1418,  577)   4   704  1200
[  9] [    19478989] 1 | True  True 00 ( 1411,  594)   4   767  1108
[ 10] [    19488993] 1 | True  True 00 ( 1405,  610)   4   771  1072
[ 11] [    19498989] 1 | True  True 00 ( 1395,  625)   5   775  1064
[ 12] [    19509010] 1 | True  True 00 ( 1383,  641)   5   774  1316
[ 13] [    19519013] 1 | True  True 00 ( 1369,  656)   5   778  1568
[ 14] [    19529009] 1 | True  True 00 ( 1356,  670)   4   717  1604
[ 15] [    19539009] 1 | True  True 00 ( 1344,  685)   5   755  1568
[ 16] [    19549010] 1 | True  True 00 ( 1332,  698)   4   714  1352
[ 17] [    19559027] 1 | True  True 00 ( 1320,  711)   5   786  1136
[ 18] [    19569012] 1 | True  True 00 ( 1306,  721)   4   759  1280
[ 19] [    19579029] 1 | True  True 00 ( 1288,  730)   4   774  1444
[ 20] [    19589028] 1 | True  True 00 ( 1269,  739)   4   767  1372
[ 21] [    19599026] 1 | True  True 00 ( 1251,  748)   4   799  1208
[ 22] [    19609031] 1 | True  True 00 ( 1235,  755)   4   791   956
[ 23] [    19619048] 1 | True  True 00 ( 1220,  762)   4   796   860
[ 24] [    19629064] 1 | True  True 00 ( 1204,  767)   4   779   988
[ 25] [    19639065] 1 | True  True 00 ( 1186,  772)   5   788  1172
[ 26] [    19649066] 1 | True  True 00 ( 1165,  775)   4   799  1352
[ 27] [    19659087] 1 | True  True 00 ( 1148,  777)   4   776  1280
[ 28] [    19669092] 1 | True  True 00 ( 1131,  779)   4   775  1044
[ 29] [    19679092] 1 | True  True 00 ( 1115,  780)   4   805   952
[ 30] [    19689112] 1 | True  True 00 ( 1099,  780)   4   789   968
[ 31] [    19699114] 1 | True  True 00 ( 1080,  779)   6   855  1112
[ 32] [    19709135] 1 | True  True 00 ( 1060,  777)   4   789  1268
[ 33] [    19719132] 1 | True  True 00 ( 1041,  774)   4   783  1216
[ 34] [    19729152] 1 | True  True 00 ( 1024,  771)   4   785  1144
[ 35] [    19739150] 1 | True  True 00 ( 1008,  766)   4   791  1088
[ 36] [    19749167] 1 | True  True 00 (  993,  761)   4   767  1128
[ 37] [    19759171] 1 | True  True 00 (  977,  755)   4   705  1300
[ 38] [    19769173] 1 | True  True 00 (  959,  748)   4   715  1648
[ 39] [    19779174] 1 | True  True 00 (  942,  739)   5   770  1716
[ 40] [    19789192] 1 | True  True 00 (  926,  729)   4   727  1576
[ 41] [    19799189] 1 | True  True 00 (  912,  719)   4   716  1352
[ 42] [    19809187] 1 | True  True 00 (  900,  708)   4   739  1076
[ 43] [    19819194] 1 | True  True 00 (  888,  695)   4   748   828
[ 44] [    19829214] 1 | True  True 00 (  877,  682)   4   762  1000
[ 45] [    19839213] 1 | True  True 00 (  866,  668)   4   707  1196
[ 46] [    19849231] 1 | True  True 00 (  854,  653)   6   847  1460
[ 47] [    19859236] 1 | True  True 00 (  843,  640)   4   666  1580
[ 48] [    19869236] 1 | True  True 00 (  832,  624)   5   757  1580
[ 49] [    19879236] 1 | True  True 00 (  819,  604)   4   804  1372
[ 50] [    19889256] 1 | True  True 00 (  808,  587)   4   830  1204
[ 51] [    19899253] 1 | True  True 00 (  802,  571)   4   725  1420
[ 52] [    19909255] 1 | True  True 00 (  799,  556)   4   695  1544
[ 53] [    19919255] 1 | True  True 00 (  796,  539)   5   837  1796
[ 54] [    19929278] 1 | True  True 00 (  794,  522)   5   832  1816
[ 55] [    19939275] 1 | True  True 00 (  788,  504)   5   832  1240
[ 56] [    19949272] 1 | True  True 00 (  786,  485)   4   746  1096
[ 57] [    19959297] 1 | True  True 00 (  787,  464)   4   708  1412
[ 58] [    19969292] 1 | True  True 00 (  786,  447)   4   799  1612
[ 59] [    19979294] 1 | True  True 00 (  786,  429)   4   725  1796
[ 60] [    19989299] 1 | True  True 00 (  787,  414)   4   793  1760
[ 61] [    19999313] 1 | True  True 00 (  787,  397)   4   786  1560
[ 62] [    20009313] 1 | True  True 00 (  789,  379)   4   789  1320
[ 63] [    20019313] 1 | True  True 00 (  792,  362)   4   747  1348
[ 64] [    20029313] 1 | True  True 00 (  798,  345)   4   775  1512
[ 65] [    20039334] 1 | True  True 00 (  806,  329)   4   693  1384
[ 66] [    20049332] 1 | True  True 00 (  816,  312)   5   800  1420
[ 67] [    20059337] 1 | True  True 00 (  827,  297)   3   707  1204
[ 68] [    20069336] 1 | True  True 00 (  837,  282)   4   755  1040
[ 69] [    20079337] 1 | True  True 00 (  848,  267)   4   743  1028
[ 70] [    20089338] 1 | True  True 00 (  859,  253)   4   729   992
[ 71] [    20099356] 1 | True  True 00 (  871,  239)   4   746  1328
[ 72] [    20109354] 1 | True  True 00 (  882,  226)   3   677  1540
[ 73] [    20119354] 1 | True  True 00 (  894,  214)   4   712  1436
[ 74] [    20129354] 1 | True  True 00 (  910,  202)   3   666  1384
[ 75] [    20139373] 1 | True  True 00 (  927,  192)   4   699  1164
[ 76] [    20149395] 1 | True  True 00 (  944,  182)   4   694  1392
[ 77] [    20159393] 1 | True  True 00 (  959,  173)   4   729  1516
[ 78] [    20169399] 1 | True  True 00 (  973,  165)   4   744  1640
[ 79] [    20179416] 1 | True  True 00 (  986,  158)   4   716  1516
[ 80] [    20189412] 1 | True  True 00 ( 1004,  152)   5   778  1304
[ 81] [    20199415] 1 | True  True 00 ( 1024,  147)   4   754  1040
[ 82] [    20209412] 1 | True  True 00 ( 1043,  143)   4   755  1132
[ 83] [    20219416] 1 | True  True 00 ( 1061,  139)   4   753  1312
[ 84] [    20229433] 1 | True  True 00 ( 1078,  136)   4   791  1564
[ 85] [    20239433] 1 | True  True 00 ( 1094,  134)   4   729  1476
[ 86] [    20249433] 1 | True  True 00 ( 1113,  133)   5   809  1240
[ 87] [    20259454] 1 | True  True 00 ( 1133,  133)   4   779  1060
[ 88] [    20269459] 1 | True  True 00 ( 1151,  135)   4   774  1240
[ 89] [    20279473] 1 | True  True 00 ( 1169,  137)   4   784  1512
[ 90] [    20289479] 1 | True  True 00 ( 1186,  139)   4   735  1676
[ 91] [    20299480] 1 | True  True 00 ( 1202,  142)   5   789  1640
[ 92] [    20309480] 1 | True  True 00 ( 1221,  148)   4   763  1496
[ 93] [    20319480] 1 | True  True 00 ( 1240,  154)   4   762  1296
[ 94] [    20329480] 1 | True  True 00 ( 1258,  162)   4   752  1224
[ 95] [    20339500] 1 | True  True 00 ( 1274,  171)   4   769  1404
[ 96] [    20349497] 1 | True  True 00 ( 1289,  180)   4   783  1368
[ 97] [    20359499] 1 | True  True 00 ( 1302,  190)   4   793  1316
[ 98] [    20369520] 1 | True  True 00 ( 1313,  201)   4   738  1288
[ 99] [    20379518] 1 | True  True 00 ( 1326,  213)   5   804  1344
[100] [    20389517] 1 | True  True 00 ( 1341,  225)   4   737  1324
[101] [    20399515] 1 | True  True 00 ( 1356,  239)   4   733  1236
[102] [    20409521] 1 | True  True 00 ( 1370,  253)   4   744  1224
[103] [    20419519] 1 | True  True 00 ( 1380,  268)   4   783  1172
[104] [    20429537] 1 | True  True 00 ( 1389,  283)   5   846  1084
[105] [    20439534] 1 | True  True 00 ( 1398,  298)   4   767   996
[106] [    20449537] 1 | True  True 00 ( 1405,  314)   4   781  1304
[107] [    20459534] 1 | True  True 00 ( 1411,  331)   5   831  1576
[108] [    20469537] 1 | True  True 00 ( 1415,  349)   5   831  1668
[109] [    20479540] 1 | True  True 00 ( 1420,  366)   4   731  1612
[110] [    20489554] 1 | True  True 00 ( 1425,  380)   4   747  1484
[111] [    20499554] 1 | True  True 00 ( 1429,  396)   4   744  1248
[112] [    20509554] 1 | True  True 00 ( 1434,  414)   5   873  1528
[113] [    20519554] 1 | True  True 00 ( 1439,  432)   5   790  1652
[114] [    20529554] 1 | True  True 00 ( 1438,  451)   4   760  1652
[115] [    20539554] 1 | True  True 00 ( 1437,  469)   4   748  1672
[116] [    20549553] 1 | True  True 00 ( 1435,  487)   4   836  1492
[117] [    20559553] 1 | True  True 00 ( 1434,  506)   4   743  1100
[118] [    20569553] 1 | True  True 00 ( 1430,  524)   4   837  1272
[119] [    20579553] 1 | True  True 00 ( 1427,  543)   4   721  1400
[120] [    20589553] 1 | True  True 00 ( 1423,  557)   4   748  1384
[121] [    20599553] 1 | True  True 00 ( 1417,  573)   5   825  1308
[122] [    20609553] 1 | True  True 00 ( 1411,  591)   4   757  1072
[123] [    20619553] 1 | True  True 00 ( 1404,  607)   4   753  1072
[124] [    20629552] 1 | True  True 00 ( 1394,  624)   4   734  1044
[125] [    20639552] 1 | True  True 00 ( 1384,  640)   5   789  1260
[126] [    20649553] 1 | True  True 00 ( 1372,  656)   4   744  1604
[127] [    20659553] 1 | True  True 00 ( 1359,  670)   4   744  1676
[128] [    20669534] 1 | True  True 00 ( 1346,  683)   5   765  1568
[129] [    20679536] 1 | True  True 00 ( 1333,  697)   4   727  1352
[130] [    20689531] 1 | True  True 00 ( 1321,  710)   4   762  1188
[131] [    20699533] 1 | True  True 00 ( 1308,  721)   5   816  1188
[132] [    20709536] 1 | True  True 00 ( 1292,  730)   5   801  1372
[133] [    20719529] 1 | True  True 00 ( 1274,  739)   4   757  1480
[134] [    20729533] 1 | True  True 00 ( 1256,  747)   4   799  1280
[135] [    20739529] 1 | True  True 00 ( 1239,  754)   4   786   972
[136] [    20749532] 1 | True  True 00 ( 1223,  761)   4   801   876
[137] [    20759528] 1 | True  True 00 ( 1207,  767)   4   793   988
[138] [    20769532] 1 | True  True 00 ( 1190,  771)   5   802  1172
[139] [    20779528] 1 | True  True 00 ( 1169,  774)   4   782  1352
[140] [    20789532] 1 | True  True 00 ( 1151,  776)   4   804  1336
[141] [    20799528] 1 | True  True 00 ( 1134,  777)   4   821  1136
[142] [    20809532] 1 | True  True 00 ( 1117,  779)   4   787   916
[143] [    20819515] 1 | True  True 00 ( 1100,  779)   4   785  1040
[144] [    20829512] 1 | True  True 00 ( 1082,  778)   5   822  1108
[145] [    20839510] 1 | True  True 00 ( 1062,  776)   5   825  1252
[146] [    20849528] 1 | True  True 00 ( 1044,  774)   4   779  1232
[147] [    20859531] 1 | True  True 00 ( 1027,  770)   4   794  1196
[148] [    20869527] 1 | True  True 00 ( 1012,  766)   4   769  1072
[149] [    20879531] 1 | True  True 00 (  996,  760)   4   763  1092
[150] [    20889528] 1 | True  True 00 (  980,  755)   5   794  1352
[151] [    20899531] 1 | True  True 00 (  963,  748)   4   707  1596
[152] [    20909527] 1 | True  True 00 (  946,  741)   5   775  1716
[153] [    20919530] 1 | True  True 00 (  930,  731)   3   650  1612
[154] [    20929533] 1 | True  True 00 (  915,  721)   4   724  1404
[155] [    20939529] 1 | True  True 00 (  903,  710)   4   757  1180
[156] [    20949531] 1 | True  True 00 (  891,  698)   4   765   860
[157] [    20959533] 1 | True  True 00 (  879,  684)   4   758   984
[158] [    20969526] 1 | True  True 00 (  867,  670)   4   715  1124
[159] [    20979529] 1 | True  True 00 (  857,  656)   4   713  1440
[160] [    20989525] 1 | True  True 00 (  845,  639)   6   858  1528
[161] [    20999526] 1 | True  True 00 (  831,  622)   5   809  1600
[162] [    21009528] 1 | True  True 00 (  819,  603)   6   891  1388
[163] [    21019531] 1 | True  True 00 (  809,  586)   4   821  1256
[164] [    21029527] 1 | True  True 00 (  803,  570)   5   873  1544
[165] [    21039549] 1 | True  True 00 (  798,  555)   4   676  1436
[166] [    21049548] 1 | True  True 00 (  797,  539)   6   831  1852
[167] [        5785] 1 | True  True 00 (  795,  522)   3   593  1472
[168] [       15785] 1 | True  True 00 (  792,  505)   4   780  1456
[169] [       25784] 1 | True  True 00 (  789,  487)   4   804  1168
[170] [       35804] 1 | True  True 00 (  790,  469)   5   874  1412
[171] [       45786] 1 | True  True 00 (  785,  452)   6   919  1668
[172] [       55784] 1 | True  True 00 (  784,  433)   3   680  1796
[173] [       65806] 1 | True  True 00 (  785,  417)   4   789  1760
[174] [       75789] 1 | True  True 00 (  786,  400)   5   837  1576
[175] [       85810] 1 | True  True 00 (  788,  382)   4   804  1448
[176] [       95809] 1 | True  True 00 (  792,  364)   5   791  1312
[177] [      105805] 1 | True  True 00 (  798,  347)   4   737  1420
[178] [      115810] 1 | True  True 00 (  806,  331)   3   677  1496
[179] [      125810] 1 | True  True 00 (  816,  315)   5   779  1348
[180] [      135810] 1 | True  True 00 (  827,  299)   4   706  1148
[181] [      145788] 1 | True  True 00 (  837,  284)   4   759  1132
[182] [      155802] 1 | True  True 00 (  848,  270)   4   738  1060
[183] [      165806] 1 | True  True 00 (  859,  256)   4   755  1008
[184] [      175804] 1 | True  True 00 (  870,  241)   4   780  1328
[185] [      185788] 1 | True  True 00 (  881,  228)   4   727  1508
[186] [      195809] 1 | True  True 00 (  892,  216)   4   717  1416
[187] [      205802] 1 | True  True 00 (  909,  204)   3   674  1364
[188] [      215806] 1 | True  True 00 (  926,  193)   5   774  1200
[189] [      225823] 1 | True  True 00 (  943,  183)   6   792  1320
[190] [      235830] 1 | True  True 00 (  958,  174)   4   724  1552
[191] [      245828] 1 | True  True 00 (  973,  165)   4   753  1656
[192] [      255845] 1 | True  True 00 (  987,  157)   4   733  1568
[193] [      265847] 1 | True  True 00 ( 1003,  151)   5   763  1320
[194] [      275848] 1 | True  True 00 ( 1021,  145)   4   758  1144
[195] [      285848] 1 | True  True 00 ( 1040,  142)   4   777  1168
[196] [      295851] 1 | True  True 00 ( 1059,  139)   4   757  1332
[197] [      305848] 1 | True  True 00 ( 1075,  136)   4   790  1528
[198] [      315869] 1 | True  True 00 ( 1091,  135)   4   742  1476
[199] [      325866] 1 | True  True 00 ( 1109,  134)   5   808  1332
[200] [      335865] 1 | True  True 00 ( 1130,  134)   4   803  1080
[201] [      345863] 1 | True  True 00 ( 1150,  135)   4   752  1256
[202] [      355870] 1 | True  True 00 ( 1169,  135)   4   775  1440
[203] [      365867] 1 | True  True 00 ( 1185,  138)   4   753  1676
[204] [      375865] 1 | True  True 00 ( 1200,  141)   5   793  1696
[205] [      385864] 1 | True  True 00 ( 1219,  146)   5   776  1440
[206] [      395863] 1 | True  True 00 ( 1238,  153)   4   735  1204
[207] [      405869] 1 | True  True 00 ( 1256,  161)   5   807  1224
[208] [      415866] 1 | True  True 00 ( 1273,  170)   4   770  1404
[209] [      425864] 1 | True  True 00 ( 1287,  178)   4   787  1424
[210] [      435869] 1 | True  True 00 ( 1301,  188)   4   787  1352
[211] [      445866] 1 | True  True 00 ( 1313,  199)   4   764  1308
[212] [      455864] 1 | True  True 00 ( 1324,  211)   4   766  1416
[213] [      465869] 1 | True  True 00 ( 1338,  224)   4   741  1380
[214] [      475866] 1 | True  True 00 ( 1353,  237)   4   727  1272
[215] [      485864] 1 | True  True 00 ( 1367,  252)   4   740  1172
[216] [      495862] 1 | True  True 00 ( 1379,  266)   4   799  1224
[217] [      505868] 1 | True  True 00 ( 1388,  280)   4   795  1116
[218] [      515867] 1 | True  True 00 ( 1397,  296)   4   815   976
[219] [      525886] 1 | True  True 00 ( 1404,  312)   5   843  1248
[220] [      535884] 1 | True  True 00 ( 1411,  329)   4   764  1540
[221] [      545886] 1 | True  True 00 ( 1417,  347)   4   799  1704
[222] [      555887] 1 | True  True 00 ( 1421,  365)   4   800  1704
[223] [      565881] 1 | True  True 00 ( 1425,  382)   4   778  1520
[224] [      575904] 1 | True  True 00 ( 1425,  399)   5   890  1268
[225] [      585902] 1 | True  True 00 ( 1427,  417)   4   833  1476
[226] [      595902] 1 | True  True 00 ( 1427,  434)   5   823  1476
[227] [      605902] 1 | True  True 00 ( 1430,  452)   4   719  1776
[228] [      615901] 1 | True  True 00 ( 1432,  470)   5   835  1616
[229] [      625901] 1 | True  True 00 ( 1431,  488)   4   809  1440
[230] [      635902] 1 | True  True 00 ( 1431,  506)   4   766  1100
[231] [      645902] 1 | True  True 00 ( 1430,  523)   4   772  1220
[232] [      655901] 1 | True  True 00 ( 1427,  540)   4   747  1308
[233] [      665901] 1 | True  True 00 ( 1424,  559)   2   557  1436
[234] [      675901] 1 | True  True 00 ( 1419,  573)   7   915  1272
[235] [      685901] 1 | True  True 00 ( 1412,  589)   4   748  1108
[236] [      695900] 1 | True  True 00 ( 1405,  604)   5   842  1052
[237] [      705922] 1 | True  True 00 ( 1397,  621)   4   756  1036
[238] [      715905] 1 | True  True 00 ( 1386,  636)   5   792  1244
[239] [      725919] 1 | True  True 00 ( 1372,  652)   4   715  1476
[240] [      735901] 1 | True  True 00 ( 1359,  667)   4   722  1640
[241] [      745902] 1 | True  True 00 ( 1347,  681)   4   731  1656
[242] [      755902] 1 | True  True 00 ( 1335,  695)   4   744  1440
[243] [      765902] 1 | True  True 00 ( 1322,  708)   5   817  1172
[244] [      775901] 1 | True  True 00 ( 1308,  719)   5   813  1224
[245] [      785903] 1 | True  True 00 ( 1294,  729)   5   824  1336
[246] [      795904] 1 | True  True 00 ( 1276,  738)   4   734  1388
[247] [      805904] 1 | True  True 00 ( 1258,  746)   4   821  1352
[248] [      815921] 1 | True  True 00 ( 1241,  753)   4   791  1028
[249] [      825919] 1 | True  True 00 ( 1224,  760)   4   791   856
[250] [      835925] 1 | True  True 00 ( 1209,  767)   4   788  1008
[251] [      845923] 1 | True  True 00 ( 1193,  772)   4   765  1188
[252] [      855921] 1 | True  True 00 ( 1172,  775)   5   837  1300
[253] [      865939] 1 | True  True 00 ( 1153,  778)   4   818  1372
[254] [      875945] 1 | True  True 00 ( 1135,  780)   4   815  1188
[255] [      885946] 1 | True  True 00 ( 1119,  780)   4   787   876
[  0] [      895947] 1 | True  True 00 ( 1102,  779)   4   807  1004
[  1] [      905946] 1 | True  True 00 ( 1084,  778)   5   831  1168
[  2] [      915946] 1 | True  True 00 ( 1064,  777)   4   758  1256
[  3] [      925946] 1 | True  True 00 ( 1045,  775)   4   801  1252
[  4] [      935946] 1 | True  True 00 ( 1028,  772)   4   812  1216
[  5] [      945946] 1 | True  True 00 ( 1012,  768)   4   783  1052
[  6] [      955946] 1 | True  True 00 (  997,  763)   4   777  1040
[  7] [      965945] 1 | True  True 00 (  982,  756)   5   781  1284
[  8] [      975945] 1 | True  True 00 (  966,  750)   4   733  1576
[  9] [      985966] 1 | True  True 00 (  947,  742)   5   743  1700
[ 10] [      995963] 1 | True  True 00 (  931,  732)   3   650  1664
[ 11] [     1005964] 1 | True  True 00 (  916,  722)   4   738  1440
[ 12] [     1015961] 1 | True  True 00 (  904,  710)   4   721  1128
[ 13] [     1025963] 1 | True  True 00 (  892,  698)   4   756   828
[ 14] [     1035983] 1 | True  True 00 (  880,  685)   4   740   880
[ 15] [     1045981] 1 | True  True 00 (  869,  670)   5   799  1176
[ 16] [     1055979] 1 | True  True 00 (  858,  657)   4   708  1388
[ 17] [     1065985] 1 | True  True 00 (  846,  644)   4   696  1580
[ 18] [     1076003] 1 | True  True 00 (  833,  627)   6   843  1580
[ 19] [     1085999] 1 | True  True 00 (  822,  612)   4   716  1476
[ 20] [     1096001] 1 | True  True 00 (  814,  597)   3   643  1248
[ 21] [     1106003] 1 | True  True 00 (  805,  581)   5   756  1132
[ 22] [     1115997] 1 | True  True 00 (  800,  563)   4   658  1400
[ 23] [     1126020] 1 | True  True 00 (  795,  546)   4   692  1600
[ 24] [     1136017] 1 | True  True 00 (  790,  527)   4   737  1564
[ 25] [     1146025] 1 | True  True 00 (  788,  508)   4   694  1312
[ 26] [     1156023] 1 | True  True 00 (  787,  489)   4   736  1040
[ 27] [     1166022] 1 | True  True 00 (  786,  473)   5   918  1264
[ 28] [     1176042] 1 | True  True 00 (  785,  456)   4   821  1596
[ 29] [     1186038] 1 | True  True 00 (  786,  439)   3   707  1760
[ 30] [     1196043] 1 | True  True 00 (  786,  421)   3   703  1796
[ 31] [     1206040] 1 | True  True 00 (  787,  402)   4   785  1612
[ 32] [     1216043] 1 | True  True 00 (  789,  384)   4   799  1432
[ 33] [     1226062] 1 | True  True 00 (  791,  367)   5   819  1276
[ 34] [     1236066] 1 | True  True 00 (  795,  350)   5   789  1404
[ 35] [     1246066] 1 | True  True 00 (  801,  333)   4   756  1496
[ 36] [     1256066] 1 | True  True 00 (  812,  318)   4   718  1368
[ 37] [     1266066] 1 | True  True 00 (  823,  302)   5   767  1184
[ 38] [     1276066] 1 | True  True 00 (  834,  286)   4   767  1132
[ 39] [     1286086] 1 | True  True 00 (  845,  271)   4   743  1044
[ 40] [     1296082] 1 | True  True 00 (  856,  257)   4   756   956
[ 41] [     1306104] 1 | True  True 00 (  867,  242)   4   767  1240
[ 42] [     1316121] 1 | True  True 00 (  878,  229)   4   768  1560
[ 43] [     1326124] 1 | True  True 00 (  891,  216)   4   730  1452
[ 44] [     1336119] 1 | True  True 00 (  906,  205)   4   691  1364
[ 45] [     1346142] 1 | True  True 00 (  924,  195)   4   727  1188
[ 46] [     1356143] 1 | True  True 00 (  939,  184)   4   691  1252
[ 47] [     1366141] 1 | True  True 00 (  955,  175)   4   729  1532
[ 48] [     1376141] 1 | True  True 00 (  970,  166)   4   729  1620
[ 49] [     1386144] 1 | True  True 00 (  985,  158)   4   702  1532
[ 50] [     1396163] 1 | True  True 00 ( 1002,  151)   3   691  1392
[ 51] [     1406164] 1 | True  True 00 ( 1021,  145)   4   744  1092
[ 52] [     1416181] 1 | True  True 00 ( 1038,  140)   4   737  1044
[ 53] [     1426188] 1 | True  True 00 ( 1055,  138)   4   788  1312
[ 54] [     1436187] 1 | True  True 00 ( 1072,  136)   4   785  1492
[ 55] [     1446183] 1 | True  True 00 ( 1088,  134)   3   669  1420
[ 56] [     1456203] 1 | True  True 00 ( 1106,  133)   4   729  1296
[ 57] [     1466205] 1 | True  True 00 ( 1127,  132)   4   780  1044
[ 58] [     1476206] 1 | True  True 00 ( 1147,  133)   4   756  1112
[ 59] [     1486226] 1 | True  True 00 ( 1165,  135)   4   780  1440
[ 60] [     1496224] 1 | True  True 00 ( 1182,  137)   4   789  1712
[ 61] [     1506229] 1 | True  True 00 ( 1197,  140)   5   821  1752
[ 62] [     1516226] 1 | True  True 00 ( 1215,  145)   5   770  1512
[ 63] [     1526243] 1 | True  True 00 ( 1234,  152)   5   817  1332
[ 64] [     1536226] 1 | True  True 00 ( 1252,  160)   5   833  1276
[ 65] [     1546244] 1 | True  True 00 ( 1268,  168)   4   784  1316
[ 66] [     1556246] 1 | True  True 00 ( 1283,  177)   4   805  1424
[ 67] [     1566242] 1 | True  True 00 ( 1297,  187)   4   764  1276
[ 68] [     1576245] 1 | True  True 00 ( 1310,  197)   4   773  1288
[ 69] [     1586248] 1 | True  True 00 ( 1323,  209)   4   712  1308
[ 70] [     1596243] 1 | True  True 00 ( 1336,  222)   4   742  1364
[ 71] [     1606245] 1 | True  True 00 ( 1351,  235)   4   741  1272
[ 72] [     1616248] 1 | True  True 00 ( 1365,  248)   4   745  1188
[ 73] [     1626243] 1 | True  True 00 ( 1376,  263)   4   790  1188
[ 74] [     1636244] 1 | True  True 00 ( 1387,  278)   5   836  1152
[ 75] [     1646248] 1 | True  True 00 ( 1396,  293)   4   792   992
[ 76] [     1656262] 1 | True  True 00 ( 1404,  309)   4   780  1232
[ 77] [     1666262] 1 | True  True 00 ( 1411,  327)   6   842  1448
[ 78] [     1676263] 1 | True  True 00 ( 1417,  345)   4   781  1648
[ 79] [     1686266] 1 | True  True 00 ( 1420,  364)   4   772  1612
[ 80] [     1696265] 1 | True  True 00 ( 1424,  380)   4   775  1576
[ 81] [     1706287] 1 | True  True 00 ( 1429,  395)   4   763  1356
[ 82] [     1716282] 1 | True  True 00 ( 1432,  411)   4   765  1296
[ 83] [     1726287] 1 | True  True 00 ( 1432,  428)   5   795  1404
[ 84] [     1736305] 1 | True  True 00 ( 1433,  447)   5   800  1776
[ 85] [     1746291] 1 | True  True 00 ( 1434,  466)   4   775  1708
[ 86] [     1756306] 1 | True  True 00 ( 1435,  483)   4   809  1672
[ 87] [     1766311] 1 | True  True 00 ( 1432,  499)   4   882  1440
[ 88] [     1776309] 1 | True  True 00 ( 1431,  518)   4   780  1220
[ 89] [     1786330] 1 | True  True 00 ( 1429,  537)   4   780  1420
[ 90] [     1796327] 1 | True  True 00 ( 1426,  557)   5   721  1400
[ 91] [     1806328] 1 | True  True 00 ( 1421,  574)   6   873  1328
[ 92] [     1816345] 1 | True  True 00 ( 1414,  591)   4   757  1092
[ 93] [     1826344] 1 | True  True 00 ( 1406,  606)   5   828  1088
[ 94] [     1836344] 1 | True  True 00 ( 1398,  621)   5   775   984
[ 95] [     1846362] 1 | True  True 00 ( 1387,  637)   4   716  1260
[ 96] [     1856366] 1 | True  True 00 ( 1374,  652)   4   725  1476
[ 97] [     1866382] 1 | True  True 00 ( 1361,  666)   4   743  1728
[ 98] [     1876382] 1 | True  True 00 ( 1350,  679)   5   778  1640
[ 99] [     1886382] 1 | True  True 00 ( 1338,  693)   4   717  1476
[100] [     1896405] 1 | True  True 00 ( 1325,  706)   4   758  1260
[101] [     1906410] 1 | True  True 00 ( 1311,  717)   5   822  1208
[102] [     1916410] 1 | True  True 00 ( 1295,  727)   5   805  1316
[103] [     1926402] 1 | True  True 00 ( 1277,  737)   5   805  1424
[104] [     1936406] 1 | True  True 00 ( 1261,  745)   4   776  1336
[105] [     1946426] 1 | True  True 00 ( 1244,  753)   4   798  1044
[106] [     1956410] 1 | True  True 00 ( 1227,  759)   4   800   836
[107] [     1966409] 1 | True  True 00 ( 1211,  766)   4   810   968
[108] [     1976422] 1 | True  True 00 ( 1194,  770)   5   820  1136
[109] [     1986430] 1 | True  True 00 ( 1175,  774)   5   813  1352
[110] [     1996430] 1 | True  True 00 ( 1156,  776)   4   768  1336
[111] [     2006430] 1 | True  True 00 ( 1138,  778)   4   785  1136
[112] [     2016427] 1 | True  True 00 ( 1121,  779)   4   792   952
[113] [     2026427] 1 | True  True 00 ( 1104,  779)   4   789   968
[114] [     2036433] 1 | True  True 00 ( 1086,  779)   5   799  1132
[115] [     2046432] 1 | True  True 00 ( 1066,  778)   5   812  1220
[116] [     2056451] 1 | True  True 00 ( 1047,  776)   4   792  1232
[117] [     2066448] 1 | True  True 00 ( 1029,  773)   4   768  1124
[118] [     2076449] 1 | True  True 00 ( 1014,  769)   4   787  1124
[119] [     2086446] 1 | True  True 00 (  999,  763)   4   803  1052
[120] [     2096448] 1 | True  True 00 (  984,  757)   4   739  1284
[121] [     2106451] 1 | True  True 00 (  966,  751)   4   703  1560
[122] [     2116447] 1 | True  True 00 (  948,  743)   5   752  1752
[123] [     2126468] 1 | True  True 00 (  931,  733)   4   694  1628
[124] [     2136466] 1 | True  True 00 (  917,  722)   4   746  1492
[125] [     2146465] 1 | True  True 00 (  904,  712)   4   742  1212
[126] [     2156471] 1 | True  True 00 (  893,  699)   4   735   868
[127] [     2166489] 1 | True  True 00 (  881,  686)   4   783   912
[128] [     2176485] 1 | True  True 00 (  871,  673)   4   754  1108
[129] [     2186507] 1 | True  True 00 (  859,  659)   5   739  1336
[130] [     2196507] 1 | True  True 00 (  848,  644)   5   813  1528
[131] [     2206506] 1 | True  True 00 (  835,  628)   5   753  1616
[132] [     2216528] 1 | True  True 00 (  823,  611)   6   891  1512
[133] [     2226525] 1 | True  True 00 (  814,  596)   3   737  1336
[134] [     2236530] 1 | True  True 00 (  807,  580)   4   783  1384
[135] [     2246551] 1 | True  True 00 (  801,  563)   4   727  1528
[136] [     2256551] 1 | True  True 00 (  794,  545)   6   807  1528
[137] [     2266552] 1 | True  True 00 (  789,  528)   5   776  1616
[138] [     2276552] 1 | True  True 00 (  788,  509)   4   675  1328
[139] [     2286549] 1 | True  True 00 (  786,  493)   4   844  1384
[140] [     2296547] 1 | True  True 00 (  786,  471)   4   694  1284
[141] [     2306551] 1 | True  True 00 (  786,  450)   3   696  1612
[142] [     2316567] 1 | True  True 00 (  786,  432)   3   684  1744
[143] [     2326568] 1 | True  True 00 (  787,  418)   5   807  1724
[144] [     2336572] 1 | True  True 00 (  787,  402)   4   795  1668
[145] [     2346568] 1 | True  True 00 (  788,  384)   4   800  1448
[146] [     2356589] 1 | True  True 00 (  790,  367)   5   813  1220
[147] [     2366586] 1 | True  True 00 (  795,  351)   4   744  1404
[148] [     2376591] 1 | True  True 00 (  801,  335)   4   732  1420
[149] [     2386588] 1 | True  True 00 (  811,  319)   5   782  1440
[150] [     2396586] 1 | True  True 00 (  822,  303)   4   705  1204
[151] [     2406590] 1 | True  True 00 (  834,  287)   4   746  1080
[152] [     2416587] 1 | True  True 00 (  845,  272)   4   766  1096
[153] [     2426585] 1 | True  True 00 (  856,  258)   4   742  1028
[154] [     2436590] 1 | True  True 00 (  868,  244)   4   764  1240
[155] [     2446607] 1 | True  True 00 (  878,  230)   4   755  1508
[156] [     2456609] 1 | True  True 00 (  891,  218)   4   705  1488
[157] [     2466605] 1 | True  True 00 (  904,  206)   5   792  1384
[158] [     2476608] 1 | True  True 00 (  921,  196)   4   713  1132
[159] [     2486611] 1 | True  True 00 (  938,  185)   6   798  1288
[160] [     2496625] 1 | True  True 00 (  954,  175)   4   711  1464
[161] [     2506625] 1 | True  True 00 (  969,  167)   3   652  1588
[162] [     2516623] 1 | True  True 00 (  983,  159)   4   755  1604
[163] [     2526623] 1 | True  True 00 ( 1000,  153)   3   660  1376
[164] [     2536623] 1 | True  True 00 ( 1020,  147)   4   740  1092
[165] [     2546623] 1 | True  True 00 ( 1038,  142)   4   760  1044
[166] [     2556623] 1 | True  True 00 ( 1055,  139)   4   801  1312
[167] [     2566646] 1 | True  True 00 ( 1073,  136)   4   790  1528
[168] [     2576631] 1 | True  True 00 ( 1089,  134)   5   778  1492
[169] [     2586645] 1 | True  True 00 ( 1106,  133)   5   785  1332
[170] [     2596645] 1 | True  True 00 ( 1125,  133)   4   788  1224
[171] [     2606651] 1 | True  True 00 ( 1145,  134)   4   765  1184
[172] [     2616647] 1 | True  True 00 ( 1164,  135)   4   757  1404
[173] [     2626644] 1 | True  True 00 ( 1181,  138)   4   766  1676
[174] [     2636650] 1 | True  True 00 ( 1196,  141)   5   830  1788
[175] [     2646646] 1 | True  True 00 ( 1214,  146)   5   765  1512
[176] [     2656666] 1 | True  True 00 ( 1232,  152)   5   808  1332
[177] [     2666651] 1 | True  True 00 ( 1250,  160)   4   756  1204
[178] [     2676649] 1 | True  True 00 ( 1266,  168)   4   798  1352
[179] [     2686670] 1 | True  True 00 ( 1281,  176)   4   797  1404
[180] [     2696669] 1 | True  True 00 ( 1294,  186)   4   802  1316
[181] [     2706669] 1 | True  True 00 ( 1306,  195)   4   791  1240
[182] [     2716649] 1 | True  True 00 ( 1318,  207)   5   803  1324
[183] [     2726669] 1 | True  True 00 ( 1332,  220)   4   724  1344
[184] [     2736669] 1 | True  True 00 ( 1347,  233)   5   809  1308
[185] [     2746669] 1 | True  True 00 ( 1362,  247)   4   727  1200
[186] [     2756670] 1 | True  True 00 ( 1375,  262)   5   822  1208
[187] [     2766690] 1 | True  True 00 ( 1386,  276)   4   769  1084
[188] [     2776686] 1 | True  True 00 ( 1394,  291)   4   766   960
[189] [     2786688] 1 | True  True 00 ( 1403,  307)   4   762  1176
[190] [     2796708] 1 | True  True 00 ( 1409,  324)   4   790  1484
[191] [     2806705] 1 | True  True 00 ( 1415,  343)   6   897  1704
[192] [     2816710] 1 | True  True 00 ( 1420,  359)   4   736  1740
[193] [     2826707] 1 | True  True 00 ( 1422,  376)   4   821  1612
[194] [     2836725] 1 | True  True 00 ( 1424,  394)   4   854  1356
[195] [     2846727] 1 | True  True 00 ( 1426,  412)   4   827  1332
[196] [     2856730] 1 | True  True 00 ( 1428,  429)   4   772  1544
[197] [     2866726] 1 | True  True 00 ( 1427,  446)   6   862  1616
[198] [     2876727] 1 | True  True 00 ( 1427,  464)   4   742  1544
[199] [     2886728] 1 | True  True 00 ( 1428,  482)   4   724  1476
[200] [     2896745] 1 | True  True 00 ( 1428,  499)   4   863  1404
[201] [     2906751] 1 | True  True 00 ( 1426,  514)   4   846  1108
[202] [     2916742] 1 | True  True 00 ( 1425,  533)   4   784  1400
[203] [     2926748] 1 | True  True 00 ( 1423,  553)   4   677  1400
[204] [     2936747] 1 | True  True 00 ( 1419,  571)   5   744  1292
[205] [     2946748] 1 | True  True 00 ( 1414,  589)   4   758  1164
[206] [     2956746] 1 | True  True 00 ( 1408,  606)   4   766  1000
[207] [     2966746] 1 | True  True 00 ( 1399,  623)   4   769  1052
[208] [     2976767] 1 | True  True 00 ( 1389,  638)   5   787  1224
[209] [     2986765] 1 | True  True 00 ( 1376,  652)   4   743  1476
[210] [     2996763] 1 | True  True 00 ( 1363,  666)   3   690  1656
[211] [     3006768] 1 | True  True 00 ( 1350,  680)   4   723  1620
[212] [     3016764] 1 | True  True 00 ( 1338,  694)   4   691  1460
[213] [     3026784] 1 | True  True 00 ( 1326,  707)   4   772  1244
[214] [     3036770] 1 | True  True 00 ( 1313,  718)   4   777  1172
[215] [     3046784] 1 | True  True 00 ( 1299,  728)   5   799  1280
[216] [     3056789] 1 | True  True 00 ( 1281,  737)   5   806  1408
[217] [     3066811] 1 | True  True 00 ( 1262,  745)   4   808  1372
[218] [     3076808] 1 | True  True 00 ( 1245,  752)   4   804  1136
[219] [     3086809] 1 | True  True 00 ( 1228,  759)   4   783   856
[220] [     3096830] 1 | True  True 00 ( 1211,  766)   4   788   968
[221] [     3106848] 1 | True  True 00 ( 1195,  770)   4   762  1136
[222] [     3116844] 1 | True  True 00 ( 1176,  774)   5   814  1316
[223] [     3126868] 1 | True  True 00 ( 1156,  777)   4   804  1352
[224] [     3136869] 1 | True  True 00 ( 1139,  779)   4   808  1280
[225] [     3146890] 1 | True  True 00 ( 1123,  781)   4   796  1044
[226] [     3156888] 1 | True  True 00 ( 1107,  781)   4   800   952
[227] [     3166906] 1 | True  True 00 ( 1090,  780)   4   779  1096
[228] [     3176912] 1 | True  True 00 ( 1070,  778)   5   771  1204
[229] [     3186909] 1 | True  True 00 ( 1051,  777)   4   806  1304
[230] [     3196913] 1 | True  True 00 ( 1034,  773)   4   795  1216
[231] [     3206929] 1 | True  True 00 ( 1017,  769)   4   783  1124
[232] [     3216932] 1 | True  True 00 ( 1001,  763)   4   790  1076
[233] [     3226955] 1 | True  True 00 (  984,  757)   5   807  1316
[234] [     3236953] 1 | True  True 00 (  968,  751)   4   708  1508
[235] [     3246972] 1 | True  True 00 (  951,  744)   5   774  1732
[236] [     3256968] 1 | True  True 00 (  934,  734)   4   716  1700
[237] [     3266992] 1 | True  True 00 (  920,  724)   4   729  1544
[238] [     3276992] 1 | True  True 00 (  908,  714)   4   689  1160
[239] [     3287013] 1 | True  True 00 (  895,  702)   4   739   900
[240] [     3297011] 1 | True  True 00 (  883,  689)   4   744   860
[241] [     3307030] 1 | True  True 00 (  872,  675)   4   714  1052
[242] [     3317056] 1 | True  True 00 (  859,  659)   6   858  1404
[243] [     3327059] 1 | True  True 00 (  847,  646)   4   669  1492
[244] [     3337075] 1 | True  True 00 (  834,  632)   4   661  1616
[245] [     3347093] 1 | True  True 00 (  823,  615)   5   800  1492
[246] [     3357096] 1 | True  True 00 (  814,  600)   4   714  1300
[247] [     3367112] 1 | True  True 00 (  807,  582)   5   806  1348
[248] [     3377133] 1 | True  True 00 (  802,  564)   4   716  1472
[249] [     3387135] 1 | True  True 00 (  797,  547)   4   647  1528
[250] [     3397139] 1 | True  True 00 (  795,  529)   3   589  1528
[251] [     3407157] 1 | True  True 00 (  790,  511)   5   781  1364
[252] [     3417162] 1 | True  True 00 (  787,  493)   4   817  1276
[253] [     3427182] 1 | True  True 00 (  785,  474)   4   783  1300
[254] [     3437199] 1 | True  True 00 (  784,  455)   4   767  1560
[255] [     3447196] 1 | True  True 00 (  783,  435)   3   657  1688
[  0] [     3457221] 1 | True  True 00 (  784,  417)   4   731  1780
[  1] [     3467217] 1 | True  True 00 (  786,  401)   4   767  1724
[  2] [     3477239] 1 | True  True 00 (  788,  384)   4   789  1448
[  3] [     3487241] 1 | True  True 00 (  790,  368)   4   747  1220
[  4] [     3497242] 1 | True  True 00 (  795,  352)   5   794  1404
[  5] [     3507264] 1 | True  True 00 (  801,  336)   4   718  1420
[  6] [     3517262] 1 | True  True 00 (  812,  321)   5   771  1384
[  7] [     3527280] 1 | True  True 00 (  824,  305)   4   750  1240
[  8] [     3537279] 1 | True  True 00 (  835,  290)   4   732  1080
[  9] [     3547284] 1 | True  True 00 (  846,  275)   4   734  1044
[ 10] [     3557305] 1 | True  True 00 (  857,  260)   4   760   976
[ 11] [     3567302] 1 | True  True 00 (  867,  245)   4   764  1240
[ 12] [     3577303] 1 | True  True 00 (  877,  232)   4   745  1452
[ 13] [     3587325] 1 | True  True 00 (  889,  219)   4   704  1540
[ 14] [     3597322] 1 | True  True 00 (  903,  208)   4   722  1384
[ 15] [     3607339] 1 | True  True 00 (  919,  198)   4   713  1224
[ 16] [     3617342] 1 | True  True 00 (  935,  188)   4   678  1216
[ 17] [     3627338] 1 | True  True 00 (  951,  178)   4   712  1412
[ 18] [     3637342] 1 | True  True 00 (  966,  168)   4   747  1620
[ 19] [     3647338] 1 | True  True 00 (  980,  160)   4   709  1604
[ 20] [     3657341] 1 | True  True 00 (  996,  153)   4   708  1392
[ 21] [     3667344] 1 | True  True 00 ( 1015,  147)   4   761  1200
[ 22] [     3677359] 1 | True  True 00 ( 1035,  143)   4   763  1044
[ 23] [     3687359] 1 | True  True 00 ( 1053,  139)   4   760  1240
[ 24] [     3697380] 1 | True  True 00 ( 1070,  137)   4   776  1476
[ 25] [     3707383] 1 | True  True 00 ( 1083,  135)   4   771  1440
[ 26] [     3717380] 1 | True  True 00 ( 1092,  134)   4   767  1476
[ 27] [     3727385] 1 | True  True 00 ( 1098,  134)   4   755  1512
[ 28] [     3737405] 1 | True  True 00 ( 1103,  133)   4   763  1512
[ 29] [     3747406] 1 | True  True 00 ( 1105,  133)   4   750  1420
[ 30] [     3757406] 1 |False  True 00 ( 1105,  133)   4   750  1420
[ 31] [     3767426] 0 
