[ 93] [     2478761]   0-None                     (    0)
[ 94] [     2489900]   0-None                     (    0)
[ 95] [     2499890]   0-None                     (    0)
[ 96] [     2509890]   0-None                     (    0)
[ 97] [     2519870]   0-None                     (    0)
[ 98] [     2529853]   0-None                     (    0)
[ 99] [     2539836]   0-None                     (    0)
[100] [     2549845]   0-None                     (    0)
[101] [     2559826]   0-None                     (    0)
[102] [     2569826]   0-None                     (    0)
[103] [     2579827]   0-None                     (    0)
[104] [     2620510]   0-None                     (    0)
[105] [     2629601]   0-None                     (    0)
[106] [     2639574]   0-None                     (    0)
[107] [     2649554]   0-None                     (    0)
[108] [     2659534]   0-None                     (    0)
[109] [     2669531]   0-None                     (    0)
[110] [     2679508]   0-None                     (    0)
[111] [     2689489]   0-None                     (    0)
[112] [     2699492]   0-None                     (    0)
[113] [     2709470]   0-None                     (    0)
[114] [     2719452]   0-None                     (    0)
[115] [     2729446]   0-None                     (    0)
[116] [     2739447]   0-None                     (    0)
[117] [     2776280]   0-None                     (    0)
[118] [     2779320]   0-None                     (    0)
[119] [     2789195]   0-None                     (    0)
[120] [     2799197]   0-None                     (    0)
[121] [     2809177]   0-None                     (    0)
[122] [     2819158]   0-None                     (    0)
[123] [     2829155]   0-None                     (    0)
[124] [     2839131]   0-None                     (    0)
[125] [     2849112]   0-None                     (    0)
[126] [     2859096]   0-None                     (    0)
[127] [     2869078]   0-None                     (    0)
[128] [     2879074]   0-None                     (    0)
[129] [     2889054]   0-None                     (    0)
[130] [     2929904]   0-None                     (    0)
[131] [     2938809]   0-None                     (    0)
[132] [     2948784]   0-None                     (    0)
[133] [     2958782]   0-None                     (    0)
[134] [     2968760]   0-None                     (    0)
[135] [     2978761]   0-None                     (    0)
[136] [     2988734]   0-None                     (    0)
[137] [     2998722]   0-None                     (    0)
[138] [     3008715]   0-None                     (    0)
[139] [     3018718]   0-None                     (    0)
[140] [     3028719]   0-None                     (    0)
[141] [     3038720]   0-None                     (    0)
[142] [     3048701]   0-None                     (    0)
[143] [     3084775]   0-None                     (    0)
[144] [     3091188]   0-None                     (    0)
[145] [     3098503]   0-None                     (    0)
[146] [     3108491]   0-None                     (    0)
[147] [     3118487]   0-None                     (    0)
[148] [     3128484]   0-None                     (    0)
[149] [     3138488]   0-None                     (    0)
[150] [     3148486]   0-None                     (    0)
[151] [     3158484]   0-None                     (    0)
[152] [     3168488]   0-None                     (    0)
[153] [     3178486]   0-None                     (    0)
[154] [     3188464]   0-None                     (    0)
[155] [     3198466]   0-None                     (    0)
[156] [     3239526]   0-None                     (    0)
[157] [     3248249]   0-None                     (    0)
[158] [     3258237]   0-None                     (    0)
[159] [     3268215]   0-None                     (    0)
[160] [     3278217]   0-None                     (    0)
[161] [     3288197]   0-None                     (    0)
[162] [     3298209]   0-None                     (    0)
[163] [     3308199]   0-None                     (    0)
[164] [     3318196]   0-None                     (    0)
[165] [     3328170]   0-None                     (    0)
[166] [     3338174]   0-None                     (    0)
[167] [     3379397]   0-None                     (    0)
[168] [     3387962]   0-None                     (    0)
[169] [     3397963]   0-None                     (    0)
[170] [     3407964]   0-None                     (    0)
[171] [     3417945]   0-None                     (    0)
[172] [     3427958]   0-None                     (    0)
[173] [     3437942]   0-None                     (    0)
[174] [     3447942]   0-None                     (    0)
[175] [     3457941]   0-None                     (    0)
[176] [     3467941]   0-None                     (    0)
[177] [     3477941]   0-None                     (    0)
[178] [     3487921]   0-None                     (    0)
[179] [     3497923]   0-None                     (    0)
[180] [     3534646]   0-None                     (    0)
[181] [     3537727]   0-None                     (    0)
[182] [     3547719]   0-None                     (    0)
[183] [     3557732]   0-None                     (    0)
[184] [     3567730]   0-None                     (    0)
[185] [     3577734]   0-None                     (    0)
[186] [     3587732]   0-None                     (    0)
[187] [     3597730]   0-None                     (    0)
[188] [     3607734]   0-None                     (    0)
[189] [     3617732]   0-None                     (    0)
[190] [     3627730]   0-None                     (    0)
[191] [     3637714]   0-None                     (    0)
[192] [     3647716]   0-None                     (    0)
[193] [     3657729]   0-None                     (    0)
[194] [     3693771]   0-None                     (    0)
[195] [     3700179]   0-None                     (    0)
[196] [     3707524]   0-None                     (    0)
[197] [     3717523]   0-None                     (    0)
[198] [     3727522]   0-None                     (    0)
[199] [     3737505]   0-None                     (    0)
[200] [     3747498]   0-None                     (    0)
[201] [     3757499]   0-None                     (    0)
[202] [     3767482]   0-None                     (    0)
[203] [     3777477]   0-None                     (    0)
[204] [     3787463]   0-None                     (    0)
[205] [     3797464]   0-None                     (    0)
[206] [     3807438]   0-None                     (    0)
[207] [     3845896]   0-None                     (    0)
[208] [     3857249]   0-None                     (    0)
[209] [     3867237]   0-None                     (    0)
[210] [     3877233]   0-None                     (    0)
[211] [     3887237]   0-None                     (    0)
[212] [     3897233]   0-None                     (    0)
[213] [     3907237]   0-None                     (    0)
[214] [     3917233]   0-None                     (    0)
[215] [     3927217]   0-None                     (    0)
[216] [     3937210]   0-None                     (    0)
[217] [     3947231]   0-None                     (    0)
[218] [     3957236]   0-None                     (    0)
[219] [     3967232]   0-None                     (    0)
[220] [     4003267]   0-None                     (    0)
[221] [     4009679]   0-None                     (    0)
[222] [     4017014]   0-None                     (    0)
[223] [     4027020]   0-None                     (    0)
[224] [     4037018]   0-None                     (    0)
[225] [     4047015]   0-None                     (    0)
[226] [     4057001]   0-None                     (    0)
[227] [     4067016]   0-None                     (    0)
[228] [     4077001]   0-None                     (    0)
[229] [     4086997]   0-None                     (    0)
[230] [     4096997]   0-None                     (    0)
[231] [     4106979]   0-None                     (    0)
[232] [     4116975]   0-None                     (    0)
[233] [     4155635]   0-None                     (    0)
[234] [     4166812]   0-None                     (    0)
[235] [     4176812]   0-None                     (    0)
[236] [     4186807]   0-None                     (    0)
[237] [     4196808]   0-None                     (    0)
[238] [     4206829]   0-None                     (    0)
[239] [     4216813]   0-None                     (    0)
[240] [     4226825]   0-None                     (    0)
[241] [     4236829]   0-None                     (    0)
[242] [     4246831]   0-None                     (    0)
[243] [     4256833]   0-None                     (    0)
[244] [     4266833]   0-None                     (    0)
[245] [     4276835]   0-None                     (    0)
[246] [     4312874]   0-None                     (    0)
[247] [     4319279]   0-None                     (    0)
[248] [     4326623]   0-None                     (    0)
[249] [     4336618]   0-None                     (    0)
[250] [     4346618]   0-None                     (    0)
[251] [     4356618]   0-None                     (    0)
[252] [     4366618]   0-None                     (    0)
[253] [     4376618]   0-None                     (    0)
[254] [     4386618]   0-None                     (    0)
[255] [     4396617]   0-None                     (    0)
[  0] [     4406618]   0-None                     (    0)
[  1] [     4416617]   0-None                     (    0)
[  2] [     4426617]   0-None                     (    0)
[  3] [     4465123]   0-None                     (    0)
[  4] [     4476434]   0-None                     (    0)
[  5] [     4486415]   0-None                     (    0)
[  6] [     4496410]   0-None                     (    0)
[  7] [     4506413]   0-None                     (    0)
[  8] [     4516409]   0-None                     (    0)
[  9] [     4526392]   0-None                     (    0)
[ 10] [     4536392]   0-None                     (    0)
[ 11] [     4546389]   0-None                     (    0)
[ 12] [     4556387]   0-None                     (    0)
[ 13] [     4566394]   0-None                     (    0)
[ 14] [     4576391]   0-None                     (    0)
[ 15] [     4618509]   0-None                     (    0)
[ 16] [     4626188]   0-None                     (    0)
[ 17] [     4636184]   0-None                     (    0)
[ 18] [     4646178]   0-None                     (    0)
[ 19] [     4656158]   0-None                     (    0)
[ 20] [     4666160]   0-None                     (    0)
[ 21] [     4676162]   0-None                     (    0)
[ 22] [     4686156]   0-None                     (    0)
[ 23] [     4696158]   0-None                     (    0)
[ 24] [     4706119]   0-None                     (    0)
[ 25] [     4716114]   0-None                     (    0)
[ 26] [     4726094]   0-None                     (    0)
[ 27] [     4736099]   0-None                     (    0)
[ 28] [     4772118]   0-None                     (    0)
[ 29] [     4778547]   0-None                     (    0)
[ 30] [     4785864]   0-None                     (    0)
[ 31] [     4795843]   0-None                     (    0)
[ 32] [     4805828]   0-None                     (    0)
[ 33] [     4815830]   0-None                     (    0)
[ 34] [     4825823]   0-None                     (    0)
[ 35] [     4835826]   0-None                     (    0)
[ 36] [     4845827]   0-None                     (    0)
[ 37] [     4855808]   0-None                     (    0)
[ 38] [     4865805]   0-None                     (    0)
[ 39] [     4875786]   0-None                     (    0)
[ 40] [     4885801]   0-None                     (    0)
[ 41] [     4922640]   0-None                     (    0)
[ 42] [     4925673]   0-None                     (    0)
[ 43] [     4935568]   0-None                     (    0)
[ 44] [     4945558]   0-None                     (    0)
[ 45] [     4955535]   0-None                     (    0)
[ 46] [     4965529]   0-None                     (    0)
[ 47] [     4975528]   0-None                     (    0)
[ 48] [     4985510]   0-None                     (    0)
[ 49] [     4995513]   0-None                     (    0)
[ 50] [     5005510]   0-None                     (    0)
[ 51] [     5015487]   0-None                     (    0)
[ 52] [     5025487]   0-None                     (    0)
[ 53] [     5035467]   0-None                     (    0)
[ 54] [     5076510]   0-None                     (    0)
[ 55] [     5085232]   0-None                     (    0)
[ 56] [     5095220]   0-None                     (    0)
[ 57] [     5105226]   0-None                     (    0)
[ 58] [     5115202]   0-None                     (    0)
[ 59] [     5125203]   0-None                     (    0)
[ 60] [     5135183]   0-None                     (    0)
[ 61] [     5145159]   0-None                     (    0)
[ 62] [     5155154]   0-None                     (    0)
[ 63] [     5165157]   0-None                     (    0)
[ 64] [     5175151]   0-None                     (    0)
[ 65] [     5185132]   0-None                     (    0)
[ 66] [     5195136]   0-None                     (    0)
[ 67] [     5231610]   0-None                     (    0)
[ 68] [     5238042]   0-None                     (    0)
[ 69] [     5244954]   0-None                     (    0)
[ 70] [     5254948]   0-None                     (    0)
[ 71] [     5264949]   0-None                     (    0)
[ 72] [     5274951]   0-None                     (    0)
[ 73] [     5284944]   0-None                     (    0)
[ 74] [     5294927]   0-None                     (    0)
[ 75] [     5304945]   0-None                     (    0)
[ 76] [     5314945]   0-None                     (    0)
[ 77] [     5324944]   0-None                     (    0)
[ 78] [     5334943]   0-None                     (    0)
[ 79] [     5344943]   0-None                     (    0)
[ 80] [     5387004]   0-None                     (    0)
[ 81] [     5394740]   0-None                     (    0)
[ 82] [     5404735]   0-None                     (    0)
[ 83] [     5414735]   0-None                     (    0)
[ 84] [     5424735]   0-None                     (    0)
[ 85] [     5434736]   0-None                     (    0)
[ 86] [     5444736]   0-None                     (    0)
[ 87] [     5454738]   0-None                     (    0)
[ 88] [     5464733]   0-None                     (    0)
[ 89] [     5474713]   0-None                     (    0)
[ 90] [     5484712]   0-None                     (    0)
[ 91] [     5494696]   0-None                     (    0)
[ 92] [     5504698]   0-None                     (    0)
[ 93] [     5542752]   0-None                     (    0)
[ 94] [     5554511]   0-None                     (    0)
[ 95] [     5564502]   0-None                     (    0)
[ 96] [     5574507]   0-None                     (    0)
[ 97] [     5584504]   0-None                     (    0)
[ 98] [     5594501]   0-None                     (    0)
[ 99] [     5604487]   0-None                     (    0)
[100] [     5614482]   0-None                     (    0)
[101] [     5624483]   0-None                     (    0)
[102] [     5634443]   0-None                     (    0)
[103] [     5644445]   0-None                     (    0)
[104] [     5682879]   0-None                     (    0)
[105] [     5694251]   0-None                     (    0)
[106] [     5704237]   0-None                     (    0)
[107] [     5714218]   0-None                     (    0)
[108] [     5724216]   0-None                     (    0)
[109] [     5734214]   0-None                     (    0)
[110] [     5744197]   0-None                     (    0)
[111] [     5754198]   0-None                     (    0)
[112] [     5764191]   0-None                     (    0)
[113] [     5774193]   0-None                     (    0)
[114] [     5784174]   0-None                     (    0)
[115] [     5823502]   0-None                     (    0)
[116] [     5833986]   0-None                     (    0)
[117] [     5843981]   0-None                     (    0)
[118] [     5853981]   0-None                     (    0)
[119] [     5863981]   0-None                     (    0)
[120] [     5874002]   0-None                     (    0)
[121] [     5884001]   0-None                     (    0)
[122] [     5893998]   0-None                     (    0)
[123] [     5904004]   0-None                     (    0)
[124] [     5914023]   0-None                     (    0)
[125] [     5924025]   0-None                     (    0)
[126] [     5934026]   0-None                     (    0)
[127] [     5944022]   0-None                     (    0)
[128] [     5979998]   0-None                     (    0)
[129] [     5986410]   0-None                     (    0)
[130] [     5993828]   0-None                     (    0)
[131] [     6003815]   0-None                     (    0)
[132] [     6013816]   0-None                     (    0)
[133] [     6023817]   0-None                     (    0)
[134] [     6033798]   0-None                     (    0)
[135] [     6043814]   0-None                     (    0)
[136] [     6053796]   0-None                     (    0)
[137] [     6063790]   0-None                     (    0)
[138] [     6073791]   0-None                     (    0)
[139] [     6083792]   0-None                     (    0)
[140] [     6093792]   0-None                     (    0)
[141] [     6134497]   0-None                     (    0)
[142] [     6143587]   0-None                     (    0)
[143] [     6153585]   0-None                     (    0)
[144] [     6163600]   0-None                     (    0)
[145] [     6173582]   0-None                     (    0)
[146] [     6183586]   0-None                     (    0)
[147] [     6193582]   0-None                     (    0)
[148] [     6203567]   0-None                     (    0)
[149] [     6213560]   0-None                     (    0)
[150] [     6223543]   0-None                     (    0)
[151] [     6233544]   0-None                     (    0)
[152] [     6243556]   0-None                     (    0)
[153] [     6253559]   0-None                     (    0)
[154] [     6289620]   0-None                     (    0)
[155] [     6296032]   0-None                     (    0)
[156] [     6303328]   0-None                     (    0)
[157] [     6313334]   0-None                     (    0)
[158] [     6323331]   0-None                     (    0)
[159] [     6333310]   0-None                     (    0)
[160] [     6343312]   0-None                     (    0)
[161] [     6353313]   0-None                     (    0)
[162] [     6363315]   0-None                     (    0)
[163] [     6373309]   0-None                     (    0)
[164] [     6383311]   0-None                     (    0)
[165] [     6393313]   0-None                     (    0)
[166] [     6403314]   0-None                     (    0)
[167] [     6444994]   0-None                     (    0)
[168] [     6453113]   0-None                     (    0)
[169] [     6463118]   0-None                     (    0)
[170] [     6473104]   0-None                     (    0)
[171] [     6483119]   0-None                     (    0)
[172] [     6493123]   0-None                     (    0)
[173] [     6503121]   0-None                     (    0)
[174] [     6513100]   0-None                     (    0)
[175] [     6523102]   0-None                     (    0)
[176] [     6533103]   0-None                     (    0)
[177] [     6543102]   0-None                     (    0)
[178] [     6553103]   0-None                     (    0)
[179] [     6563103]   0-None                     (    0)
[180] [     6601613]   0-None                     (    0)
[181] [     6612952]   0-None                     (    0)
[182] [     6622956]   0-None                     (    0)
[183] [     6632953]   0-None                     (    0)
[184] [     6642952]   0-None                     (    0)
[185] [     6652956]   0-None                     (    0)
[186] [     6662953]   0-None                     (    0)
[187] [     6672951]   0-None                     (    0)
[188] [     6682935]   0-None                     (    0)
[189] [     6692937]   0-None                     (    0)
[190] [     6702931]   0-None                     (    0)
[191] [     6741494]   0-None                     (    0)
[192] [     6752725]   0-None                     (    0)
[193] [     6762700]   0-None                     (    0)
[194] [     6772705]   0-None                     (    0)
[195] [     6782702]   0-None                     (    0)
[196] [     6792700]   0-None                     (    0)
[197] [     6802684]   0-None                     (    0)
[198] [     6812666]   0-None                     (    0)
[199] [     6822662]   0-None                     (    0)
[200] [     6832643]   0-None                     (    0)
[201] [     6842638]   0-None                     (    0)
[202] [     6852620]   0-None                     (    0)
[203] [     6862596]   0-None                     (    0)
[204] [     6898618]   0-None                     (    0)
[205] [     6905027]   0-None                     (    0)
[206] [     6912364]   0-None                     (    0)
[207] [     6922348]   0-None                     (    0)
[208] [     6932329]   0-None                     (    0)
[209] [     6942306]   0-None                     (    0)
[210] [     6952286]   0-None                     (    0)
[211] [     6962262]   0-None                     (    0)
[212] [     6972246]   0-None                     (    0)
[213] [     6982222]   0-None                     (    0)
[214] [     6992204]   0-None                     (    0)
[215] [     7002200]   0-None                     (    0)
[216] [     7012185]   0-None                     (    0)
[217] [     7052988]   0-None                     (    0)
[218] [     7061938]   0-None                     (    0)
[219] [     7071931]   0-None                     (    0)
[220] [     7081932]   0-None                     (    0)
[221] [     7091914]   0-None                     (    0)
[222] [     7101910]   0-None                     (    0)
[223] [     7111911]   0-None                     (    0)
[224] [     7121905]   0-None                     (    0)
[225] [     7131907]   0-None                     (    0)
[226] [     7141887]   0-None                     (    0)
[227] [     7151867]   0-None                     (    0)
[228] [     7161864]   0-None                     (    0)
[229] [     7171861]   0-None                     (    0)
[230] [     7207865]   0-None                     (    0)
[231] [     7214275]   0-None                     (    0)
[232] [     7221655]   0-None                     (    0)
[233] [     7231656]   0-None                     (    0)
[234] [     7241656]   0-None                     (    0)
[235] [     7251656]   0-None                     (    0)
[236] [     7261656]   0-None                     (    0)
[237] [     7271635]   0-None                     (    0)
[238] [     7281638]   0-None                     (    0)
[239] [     7291631]   0-None                     (    0)
[240] [     7301612]   0-None                     (    0)
[241] [     7311617]   0-None                     (    0)
[242] [     7349238]   0-None                     (    0)
[243] [     7361437]   0-None                     (    0)
[244] [     7371410]   0-None                     (    0)
[245] [     7381405]   0-None                     (    0)
[246] [     7391401]   0-None                     (    0)
[247] [     7401401]   0-None                     (    0)
[248] [     7411382]   0-None                     (    0)
[249] [     7421386]   0-None                     (    0)
[250] [     7431382]   0-None                     (    0)
[251] [     7441363]   0-None                     (    0)
[252] [     7451361]   0-None                     (    0)
[253] [     7461365]   0-None                     (    0)
[254] [     7503218]   0-None                     (    0)
[255] [     7511173]   0-None                     (    0)
[  0] [     7521156]   0-None                     (    0)
[  1] [     7531136]   0-None                     (    0)
[  2] [     7541131]   0-None                     (    0)
[  3] [     7551112]   0-None                     (    0)
[  4] [     7561110]   0-None                     (    0)
[  5] [     7571095]   0-None                     (    0)
[  6] [     7581070]   0-None                     (    0)
[  7] [     7591068]   0-None                     (    0)
[  8] [     7601072]   0-None                     (    0)
[  9] [     7611069]   0-None                     (    0)
[ 10] [     7621048]   0-None                     (    0)
[ 11] [     7657093]   0-None                     (    0)
[ 12] [     7663521]   0-None                     (    0)
[ 13] [     7670837]   0-None                     (    0)
[ 14] [     7680837]   0-None                     (    0)
[ 15] [     7690817]   0-None                     (    0)
[ 16] [     7700821]   0-None                     (    0)
[ 17] [     7710818]   0-None                     (    0)
[ 18] [     7720817]   0-None                     (    0)
[ 19] [     7730821]   0-None                     (    0)
[ 20] [     7740817]   0-None                     (    0)
[ 21] [     7750802]   0-None                     (    0)
[ 22] [     7760801]   0-None                     (    0)
[ 23] [     7770800]   0-None                     (    0)
[ 24] [     7811482]   0-None                     (    0)
[ 25] [     7820633]   0-None                     (    0)
[ 26] [     7830628]   0-None                     (    0)
[ 27] [     7840631]   0-None                     (    0)
[ 28] [     7850633]   0-None                     (    0)
[ 29] [     7860626]   0-None                     (    0)
[ 30] [     7870628]   0-None                     (    0)
[ 31] [     7880631]   0-None                     (    0)
[ 32] [     7890633]   0-None                     (    0)
[ 33] [     7900628]   0-None                     (    0)
[ 34] [     7910631]   0-None                     (    0)
[ 35] [     7920647]   0-None                     (    0)
[ 36] [     7930649]   0-None                     (    0)
[ 37] [     7966604]   0-None                     (    0)
[ 38] [     7973017]   0-None                     (    0)
[ 39] [     7980494]   0-None                     (    0)
[ 40] [     7990506]   0-None                     (    0)
[ 41] [     8000521]   0-None                     (    0)
[ 42] [     8010523]   0-None                     (    0)
[ 43] [     8020524]   0-None                     (    0)
[ 44] [     8030543]   0-None                     (    0)
[ 45] [     8040526]   0-None                     (    0)
[ 46] [     8050546]   0-None                     (    0)
[ 47] [     8060547]   0-None                     (    0)
[ 48] [     8070548]   0-None                     (    0)
[ 49] [     8080549]   0-None                     (    0)
[ 50] [     8119085]   0-None                     (    0)
[ 51] [     8130420]   0-None                     (    0)
[ 52] [     8140420]   0-None                     (    0)
[ 53] [     8150419]   0-None                     (    0)
[ 54] [     8160440]   0-None                     (    0)
[ 55] [     8170424]   0-None                     (    0)
[ 56] [     8180436]   0-None                     (    0)
[ 57] [     8190440]   0-None                     (    0)
[ 58] [     8200436]   0-None                     (    0)
[ 59] [     8210421]   0-None                     (    0)
[ 60] [     8220423]   0-None                     (    0)
[ 61] [     8230436]   0-None                     (    0)
[ 62] [     8240441]   0-None                     (    0)
[ 63] [     8276477]   0-None                     (    0)
[ 64] [     8282888]   0-None                     (    0)
[ 65] [     8290266]   0-None                     (    0)
[ 66] [     8300270]   0-None                     (    0)
[ 67] [     8310291]   0-None                     (    0)
[ 68] [     8320293]   0-None                     (    0)
[ 69] [     8330274]   0-None                     (    0)
[ 70] [     8340294]   0-None                     (    0)
[ 71] [     8350295]   0-None                     (    0)
[ 72] [     8360276]   0-None                     (    0)
[ 73] [     8370289]   0-None                     (    0)
[ 74] [     8380292]   0-None                     (    0)
[ 75] [     8390294]   0-None                     (    0)
[ 76] [     8430103]   0-None                     (    0)
[ 77] [     8440123]   0-None                     (    0)
[ 78] [     8450126]   0-None                     (    0)
[ 79] [     8460127]   0-None                     (    0)
[ 80] [     8470123]   0-None                     (    0)
[ 81] [     8480104]   0-None                     (    0)
[ 82] [     8490101]   0-None                     (    0)
[ 83] [     8500106]   0-None                     (    0)
[ 84] [     8510102]   0-None                     (    0)
[ 85] [     8520079]   0-None                     (    0)
[ 86] [     8530079]   0-None                     (    0)
[ 87] [     8540059]   0-None                     (    0)
[ 88] [     8550058]   0-None                     (    0)
[ 89] [     8586079]   0-None                     (    0)
[ 90] [     8592491]   0-None                     (    0)
[ 91] [     8599811]   0-None                     (    0)
[ 92] [     8609795]   0-None                     (    0)
[ 93] [     8619788]   0-None                     (    0)
[ 94] [     8629770]   0-None                     (    0)
[ 95] [     8639771]   0-None                     (    0)
[ 96] [     8649765]   0-None                     (    0)
[ 97] [     8659767]   0-None                     (    0)
[ 98] [     8669747]   0-None                     (    0)
[ 99] [     8679749]   0-None                     (    0)
[100] [     8689729]   0-None                     (    0)
[101] [     8699726]   0-None                     (    0)
[102] [     8740347]   0-None                     (    0)
[103] [     8749519]   0-None                     (    0)
[104] [     8759520]   0-None                     (    0)
[105] [     8769514]   0-None                     (    0)
[106] [     8779495]   0-None                     (    0)
[107] [     8789476]   0-None                     (    0)
[108] [     8799474]   0-None                     (    0)
[109] [     8809500]   0-None                     (    0)
[110] [     8819495]   0-None                     (    0)
[111] [     8829498]   0-None                     (    0)
[112] [     8839492]   0-None                     (    0)
[113] [     8849494]   0-None                     (    0)
[114] [     8859497]   0-None                     (    0)
[115] [     8896348]   0-None                     (    0)
[116] [     8899388]   0-None                     (    0)
[117] [     8909341]   0-None                     (    0)
[118] [     8919347]   0-None                     (    0)
[119] [     8929332]   0-None                     (    0)
[120] [     8939348]   0-None                     (    0)
[121] [     8949347]   0-None                     (    0)
[122] [     8959331]   0-None                     (    0)
[123] [     8969346]   0-None                     (    0)
[124] [     8979330]   0-None                     (    0)
[125] [     8989331]   0-None                     (    0)
[126] [     8999331]   0-None                     (    0)
[127] [     9009324]   0-None                     (    0)
[128] [     9051218]   0-None                     (    0)
[129] [     9059119]   0-None                     (    0)
[130] [     9069100]   0-None                     (    0)
[131] [     9079097]   0-None                     (    0)
[132] [     9089073]   0-None                     (    0)
[133] [     9099054]   0-None                     (    0)
[134] [     9109038]   0-None                     (    0)
[135] [     9119038]   0-None                     (    0)
[136] [     9129020]   0-None                     (    0)
[137] [     9138995]   0-None                     (    0)
[138] [     9148989]   0-None                     (    0)
[139] [     9158970]   0-None                     (    0)
[140] [     9168954]   0-None                     (    0)
[141] [     9206593]   0-None                     (    0)
[142] [     9218716]   0-None                     (    0)
[143] [     9228702]   0-None                     (    0)
[144] [     9238697]   0-None                     (    0)
[145] [     9248697]   0-None                     (    0)
[146] [     9258677]   0-None                     (    0)
[147] [     9268681]   0-None                     (    0)
[148] [     9278679]   0-None                     (    0)
[149] [     9288677]   0-None                     (    0)
[150] [     9298661]   0-None                     (    0)
[151] [     9308663]   0-None                     (    0)
[152] [     9318656]   0-None                     (    0)
[153] [     9328639]   0-None                     (    0)
[154] [     9364723]   0-None                     (    0)
[155] [     9371129]   0-None                     (    0)
[156] [     9378444]   0-None                     (    0)
[157] [     9388445]   0-None                     (    0)
[158] [     9398427]   0-None                     (    0)
[159] [     9408431]   0-None                     (    0)
[160] [     9418407]   0-None                     (    0)
[161] [     9428389]   0-None                     (    0)
[162] [     9438383]   0-None                     (    0)
[163] [     9448385]   0-None                     (    0)
[164] [     9458365]   0-None                     (    0)
[165] [     9468346]   0-None                     (    0)
[166] [     9478322]   0-None                     (    0)
[167] [     9518340]   0-None                     (    0)
[168] [     9528119]   0-None                     (    0)
[169] [     9538115]   0-None                     (    0)
[170] [     9548116]   0-None                     (    0)
[171] [     9558089]   0-None                     (    0)
[172] [     9568074]   0-None                     (    0)
[173] [     9578069]   0-None                     (    0)
[174] [     9588069]   0-None                     (    0)
[175] [     9598049]   0-None                     (    0)
[176] [     9608053]   0-None                     (    0)
[177] [     9618051]   0-None                     (    0)
[178] [     9660214]   0-None                     (    0)
[179] [     9667809]   0-None                     (    0)
[180] [     9677798]   0-None                     (    0)
[181] [     9687803]   0-None                     (    0)
[182] [     9697800]   0-None                     (    0)
[183] [     9707778]   0-None                     (    0)
[184] [     9717781]   0-None                     (    0)
[185] [     9727760]   0-None                     (    0)
[186] [     9737734]   0-None                     (    0)
[187] [     9747737]   0-None                     (    0)
[188] [     9757735]   0-None                     (    0)
[189] [     9767720]   0-None                     (    0)
[190] [     9777716]   0-None                     (    0)
[191] [     9815212]   0-None                     (    0)
[192] [     9827477]   0-None                     (    0)
[193] [     9837447]   0-None                     (    0)
[194] [     9847443]   0-None                     (    0)
[195] [     9857423]   0-None                     (    0)
[196] [     9867401]   0-None                     (    0)
[197] [     9877384]   0-None                     (    0)
[198] [     9887364]   0-None                     (    0)
[199] [     9897360]   0-None                     (    0)
[200] [     9907362]   0-None                     (    0)
[201] [     9917342]   0-None                     (    0)
[202] [     9955211]   0-None                     (    0)
[203] [     9967131]   0-None                     (    0)
[204] [     9977110]   0-None                     (    0)
[205] [     9987090]   0-None                     (    0)
[206] [     9997087]   0-None                     (    0)
[207] [    10007084]   0-None                     (    0)
[208] [    10017070]   0-None                     (    0)
[209] [    10027046]   0-None                     (    0)
[210] [    10037045]   0-None                     (    0)
[211] [    10047029]   0-None                     (    0)
[212] [    10057011]   0-None                     (    0)
[213] [    10067007]   0-None                     (    0)
[214] [    10109337]   0-None                     (    0)
[215] [    10116768]   0-None                     (    0)
[216] [    10126759]   0-None                     (    0)
[217] [    10136756]   0-None                     (    0)
[218] [    10146756]   0-None                     (    0)
[219] [    10156749]   0-None                     (    0)
[220] [    10166735]   0-None                     (    0)
[221] [    10176731]   0-None                     (    0)
[222] [    10186736]   0-None                     (    0)
[223] [    10196735]   0-None                     (    0)
[224] [    10206730]   0-None                     (    0)
[225] [    10249333]   0-None                     (    0)
[226] [    10256485]   0-None                     (    0)
[227] [    10266479]   0-None                     (    0)
[228] [    10276481]   0-None                     (    0)
[229] [    10286461]   0-None                     (    0)
[230] [    10296460]   0-None                     (    0)
[231] [    10306456]   0-None                     (    0)
[232] [    10316463]   0-None                     (    0)
[233] [    10326459]   0-None                     (    0)
[234] [    10336444]   0-None                     (    0)
[235] [    10346438]   0-None                     (    0)
[236] [    10356439]   0-None                     (    0)
[237] [    10366439]   0-None                     (    0)
[238] [    10404456]   0-None                     (    0)
[239] [    10416237]   0-None                     (    0)
[240] [    10426234]   0-None                     (    0)
[241] [    10436235]   0-None                     (    0)
[242] [    10446229]   0-None                     (    0)
[243] [    10456231]   0-None                     (    0)
[244] [    10466233]   0-None                     (    0)
[245] [    10476213]   0-None                     (    0)
[246] [    10486212]   0-None                     (    0)
[247] [    10496208]   0-None                     (    0)
[248] [    10506192]   0-None                     (    0)
[249] [    10544712]   0-None                     (    0)
[250] [    10555979]   0-None                     (    0)
[251] [    10565982]   0-None                     (    0)
[252] [    10575979]   0-None                     (    0)
[253] [    10585983]   0-None                     (    0)
[254] [    10595999]   0-None                     (    0)
[255] [    10605998]   0-None                     (    0)
[  0] [    10615999]   0-None                     (    0)
[  1] [    10625998]   0-None                     (    0)
[  2] [    10635999]   0-None                     (    0)
[  3] [    10645999]   0-None                     (    0)
[  4] [    10655999]   0-None                     (    0)
[  5] [    10665999]   0-None                     (    0)
[  6] [    10701954]   0-None                     (    0)
[  7] [    10708366]   0-None                     (    0)
[  8] [    10715803]   0-None                     (    0)
[  9] [    10725812]   0-None                     (    0)
[ 10] [    10735812]   0-None                     (    0)
[ 11] [    10745793]   0-None                     (    0)
[ 12] [    10755790]   0-None                     (    0)
[ 13] [    10765788]   0-None                     (    0)
[ 14] [    10775772]   0-None                     (    0)
[ 15] [    10785774]   0-None                     (    0)
[ 16] [    10795767]   0-None                     (    0)
[ 17] [    10805770]   0-None                     (    0)
[ 18] [    10815792]   0-None                     (    0)
[ 19] [    10856202]   0-None                     (    0)
[ 20] [    10865620]   0-None                     (    0)
[ 21] [    10875622]   0-None                     (    0)
[ 22] [    10885601]   0-None                     (    0)
[ 23] [    10895603]   0-None                     (    0)
[ 24] [    10905583]   0-None                     (    0)
[ 25] [    10915580]   0-None                     (    0)
[ 26] [    10925577]   0-None                     (    0)
[ 27] [    10935582]   0-None                     (    0)
[ 28] [    10945580]   0-None                     (    0)
[ 29] [    10955577]   0-None                     (    0)
[ 30] [    10965562]   0-None                     (    0)
[ 31] [    10975563]   0-None                     (    0)
[ 32] [    11011576]   0-None                     (    0)
[ 33] [    11017966]   0-None                     (    0)
[ 34] [    11025350]   0-None                     (    0)
[ 35] [    11035332]   0-None                     (    0)
[ 36] [    11045330]   0-None                     (    0)
[ 37] [    11055327]   0-None                     (    0)
[ 38] [    11065332]   0-None                     (    0)
[ 39] [    11075328]   0-None                     (    0)
[ 40] [    11085325]   0-None                     (    0)
[ 41] [    11095330]   0-None                     (    0)
[ 42] [    11105307]   0-None                     (    0)
[ 43] [    11115308]   0-None                     (    0)
[ 44] [    11152327]   0-None                     (    0)
[ 45] [    11155367]   0-None                     (    0)
[ 46] [    11165099]   0-None                     (    0)
[ 47] [    11175079]   0-None                     (    0)
[ 48] [    11185098]   0-None                     (    0)
[ 49] [    11195079]   0-None                     (    0)
[ 50] [    11205076]   0-None                     (    0)
[ 51] [    11215061]   0-None                     (    0)
[ 52] [    11225055]   0-None                     (    0)
[ 53] [    11235035]   0-None                     (    0)
[ 54] [    11245034]   0-None                     (    0)
[ 55] [    11255018]   0-None                     (    0)
[ 56] [    11265020]   0-None                     (    0)
[ 57] [    11275013]   0-None                     (    0)
[ 58] [    11311059]   0-None                     (    0)
[ 59] [    11317490]   0-None                     (    0)
[ 60] [    11324783]   0-None                     (    0)
[ 61] [    11334767]   0-None                     (    0)
[ 62] [    11344767]   0-None                     (    0)
[ 63] [    11354769]   0-None                     (    0)
[ 64] [    11364767]   0-None                     (    0)
[ 65] [    11374746]   0-None                     (    0)
[ 66] [    11384742]   0-None                     (    0)
[ 67] [    11394745]   0-None                     (    0)
[ 68] [    11404743]   0-None                     (    0)
[ 69] [    11414725]   0-None                     (    0)
[ 70] [    11424723]   0-None                     (    0)
[ 71] [    11463445]   0-None                     (    0)
[ 72] [    11474479]   0-None                     (    0)
[ 73] [    11484467]   0-None                     (    0)
[ 74] [    11494469]   0-None                     (    0)
[ 75] [    11504450]   0-None                     (    0)
[ 76] [    11514448]   0-None                     (    0)
[ 77] [    11524445]   0-None                     (    0)
[ 78] [    11534451]   0-None                     (    0)
[ 79] [    11544448]   0-None                     (    0)
[ 80] [    11554445]   0-None                     (    0)
[ 81] [    11564450]   0-None                     (    0)
[ 82] [    11602945]   0-None                     (    0)
[ 83] [    11614221]   0-None                     (    0)
[ 84] [    11624223]   0-None                     (    0)
[ 85] [    11634219]   0-None                     (    0)
[ 86] [    11644199]   0-None                     (    0)
[ 87] [    11654197]   0-None                     (    0)
[ 88] [    11664202]   0-None                     (    0)
[ 89] [    11674198]   0-None                     (    0)
[ 90] [    11684182]   0-None                     (    0)
[ 91] [    11694176]   0-None                     (    0)
[ 92] [    11704176]   0-None                     (    0)
[ 93] [    11714156]   0-None                     (    0)
[ 94] [    11724142]   0-None                     (    0)
[ 95] [    11760196]   0-None                     (    0)
[ 96] [    11766604]   0-None                     (    0)
[ 97] [    11773885]   0-None                     (    0)
[ 98] [    11783886]   0-None                     (    0)
[ 99] [    11793869]   0-None                     (    0)
[100] [    11803869]   0-None                     (    0)
[101] [    11813846]   0-None                     (    0)
[102] [    11823820]   0-None                     (    0)
[103] [    11833818]   0-None                     (    0)
[104] [    11843803]   0-None                     (    0)
[105] [    11853799]   0-None                     (    0)
[106] [    11863779]   0-None                     (    0)
[107] [    11873758]   0-None                     (    0)
[108] [    11914443]   0-None                     (    0)
[109] [    11923494]   0-None                     (    0)
[110] [    11933491]   0-None                     (    0)
[111] [    11943485]   0-None                     (    0)
[112] [    11953487]   0-None                     (    0)
[113] [    11963467]   0-None                     (    0)
[114] [    11973469]   0-None                     (    0)
[115] [    11983462]   0-None                     (    0)
[116] [    11993465]   0-None                     (    0)
[117] [    12003446]   0-None                     (    0)
[118] [    12013444]   0-None                     (    0)
[119] [    12023428]   0-None                     (    0)
[120] [    12033423]   0-None                     (    0)
[121] [    12069445]   0-None                     (    0)
[122] [    12075852]   0-None                     (    0)
[123] [    12083211]   0-None                     (    0)
[124] [    12093222]   0-None                     (    0)
[125] [    12103217]   0-None                     (    0)
[126] [    12113198]   0-None                     (    0)
[127] [    12123196]   0-None                     (    0)
[128] [    12133196]   0-None                     (    0)
[129] [    12143178]   0-None                     (    0)
[130] [    12153178]   0-None                     (    0)
[131] [    12163160]   0-None                     (    0)
[132] [    12173138]   0-None                     (    0)
[133] [    12209564]   0-None                     (    0)
[134] [    12215954]   0-None                     (    0)
[135] [    12222914]   0-None                     (    0)
[136] [    12232902]   0-None                     (    0)
[137] [    12242900]   0-None                     (    0)
[138] [    12252883]   0-None                     (    0)
[139] [    12262865]   0-None                     (    0)
[140] [    12272861]   0-None                     (    0)
[141] [    12282862]   0-None                     (    0)
[142] [    12292856]   0-None                     (    0)
[143] [    12302815]   0-None                     (    0)
[144] [    12312800]   0-None                     (    0)
[145] [    12322795]   0-None                     (    0)
[146] [    12364438]   0-None                     (    0)
[147] [    12372539]   0-None                     (    0)
[148] [    12382527]   0-None                     (    0)
[149] [    12392505]   0-None                     (    0)
[150] [    12402487]   0-None                     (    0)
[151] [    12412481]   0-None                     (    0)
[152] [    12422461]   0-None                     (    0)
[153] [    12432442]   0-None                     (    0)
[154] [    12442420]   0-None                     (    0)
[155] [    12452399]   0-None                     (    0)
[156] [    12462397]   0-None                     (    0)
[157] [    12472381]   0-None                     (    0)
[158] [    12508437]   0-None                     (    0)
[159] [    12514850]   0-None                     (    0)
[160] [    12522165]   0-None                     (    0)
[161] [    12532153]   0-None                     (    0)
[162] [    12542149]   0-None                     (    0)
[163] [    12552133]   0-None                     (    0)
[164] [    12562132]   0-None                     (    0)
[165] [    12572131]   0-None                     (    0)
[166] [    12582111]   0-None                     (    0)
[167] [    12592088]   0-None                     (    0)
[168] [    12602083]   0-None                     (    0)
[169] [    12612068]   0-None                     (    0)
[170] [    12622065]   0-None                     (    0)
[171] [    12660184]   0-None                     (    0)
[172] [    12671845]   0-None                     (    0)
[173] [    12681833]   0-None                     (    0)
[174] [    12691836]   0-None                     (    0)
[175] [    12701816]   0-None                     (    0)
[176] [    12711813]   0-None                     (    0)
[177] [    12721809]   0-None                     (    0)
[178] [    12731794]   0-None                     (    0)
[179] [    12741789]   0-None                     (    0)
[180] [    12751790]   0-None                     (    0)
[181] [    12761770]   0-None                     (    0)
[182] [    12800915]   0-None                     (    0)
[183] [    12811562]   0-None                     (    0)
[184] [    12821538]   0-None                     (    0)
[185] [    12831539]   0-None                     (    0)
[186] [    12841519]   0-None                     (    0)
[187] [    12851519]   0-None                     (    0)
[188] [    12861483]   0-None                     (    0)
[189] [    12871476]   0-None                     (    0)
[190] [    12881456]   0-None                     (    0)
[191] [    12891459]   0-None                     (    0)
[192] [    12901439]   0-None                     (    0)
[193] [    12911436]   0-None                     (    0)
[194] [    12921433]   0-None                     (    0)
[195] [    12957437]   0-None                     (    0)
[196] [    12963842]   0-None                     (    0)
[197] [    12971188]   0-None                     (    0)
[198] [    12981166]   0-None                     (    0)
[199] [    12991148]   0-None                     (    0)
[200] [    13001146]   0-None                     (    0)
[201] [    13011109]   0-None                     (    0)
[202] [    13021106]   0-None                     (    0)
[203] [    13031084]   0-None                     (    0)
[204] [    13041061]   0-None                     (    0)
[205] [    13051037]   0-None                     (    0)
[206] [    13061020]   0-None                     (    0)
[207] [    13070997]   0-None                     (    0)
[208] [    13111556]   0-None                     (    0)
[209] [    13120769]   0-None                     (    0)
[210] [    13130746]   0-None                     (    0)
[211] [    13140708]   0-None                     (    0)
[212] [    13150680]   0-None                     (    0)
[213] [    13160665]   0-None                     (    0)
[214] [    13170660]   0-None                     (    0)
[215] [    13180641]   0-None                     (    0)
[216] [    13190625]   0-None                     (    0)
[217] [    13200607]   0-None                     (    0)
[218] [    13210602]   0-None                     (    0)
[219] [    13220583]   0-None                     (    0)
[220] [    13230578]   0-None                     (    0)
[221] [    13266790]   0-None                     (    0)
[222] [    13273219]   0-None                     (    0)
[223] [    13280312]   0-None                     (    0)
[224] [    13290290]   0-None                     (    0)
[225] [    13300286]   0-None                     (    0)
[226] [    13310266]   0-None                     (    0)
[227] [    13320244]   0-None                     (    0)
[228] [    13330228]   0-None                     (    0)
[229] [    13340228]   0-None                     (    0)
[230] [    13350208]   0-None                     (    0)
[231] [    13360202]   0-None                     (    0)
[232] [    13370186]   0-None                     (    0)
[233] [    13380164]   0-None                     (    0)
[234] [    13420931]   0-None                     (    0)
[235] [    13429917]   0-None                     (    0)
[236] [    13439909]   0-None                     (    0)
[237] [    13449892]   0-None                     (    0)
[238] [    13459868]   0-None                     (    0)
[239] [    13469870]   0-None                     (    0)
[240] [    13479852]   0-None                     (    0)
[241] [    13489845]   0-None                     (    0)
[242] [    13499847]   0-None                     (    0)
[243] [    13509827]   0-None                     (    0)
[244] [    13519807]   0-None                     (    0)
[245] [    13529784]   0-None                     (    0)
[246] [    13539784]   0-None                     (    0)
[247] [    13575805]   0-None                     (    0)
[248] [    13582215]   0-None                     (    0)
[249] [    13589532]   0-None                     (    0)
[250] [    13599532]   0-None                     (    0)
[251] [    13609512]   0-None                     (    0)
[252] [    13619517]   0-None                     (    0)
[253] [    13629493]   0-None                     (    0)
[254] [    13639495]   0-None                     (    0)
[255] [    13649476]   0-None                     (    0)
[  0] [    13659452]   0-None                     (    0)
[  1] [    13669454]   0-None                     (    0)
[  2] [    13679449]   0-None                     (    0)
[  3] [    13689430]   0-None                     (    0)
[  4] [    13731036]   0-None                     (    0)
[  5] [    13739194]   0-None                     (    0)
[  6] [    13749166]   0-None                     (    0)
[  7] [    13759157]   0-None                     (    0)
[  8] [    13769138]   0-None                     (    0)
[  9] [    13779124]   0-None                     (    0)
[ 10] [    13789123]   0-None                     (    0)
[ 11] [    13799103]   0-None                     (    0)
[ 12] [    13809099]   0-None                     (    0)
[ 13] [    13819086]   0-None                     (    0)
[ 14] [    13829052]   0-None                     (    0)
[ 15] [    13839049]   0-None                     (    0)
[ 16] [    13849015]   0-None                     (    0)
