[ 93] [     2478761] 1 | True  True 00 ( 1154,  184)   4   700  1392
[ 94] [     2489900] 1 | True  True 00 ( 1158,  185)   4   732  1120
[ 95] [     2499890] 1 | True  True 00 ( 1177,  190)   4   712  1392
[ 96] [     2509890] 1 | True  True 00 ( 1199,  197)   5   769  1164
[ 97] [     2519870] 1 | True  True 00 ( 1223,  205)   4   748   968
[ 98] [     2529853] 1 | True  True 00 ( 1244,  214)   4   781   924
[ 99] [     2539836] 1 | True  True 00 ( 1263,  223)   4   742  1192
[100] [     2549845] 1 | True  True 00 ( 1281,  234)   4   719  1508
[101] [     2559826] 1 | True  True 00 ( 1296,  246)   4   703  1688
[102] [     2569826] 1 | True  True 00 ( 1309,  258)   5   759  1764
[103] [     2579827] 1 | True  True 00 ( 1321,  270)   4   725  1596
[104] [     2620510] 1 | True  True 00 ( 1334,  282)   4   713  1312
[105] [     2629601] 1 | True  True 00 ( 1348,  295)   4   754  1056
[106] [     2639574] 1 | True  True 00 ( 1367,  320)   2   577  1404
[107] [     2649554] 1 | True  True 00 ( 1385,  343)   3   636  1416
[108] [     2659534] 1 | True  True 00 ( 1397,  369)   4   811  1252
[109] [     2669531] 1 | True  True 00 ( 1408,  390)   4   703  1044
[110] [     2679508] 1 | True  True 00 ( 1417,  410)   4   653  1168
[111] [     2689489] 1 | True  True 00 ( 1421,  431)   6   868  1500
[112] [     2699492] 1 | True  True 00 ( 1427,  454)   4   653  1588
[113] [     2709470] 1 | True  True 00 ( 1428,  474)   6   786  1400
[114] [     2719452] 1 | True  True 00 ( 1428,  493)   4   759  1296
[115] [     2729446] 1 | True  True 00 ( 1427,  514)   6   788  1048
[116] [     2739447] 1 | True  True 00 ( 1425,  534)   5   751  1332
[117] [     2776280] 1 | True  True 00 ( 1426,  552)   3   673  1536
[118] [     2779320] 1 | True  True 00 ( 1425,  571)   4   733  1612
[119] [     2789195] 1 | True  True 00 ( 1419,  596)   4   771   856
[120] [     2799197] 1 | True  True 00 ( 1412,  620)   4   781   956
[121] [     2809177] 1 | True  True 00 ( 1404,  641)   4   757  1164
[122] [     2819158] 1 | True  True 00 ( 1394,  661)   5   766  1428
[123] [     2829155] 1 | True  True 00 ( 1382,  680)   5   770  1636
[124] [     2839131] 1 | True  True 00 ( 1369,  697)   5   777  1740
[125] [     2849112] 1 | True  True 00 ( 1357,  712)   4   765  1652
[126] [     2859096] 1 | True  True 00 ( 1345,  724)   4   787  1400
[127] [     2869078] 1 | True  True 00 ( 1334,  737)   4   766  1032
[128] [     2879074] 1 | True  True 00 ( 1322,  749)   4   773   852
[129] [     2889054] 1 | True  True 00 ( 1309,  761)   4   754  1060
[130] [     2929904] 1 | True  True 00 ( 1294,  773)   5   775  1312
[131] [     2938809] 1 | True  True 00 ( 1276,  782)   4   725  1592
[132] [     2948784] 1 | True  True 00 ( 1248,  797)   4   724  1136
[133] [     2958782] 1 | True  True 00 ( 1221,  810)   4   706  1432
[134] [     2968760] 1 | True  True 00 ( 1192,  821)   5   762  1680
[135] [     2978761] 1 | True  True 00 ( 1167,  828)   4   721  1752
[136] [     2988734] 1 | True  True 00 ( 1146,  832)   4   742  1620
[137] [     2998722] 1 | True  True 00 ( 1128,  835)   4   747  1400
[138] [     3008715] 1 | True  True 00 ( 1110,  837)   4   720  1200
[139] [     3018718] 1 | True  True 00 ( 1091,  838)   5   764  1488
[140] [     3028719] 1 | True  True 00 ( 1071,  838)   5   754  1700
[141] [     3038720] 1 | True  True 00 ( 1051,  836)   4   702  1716
[142] [     3048701] 1 | True  True 00 ( 1034,  834)   4   703  1560
[143] [     3084775] 1 | True  True 00 ( 1018,  829)   4   700  1328
[144] [     3091188] 1 | True  True 00 ( 1002,  824)   4   707  1100
[145] [     3098503] 1 | True  True 00 (  976,  813)   4   711  1260
[146] [     3108491] 1 | True  True 00 (  951,  799)   4   724  1152
[147] [     3118487] 1 | True  True 00 (  931,  786)   4   719  1236
[148] [     3128484] 1 | True  True 00 (  913,  773)   4   725  1236
[149] [     3138488] 1 | True  True 00 (  898,  760)   4   698  1180
[150] [     3148486] 1 | True  True 00 (  885,  748)   5   735  1096
[151] [     3158484] 1 | True  True 00 (  872,  734)   4   666  1208
[152] [     3168488] 1 | True  True 00 (  858,  721)   4   672  1260
[153] [     3178486] 1 | True  True 00 (  845,  706)   4   671  1180
[154] [     3188464] 1 | True  True 00 (  831,  689)   5   759  1208
[155] [     3198466] 1 | True  True 00 (  820,  672)   4   715  1520
[156] [     3239526] 1 | True  True 00 (  811,  656)   4   709  1660
[157] [     3248249] 1 | True  True 00 (  804,  642)   4   692  1660
[158] [     3258237] 1 | True  True 00 (  796,  613)   4   722  1220
[159] [     3268215] 1 | True  True 00 (  790,  583)   4   769  1580
[160] [     3278217] 1 | True  True 00 (  786,  557)   5   768  1540
[161] [     3288197] 1 | True  True 00 (  785,  534)   5   826  1624
[162] [     3298209] 1 | True  True 00 (  784,  513)   4   697  1276
[163] [     3308199] 1 | True  True 00 (  785,  492)   4   719  1120
[164] [     3318196] 1 | True  True 00 (  784,  473)   4   824  1332
[165] [     3328170] 1 | True  True 00 (  784,  457)   4   826  1604
[166] [     3338174] 1 | True  True 00 (  785,  442)   4   770  1688
[167] [     3379397] 1 | True  True 00 (  788,  425)   5   756  1676
[168] [     3387962] 1 | True  True 00 (  792,  405)   4   697  1488
[169] [     3397963] 1 | True  True 00 (  808,  375)   5   769  1100
[170] [     3407964] 1 | True  True 00 (  826,  346)   4   704  1248
[171] [     3417945] 1 | True  True 00 (  843,  323)   6   768  1404
[172] [     3427958] 1 | True  True 00 (  858,  303)   4   680  1488
[173] [     3437942] 1 | True  True 00 (  872,  286)   4   710  1488
[174] [     3447942] 1 | True  True 00 (  884,  270)   5   751  1320
[175] [     3457941] 1 | True  True 00 (  898,  257)   4   672  1064
[176] [     3467941] 1 | True  True 00 (  913,  245)   4   705   952
[177] [     3477941] 1 | True  True 00 (  929,  234)   4   714   820
[178] [     3487921] 1 | True  True 00 (  947,  224)   4   712  1096
[179] [     3497923] 1 | True  True 00 (  963,  216)   4   731  1376
[180] [     3534646] 1 | True  True 00 (  979,  208)   4   707  1568
[181] [     3537727] 1 | True  True 00 (  995,  202)   4   675  1404
[182] [     3547719] 1 | True  True 00 ( 1023,  197)   4   718  1360
[183] [     3557732] 1 | True  True 00 ( 1051,  192)   4   717  1600
[184] [     3567730] 1 | True  True 00 ( 1075,  190)   3   660  1676
[185] [     3577734] 1 | True  True 00 ( 1096,  188)   4   693  1512
[186] [     3587732] 1 | True  True 00 ( 1118,  188)   4   732  1272
[187] [     3597730] 1 | True  True 00 ( 1139,  188)   4   749  1104
[188] [     3607734] 1 | True  True 00 ( 1158,  190)   4   766  1316
[189] [     3617732] 1 | True  True 00 ( 1176,  192)   4   749  1424
[190] [     3627730] 1 | True  True 00 ( 1193,  196)   4   743  1468
[191] [     3637714] 1 | True  True 00 ( 1209,  200)   5   763  1272
[192] [     3647716] 1 | True  True 00 ( 1227,  206)   4   740   980
[193] [     3657729] 1 | True  True 00 ( 1245,  213)   4   770   908
[194] [     3693771] 1 | True  True 00 ( 1262,  222)   4   746  1132
[195] [     3700179] 1 | True  True 00 ( 1278,  232)   4   722  1400
[196] [     3707524] 1 | True  True 00 ( 1298,  249)   4   713  1672
[197] [     3717523] 1 | True  True 00 ( 1317,  266)   4   736  1476
[198] [     3727522] 1 | True  True 00 ( 1335,  284)   4   742  1144
[199] [     3737505] 1 | True  True 00 ( 1351,  300)   4   751   968
[200] [     3747498] 1 | True  True 00 ( 1365,  316)   4   753   996
[201] [     3757499] 1 | True  True 00 ( 1378,  332)   4   741  1224
[202] [     3767482] 1 | True  True 00 ( 1388,  350)   3   666  1416
[203] [     3777477] 1 | True  True 00 ( 1398,  363)   3   662  1492
[204] [     3787463] 1 | True  True 00 ( 1406,  376)   4   726  1356
[205] [     3797464] 1 | True  True 00 ( 1412,  391)   4   724  1120
[206] [     3807438] 1 | True  True 00 ( 1419,  407)   4   679  1124
[207] [     3845896] 1 | True  True 00 ( 1424,  426)   4   658  1384
[208] [     3857249] 1 | True  True 00 ( 1429,  446)   5   665  1412
[209] [     3867237] 1 | True  True 00 ( 1429,  479)   4   769  1244
[210] [     3877233] 1 | True  True 00 ( 1426,  513)   5   785  1436
[211] [     3887237] 1 | True  True 00 ( 1426,  541)   7   862  1552
[212] [     3897233] 1 | True  True 00 ( 1424,  566)   4   755  1536
[213] [     3907237] 1 | True  True 00 ( 1421,  588)   4   778  1316
[214] [     3917233] 1 | True  True 00 ( 1417,  607)   4   778  1020
[215] [     3927217] 1 | True  True 00 ( 1411,  626)   4   775   856
[216] [     3937210] 1 | True  True 00 ( 1405,  643)   4   757  1076
[217] [     3947231] 1 | True  True 00 ( 1396,  660)   5   768  1312
[218] [     3957236] 1 | True  True 00 ( 1387,  677)   5   762  1532
[219] [     3967232] 1 | True  True 00 ( 1375,  693)   4   708  1708
[220] [     4003267] 1 | True  True 00 ( 1362,  708)   4   748  1652
[221] [     4009679] 1 | True  True 00 ( 1350,  721)   4   795  1504
[222] [     4017014] 1 | True  True 00 ( 1331,  740)   4   758  1000
[223] [     4027020] 1 | True  True 00 ( 1311,  757)   4   722  1192
[224] [     4037018] 1 | True  True 00 ( 1291,  771)   4   725  1444
[225] [     4047015] 1 | True  True 00 ( 1271,  784)   3   647  1636
[226] [     4057001] 1 | True  True 00 ( 1254,  795)   5   738  1576
[227] [     4067016] 1 | True  True 00 ( 1238,  805)   6   789  1472
[228] [     4077001] 1 | True  True 00 ( 1222,  814)   4   714  1224
[229] [     4086997] 1 | True  True 00 ( 1205,  821)   4   731  1356
[230] [     4096997] 1 | True  True 00 ( 1187,  827)   5   754  1604
[231] [     4106979] 1 | True  True 00 ( 1166,  832)   4   701  1708
[232] [     4116975] 1 | True  True 00 ( 1147,  835)   4   750  1692
[233] [     4155635] 1 | True  True 00 ( 1131,  836)   4   731  1488
[234] [     4166812] 1 | True  True 00 ( 1115,  838)   4   725  1240
[235] [     4176812] 1 | True  True 00 ( 1084,  835)   4   691  1600
[236] [     4186807] 1 | True  True 00 ( 1054,  831)   4   669  1400
[237] [     4196808] 1 | True  True 00 ( 1027,  826)   4   700  1156
[238] [     4206829] 1 | True  True 00 ( 1004,  819)   4   707  1092
[239] [     4216813] 1 | True  True 00 (  982,  812)   3   616  1204
[240] [     4226825] 1 | True  True 00 (  959,  803)   4   676  1188
[241] [     4236829] 1 | True  True 00 (  941,  793)   4   715  1124
[242] [     4246831] 1 | True  True 00 (  925,  783)   4   719  1192
[243] [     4256833] 1 | True  True 00 (  911,  772)   4   727  1248
[244] [     4266833] 1 | True  True 00 (  898,  762)   4   711  1192
[245] [     4276835] 1 | True  True 00 (  886,  751)   4   680  1108
[246] [     4312874] 1 | True  True 00 (  875,  737)   5   713  1164
[247] [     4319279] 1 | True  True 00 (  862,  723)   4   663  1192
[248] [     4326623] 1 | True  True 00 (  844,  699)   5   768  1424
[249] [     4336618] 1 | True  True 00 (  828,  676)   4   712  1576
[250] [     4346618] 1 | True  True 00 (  815,  654)   4   682  1616
[251] [     4356618] 1 | True  True 00 (  806,  633)   4   705  1468
[252] [     4366618] 1 | True  True 00 (  799,  616)   4   708  1356
[253] [     4376618] 1 | True  True 00 (  793,  596)   5   883  1120
[254] [     4386618] 1 | True  True 00 (  789,  577)   4   808  1412
[255] [     4396617] 1 | True  True 00 (  786,  558)   4   793  1664
[  0] [     4406618] 1 | True  True 00 (  784,  542)   4   686  1484
[  1] [     4416617] 1 | True  True 00 (  782,  527)   4   731  1624
[  2] [     4426617] 1 | True  True 00 (  781,  510)   4   668  1260
[  3] [     4465123] 1 | True  True 00 (  782,  493)   5   784  1108
[  4] [     4476434] 1 | True  True 00 (  783,  474)   4   701  1188
[  5] [     4486415] 1 | True  True 00 (  787,  443)   4   678  1516
[  6] [     4496410] 1 | True  True 00 (  794,  413)   5   739  1260
[  7] [     4506413] 1 | True  True 00 (  802,  388)   6   819  1100
[  8] [     4516409] 1 | True  True 00 (  812,  365)   4   711  1172
[  9] [     4526392] 1 | True  True 00 (  823,  345)   4   713  1116
[ 10] [     4536392] 1 | True  True 00 (  835,  327)   4   703  1148
[ 11] [     4546389] 1 | True  True 00 (  847,  314)   6   794  1348
[ 12] [     4556387] 1 | True  True 00 (  860,  300)   4   676  1488
[ 13] [     4566394] 1 | True  True 00 (  871,  286)   4   688  1472
[ 14] [     4576391] 1 | True  True 00 (  882,  273)   4   678  1388
[ 15] [     4618509] 1 | True  True 00 (  893,  260)   5   726  1164
[ 16] [     4626188] 1 | True  True 00 (  908,  248)   4   690   952
[ 17] [     4636184] 1 | True  True 00 (  935,  232)   4   711  1480
[ 18] [     4646178] 1 | True  True 00 (  963,  218)   4   693  1524
[ 19] [     4656158] 1 | True  True 00 (  990,  207)   5   733  1332
[ 20] [     4666160] 1 | True  True 00 ( 1015,  199)   4   701  1052
[ 21] [     4676162] 1 | True  True 00 ( 1039,  194)   4   729  1300
[ 22] [     4686156] 1 | True  True 00 ( 1061,  190)   4   731  1540
[ 23] [     4696158] 1 | True  True 00 ( 1079,  188)   3   661  1632
[ 24] [     4706119] 1 | True  True 00 ( 1097,  188)   4   689  1540
[ 25] [     4716114] 1 | True  True 00 ( 1116,  187)   3   649  1288
[ 26] [     4726094] 1 | True  True 00 ( 1135,  188)   4   726  1048
[ 27] [     4736099] 1 | True  True 00 ( 1154,  189)   4   747  1272
[ 28] [     4772118] 1 | True  True 00 ( 1172,  191)   4   733  1376
[ 29] [     4778547] 1 | True  True 00 ( 1189,  194)   4   753  1484
[ 30] [     4785864] 1 | True  True 00 ( 1214,  202)   4   740   940
[ 31] [     4795843] 1 | True  True 00 ( 1240,  213)   4   739   996
[ 32] [     4805828] 1 | True  True 00 ( 1263,  224)   4   719  1280
[ 33] [     4815830] 1 | True  True 00 ( 1282,  237)   5   764  1596
[ 34] [     4825823] 1 | True  True 00 ( 1298,  250)   4   708  1720
[ 35] [     4835826] 1 | True  True 00 ( 1311,  262)   3   651  1732
[ 36] [     4845827] 1 | True  True 00 ( 1324,  275)   4   737  1524
[ 37] [     4855808] 1 | True  True 00 ( 1337,  287)   4   731  1204
[ 38] [     4865805] 1 | True  True 00 ( 1351,  301)   4   745   948
[ 39] [     4875786] 1 | True  True 00 ( 1364,  314)   4   742   996
[ 40] [     4885801] 1 | True  True 00 ( 1376,  330)   4   734  1164
[ 41] [     4922640] 1 | True  True 00 ( 1386,  346)   6   831  1404
[ 42] [     4925673] 1 | True  True 00 ( 1395,  359)   3   640  1432
[ 43] [     4935568] 1 | True  True 00 ( 1403,  382)   4   719   940
[ 44] [     4945558] 1 | True  True 00 ( 1411,  407)   5   712  1152
[ 45] [     4955535] 1 | True  True 00 ( 1417,  433)   5   728  1472
[ 46] [     4965529] 1 | True  True 00 ( 1421,  457)   4   712  1500
[ 47] [     4975528] 1 | True  True 00 ( 1425,  477)   6   886  1560
[ 48] [     4985510] 1 | True  True 00 ( 1427,  496)   4   801  1328
[ 49] [     4995513] 1 | True  True 00 ( 1424,  516)   5   783  1124
[ 50] [     5005510] 1 | True  True 00 ( 1425,  539)   3   607  1360
[ 51] [     5015487] 1 | True  True 00 ( 1426,  556)   7   902  1552
[ 52] [     5025487] 1 | True  True 00 ( 1425,  574)   4   711  1492
[ 53] [     5035467] 1 | True  True 00 ( 1422,  591)   4   770  1376
[ 54] [     5076510] 1 | True  True 00 ( 1418,  607)   4   748  1064
[ 55] [     5085232] 1 | True  True 00 ( 1413,  623)   4   752   768
[ 56] [     5095220] 1 | True  True 00 ( 1397,  651)   5   737  1608
[ 57] [     5105226] 1 | True  True 00 ( 1378,  678)   3   651  1620
[ 58] [     5115202] 1 | True  True 00 ( 1361,  701)   4   754  1548
[ 59] [     5125203] 1 | True  True 00 ( 1347,  720)   4   751  1224
[ 60] [     5135183] 1 | True  True 00 ( 1334,  736)   4   750   928
[ 61] [     5145159] 1 | True  True 00 ( 1320,  750)   4   728   824
[ 62] [     5155154] 1 | True  True 00 ( 1307,  763)   4   743  1088
[ 63] [     5165157] 1 | True  True 00 ( 1291,  774)   4   695  1340
[ 64] [     5175151] 1 | True  True 00 ( 1273,  785)   4   690  1560
[ 65] [     5185132] 1 | True  True 00 ( 1256,  794)   3   635  1576
[ 66] [     5195136] 1 | True  True 00 ( 1241,  803)   4   680  1504
[ 67] [     5231610] 1 | True  True 00 ( 1227,  811)   5   752  1340
[ 68] [     5238042] 1 | True  True 00 ( 1211,  818)   4   717  1212
[ 69] [     5244954] 1 | True  True 00 ( 1184,  825)   4   706  1664
[ 70] [     5254948] 1 | True  True 00 ( 1158,  830)   4   727  1532
[ 71] [     5264949] 1 | True  True 00 ( 1134,  834)   4   715  1284
[ 72] [     5274951] 1 | True  True 00 ( 1112,  836)   3   629  1172
[ 73] [     5284944] 1 | True  True 00 ( 1091,  838)   5   703  1400
[ 74] [     5294927] 1 | True  True 00 ( 1068,  838)   5   708  1660
[ 75] [     5304945] 1 | True  True 00 ( 1048,  836)   4   689  1672
[ 76] [     5314945] 1 | True  True 00 ( 1031,  833)   5   723  1488
[ 77] [     5324944] 1 | True  True 00 ( 1015,  829)   4   686  1272
[ 78] [     5334943] 1 | True  True 00 (  998,  823)   4   700  1064
[ 79] [     5344943] 1 | True  True 00 (  981,  816)   5   725  1148
[ 80] [     5387004] 1 | True  True 00 (  962,  808)   4   669  1232
[ 81] [     5394740] 1 | True  True 00 (  945,  799)   4   680  1120
[ 82] [     5404735] 1 | True  True 00 (  921,  780)   4   683  1136
[ 83] [     5414735] 1 | True  True 00 (  899,  759)   5   717  1112
[ 84] [     5424735] 1 | True  True 00 (  879,  739)   4   654  1180
[ 85] [     5434736] 1 | True  True 00 (  861,  720)   4   658  1164
[ 86] [     5444736] 1 | True  True 00 (  845,  703)   3   580  1028
[ 87] [     5454738] 1 | True  True 00 (  831,  685)   4   677  1328
[ 88] [     5464733] 1 | True  True 00 (  820,  669)   3   628  1480
[ 89] [     5474713] 1 | True  True 00 (  810,  652)   4   698  1660
[ 90] [     5484712] 1 | True  True 00 (  802,  638)   4   654  1576
[ 91] [     5494696] 1 | True  True 00 (  797,  620)   4   711  1384
[ 92] [     5504698] 1 | True  True 00 (  792,  602)   5   812  1124
[ 93] [     5542752] 1 | True  True 00 (  788,  583)   5   859  1176
[ 94] [     5554511] 1 | True  True 00 (  785,  565)   4   782  1568
[ 95] [     5564502] 1 | True  True 00 (  783,  535)   4   673  1064
[ 96] [     5574507] 1 | True  True 00 (  783,  507)   5   852  1176
[ 97] [     5584504] 1 | True  True 00 (  783,  482)   4   814  1388
[ 98] [     5594501] 1 | True  True 00 (  784,  461)   4   765  1588
[ 99] [     5604487] 1 | True  True 00 (  787,  440)   5   736  1616
[100] [     5614482] 1 | True  True 00 (  790,  422)   4   699  1560
[101] [     5624483] 1 | True  True 00 (  794,  401)   5   717  1304
[102] [     5634443] 1 | True  True 00 (  800,  383)   4   670  1088
[103] [     5644445] 1 | True  True 00 (  809,  364)   4   682  1072
[104] [     5682879] 1 | True  True 00 (  819,  347)   5   746  1128
[105] [     5694251] 1 | True  True 00 (  831,  331)   4   704  1052
[106] [     5704237] 1 | True  True 00 (  851,  307)   3   623  1404
[107] [     5714218] 1 | True  True 00 (  871,  284)   4   663  1204
[108] [     5724216] 1 | True  True 00 (  891,  264)   4   664   952
[109] [     5734214] 1 | True  True 00 (  911,  248)   4   692   864
[110] [     5744197] 1 | True  True 00 (  931,  235)   4   699   864
[111] [     5754198] 1 | True  True 00 (  949,  223)   4   699  1172
[112] [     5764191] 1 | True  True 00 (  967,  214)   4   692  1376
[113] [     5774193] 1 | True  True 00 (  982,  206)   3   608  1480
[114] [     5784174] 1 | True  True 00 (  999,  200)   3   596  1316
[115] [     5823502] 1 | True  True 00 ( 1019,  196)   4   687  1084
[116] [     5833986] 1 | True  True 00 ( 1038,  192)   4   688  1120
[117] [     5843981] 1 | True  True 00 ( 1070,  190)   3   618  1348
[118] [     5853981] 1 | True  True 00 ( 1102,  190)   4   721  1120
[119] [     5863981] 1 | True  True 00 ( 1131,  190)   4   735  1180
[120] [     5874002] 1 | True  True 00 ( 1156,  191)   4   749  1364
[121] [     5884001] 1 | True  True 00 ( 1177,  194)   4   737  1408
[122] [     5893998] 1 | True  True 00 ( 1195,  197)   4   719  1392
[123] [     5904004] 1 | True  True 00 ( 1213,  202)   4   702  1148
[124] [     5914023] 1 | True  True 00 ( 1231,  208)   4   726   940
[125] [     5924025] 1 | True  True 00 ( 1250,  216)   4   740   920
[126] [     5934026] 1 | True  True 00 ( 1267,  225)   4   718  1204
[127] [     5944022] 1 | True  True 00 ( 1283,  235)   4   711  1464
[128] [     5979998] 1 | True  True 00 ( 1297,  246)   4   681  1660
[129] [     5986410] 1 | True  True 00 ( 1309,  258)   3   628  1688
[130] [     5993828] 1 | True  True 00 ( 1328,  277)   4   705   996
[131] [     6003815] 1 | True  True 00 ( 1347,  296)   4   731   936
[132] [     6013816] 1 | True  True 00 ( 1364,  316)   4   743  1016
[133] [     6023817] 1 | True  True 00 ( 1378,  335)   4   705  1268
[134] [     6033798] 1 | True  True 00 ( 1390,  354)   4   730  1416
[135] [     6043814] 1 | True  True 00 ( 1399,  371)   4   783  1416
[136] [     6053796] 1 | True  True 00 ( 1408,  384)   4   677  1240
[137] [     6063790] 1 | True  True 00 ( 1415,  398)   4   675  1000
[138] [     6073791] 1 | True  True 00 ( 1423,  416)   5   801  1372
[139] [     6083792] 1 | True  True 00 ( 1429,  435)   5   709  1472
[140] [     6093792] 1 | True  True 00 ( 1434,  455)   4   675  1704
[141] [     6134497] 1 | True  True 00 ( 1435,  474)   7   892  1412
[142] [     6143587] 1 | True  True 00 ( 1435,  491)   6   887  1328
[143] [     6153585] 1 | True  True 00 ( 1434,  522)   6   792  1492
[144] [     6163600] 1 | True  True 00 ( 1430,  554)   4   733  1448
[145] [     6173582] 1 | True  True 00 ( 1424,  581)   4   778  1228
[146] [     6183586] 1 | True  True 00 ( 1418,  605)   4   755   872
[147] [     6193582] 1 | True  True 00 ( 1412,  626)   4   768   884
[148] [     6203567] 1 | True  True 00 ( 1404,  646)   4   728  1120
[149] [     6213560] 1 | True  True 00 ( 1395,  663)   5   741  1340
[150] [     6223543] 1 | True  True 00 ( 1385,  680)   5   744  1564
[151] [     6233544] 1 | True  True 00 ( 1371,  697)   4   704  1680
[152] [     6243556] 1 | True  True 00 ( 1359,  711)   4   750  1652
[153] [     6253559] 1 | True  True 00 ( 1348,  724)   4   751  1356
[154] [     6289620] 1 | True  True 00 ( 1336,  737)   4   751   988
[155] [     6296032] 1 | True  True 00 ( 1323,  749)   4   732   792
[156] [     6303328] 1 | True  True 00 ( 1299,  765)   4   706  1504
[157] [     6313334] 1 | True  True 00 ( 1276,  781)   4   684  1620
[158] [     6323331] 1 | True  True 00 ( 1255,  794)   4   690  1560
[159] [     6333310] 1 | True  True 00 ( 1237,  805)   5   748  1400
[160] [     6343312] 1 | True  True 00 ( 1219,  815)   4   700  1124
[161] [     6353313] 1 | True  True 00 ( 1201,  822)   5   749  1356
[162] [     6363315] 1 | True  True 00 ( 1180,  829)   4   685  1592
[163] [     6373309] 1 | True  True 00 ( 1160,  833)   3   654  1680
[164] [     6383311] 1 | True  True 00 ( 1142,  835)   4   734  1604
[165] [     6393313] 1 | True  True 00 ( 1125,  837)   4   730  1400
[166] [     6403314] 1 | True  True 00 ( 1109,  838)   4   709  1128
[167] [     6444994] 1 | True  True 00 ( 1092,  839)   4   693  1388
[168] [     6453113] 1 | True  True 00 ( 1071,  839)   5   740  1660
[169] [     6463118] 1 | True  True 00 ( 1042,  832)   4   693  1100
[170] [     6473104] 1 | True  True 00 ( 1013,  823)   4   678  1092
[171] [     6483119] 1 | True  True 00 (  985,  814)   4   676  1204
[172] [     6493123] 1 | True  True 00 (  960,  804)   3   629  1188
[173] [     6503121] 1 | True  True 00 (  940,  793)   4   704  1124
[174] [     6513100] 1 | True  True 00 (  924,  782)   4   701  1208
[175] [     6523102] 1 | True  True 00 (  909,  770)   4   713  1208
[176] [     6533103] 1 | True  True 00 (  896,  759)   4   684  1192
[177] [     6543102] 1 | True  True 00 (  883,  747)   4   671  1096
[178] [     6553103] 1 | True  True 00 (  871,  734)   3   597  1180
[179] [     6563103] 1 | True  True 00 (  859,  721)   3   596  1180
[180] [     6601613] 1 | True  True 00 (  846,  706)   4   662  1140
[181] [     6612952] 1 | True  True 00 (  834,  690)   3   600  1180
[182] [     6622956] 1 | True  True 00 (  820,  662)   4   704  1468
[183] [     6632953] 1 | True  True 00 (  808,  630)   5   843  1220
[184] [     6642952] 1 | True  True 00 (  798,  603)   5   831  1120
[185] [     6652956] 1 | True  True 00 (  791,  579)   4   802  1468
[186] [     6662953] 1 | True  True 00 (  786,  559)   5   841  1512
[187] [     6672951] 1 | True  True 00 (  783,  541)   4   749  1748
[188] [     6682935] 1 | True  True 00 (  782,  524)   4   631  1356
[189] [     6692937] 1 | True  True 00 (  781,  508)   4   777  1484
[190] [     6702931] 1 | True  True 00 (  783,  489)   4   705  1148
[191] [     6741494] 1 | True  True 00 (  784,  472)   5   829  1288
[192] [     6752725] 1 | True  True 00 (  787,  452)   4   716  1576
[193] [     6762700] 1 | True  True 00 (  794,  422)   4   681  1188
[194] [     6772705] 1 | True  True 00 (  804,  392)   5   733  1088
[195] [     6782702] 1 | True  True 00 (  814,  365)   4   674  1128
[196] [     6792700] 1 | True  True 00 (  826,  343)   4   709  1100
[197] [     6802684] 1 | True  True 00 (  838,  324)   4   696  1204
[198] [     6812666] 1 | True  True 00 (  851,  308)   3   595  1360
[199] [     6822662] 1 | True  True 00 (  862,  295)   4   680  1460
[200] [     6832643] 1 | True  True 00 (  873,  282)   3   633  1444
[201] [     6842638] 1 | True  True 00 (  885,  268)   3   581  1232
[202] [     6852620] 1 | True  True 00 (  898,  255)   4   662  1036
[203] [     6862596] 1 | True  True 00 (  913,  244)   4   679   876
[204] [     6898618] 1 | True  True 00 (  930,  234)   4   713   820
[205] [     6905027] 1 | True  True 00 (  947,  224)   4   689  1024
[206] [     6912364] 1 | True  True 00 (  971,  214)   4   675  1436
[207] [     6922348] 1 | True  True 00 (  997,  205)   4   663  1184
[208] [     6932329] 1 | True  True 00 ( 1023,  198)   4   676  1032
[209] [     6942306] 1 | True  True 00 ( 1046,  193)   4   675  1288
[210] [     6952286] 1 | True  True 00 ( 1066,  190)   4   710  1512
[211] [     6962262] 1 | True  True 00 ( 1085,  188)   3   623  1584
[212] [     6972246] 1 | True  True 00 ( 1103,  188)   4   705  1452
[213] [     6982222] 1 | True  True 00 ( 1122,  188)   4   690  1180
[214] [     6992204] 1 | True  True 00 ( 1141,  188)   4   724  1104
[215] [     7002200] 1 | True  True 00 ( 1160,  189)   4   736  1272
[216] [     7012185] 1 | True  True 00 ( 1177,  192)   4   748  1392
[217] [     7052988] 1 | True  True 00 ( 1193,  196)   4   716  1392
[218] [     7061938] 1 | True  True 00 ( 1209,  200)   5   739  1240
[219] [     7071931] 1 | True  True 00 ( 1238,  214)   4   723  1372
[220] [     7081932] 1 | True  True 00 ( 1266,  230)   4   680  1596
[221] [     7091914] 1 | True  True 00 ( 1289,  247)   4   696  1704
[222] [     7101910] 1 | True  True 00 ( 1307,  262)   4   695  1660
[223] [     7111911] 1 | True  True 00 ( 1324,  276)   4   687  1372
[224] [     7121905] 1 | True  True 00 ( 1340,  289)   4   727  1116
[225] [     7131907] 1 | True  True 00 ( 1354,  303)   4   747   952
[226] [     7141887] 1 | True  True 00 ( 1367,  317)   4   735   984
[227] [     7151867] 1 | True  True 00 ( 1379,  333)   4   708  1208
[228] [     7161864] 1 | True  True 00 ( 1390,  351)   6   822  1372
[229] [     7171861] 1 | True  True 00 ( 1399,  363)   2   558  1404
[230] [     7207865] 1 | True  True 00 ( 1407,  375)   4   682  1312
[231] [     7214275] 1 | True  True 00 ( 1413,  389)   6   780  1088
[232] [     7221655] 1 | True  True 00 ( 1416,  417)   6   721  1412
[233] [     7231656] 1 | True  True 00 ( 1420,  447)   4   664  1428
[234] [     7241656] 1 | True  True 00 ( 1425,  473)   6   922  1456
[235] [     7251656] 1 | True  True 00 ( 1427,  495)   4   767  1180
[236] [     7261656] 1 | True  True 00 ( 1427,  517)   4   754  1212
[237] [     7271635] 1 | True  True 00 ( 1428,  540)   3   592  1388
[238] [     7281638] 1 | True  True 00 ( 1427,  560)   4   674  1480
[239] [     7291631] 1 | True  True 00 ( 1425,  578)   4   730  1480
[240] [     7301612] 1 | True  True 00 ( 1422,  595)   4   741  1288
[241] [     7311617] 1 | True  True 00 ( 1418,  612)   4   752   960
[242] [     7349238] 1 | True  True 00 ( 1413,  629)   4   752   824
[243] [     7361437] 1 | True  True 00 ( 1406,  645)   4   743  1048
[244] [     7371410] 1 | True  True 00 ( 1387,  671)   4   732  1652
[245] [     7381405] 1 | True  True 00 ( 1367,  697)   4   772  1472
[246] [     7391401] 1 | True  True 00 ( 1350,  718)   4   780  1164
[247] [     7401401] 1 | True  True 00 ( 1333,  736)   4   743   808
[248] [     7411382] 1 | True  True 00 ( 1318,  752)   4   736   928
[249] [     7421386] 1 | True  True 00 ( 1303,  765)   4   706  1148
[250] [     7431382] 1 | True  True 00 ( 1285,  777)   4   706  1428
[251] [     7441363] 1 | True  True 00 ( 1267,  788)   3   644  1592
[252] [     7451361] 1 | True  True 00 ( 1251,  797)   5   757  1636
[253] [     7461365] 1 | True  True 00 ( 1236,  806)   5   723  1460
[254] [     7503218] 1 | True  True 00 ( 1222,  814)   4   696  1224
[255] [     7511173] 1 | True  True 00 ( 1206,  821)   4   706  1312
[  0] [     7521156] 1 | True  True 00 ( 1175,  827)   4   715  1444
[  1] [     7531136] 1 | True  True 00 ( 1145,  831)   4   720  1224
[  2] [     7541131] 1 | True  True 00 ( 1117,  834)   3   642  1328
[  3] [     7551112] 1 | True  True 00 ( 1092,  836)   5   727  1516
[  4] [     7561110] 1 | True  True 00 ( 1067,  836)   5   718  1672
[  5] [     7571095] 1 | True  True 00 ( 1045,  834)   4   677  1600
[  6] [     7581070] 1 | True  True 00 ( 1028,  831)   5   701  1388
[  7] [     7591068] 1 | True  True 00 ( 1012,  827)   4   660  1156
[  8] [     7601072] 1 | True  True 00 (  995,  821)   4   674  1064
[  9] [     7611069] 1 | True  True 00 (  977,  814)   4   670  1176
[ 10] [     7621048] 1 | True  True 00 (  958,  805)   4   669  1220
[ 11] [     7657093] 1 | True  True 00 (  941,  795)   4   683  1096
[ 12] [     7663521] 1 | True  True 00 (  926,  784)   4   705  1164
[ 13] [     7670837] 1 | True  True 00 (  907,  768)   3   624  1124
[ 14] [     7680837] 1 | True  True 00 (  888,  750)   4   650  1140
[ 15] [     7690817] 1 | True  True 00 (  871,  733)   3   607  1208
[ 16] [     7700821] 1 | True  True 00 (  855,  715)   6   783  1192
[ 17] [     7710818] 1 | True  True 00 (  840,  697)   4   654  1136
[ 18] [     7720817] 1 | True  True 00 (  828,  680)   5   725  1344
[ 19] [     7730821] 1 | True  True 00 (  817,  661)   4   720  1520
[ 20] [     7740817] 1 | True  True 00 (  809,  643)   4   700  1576
[ 21] [     7750802] 1 | True  True 00 (  802,  629)   4   673  1564
[ 22] [     7760801] 1 | True  True 00 (  796,  612)   5   793  1288
[ 23] [     7770800] 1 | True  True 00 (  793,  595)   4   717  1056
[ 24] [     7811482] 1 | True  True 00 (  788,  578)   4   757  1192
[ 25] [     7820633] 1 | True  True 00 (  786,  561)   4   709  1468
[ 26] [     7830628] 1 | True  True 00 (  787,  531)   5   791  1304
[ 27] [     7840631] 1 | True  True 00 (  786,  503)   5   845  1116
[ 28] [     7850633] 1 | True  True 00 (  787,  474)   3   651  1476
[ 29] [     7860626] 1 | True  True 00 (  789,  450)   3   653  1648
[ 30] [     7870628] 1 | True  True 00 (  791,  432)   4   721  1648
[ 31] [     7880631] 1 | True  True 00 (  794,  411)   3   605  1504
[ 32] [     7890633] 1 | True  True 00 (  799,  393)   5   747  1260
[ 33] [     7900628] 1 | True  True 00 (  805,  374)   4   683  1056
[ 34] [     7910631] 1 | True  True 00 (  813,  359)   5   763  1116
[ 35] [     7920647] 1 | True  True 00 (  823,  343)   5   753  1116
[ 36] [     7930649] 1 | True  True 00 (  835,  326)   4   693  1120
[ 37] [     7966604] 1 | True  True 00 (  846,  314)   5   735  1332
[ 38] [     7973017] 1 | True  True 00 (  858,  300)   4   676  1460
[ 39] [     7980494] 1 | True  True 00 (  876,  281)   4   661  1136
[ 40] [     7990506] 1 | True  True 00 (  896,  262)   4   663   896
[ 41] [     8000521] 1 | True  True 00 (  917,  246)   4   709   848
[ 42] [     8010523] 1 | True  True 00 (  936,  233)   4   714   964
[ 43] [     8020524] 1 | True  True 00 (  955,  221)   4   709  1244
[ 44] [     8030543] 1 | True  True 00 (  972,  212)   4   688  1464
[ 45] [     8040526] 1 | True  True 00 (  988,  205)   4   668  1448
[ 46] [     8050546] 1 | True  True 00 ( 1005,  200)   4   674  1304
[ 47] [     8060547] 1 | True  True 00 ( 1025,  195)   4   710  1068
[ 48] [     8070548] 1 | True  True 00 ( 1045,  191)   4   711  1288
[ 49] [     8080549] 1 | True  True 00 ( 1065,  188)   4   694  1464
[ 50] [     8119085] 1 | True  True 00 ( 1082,  187)   3   646  1632
[ 51] [     8130420] 1 | True  True 00 ( 1098,  187)   4   677  1496
[ 52] [     8140420] 1 | True  True 00 ( 1129,  189)   4   714  1376
[ 53] [     8150419] 1 | True  True 00 ( 1160,  193)   4   746  1468
[ 54] [     8160440] 1 | True  True 00 ( 1186,  198)   5   747  1316
[ 55] [     8170424] 1 | True  True 00 ( 1210,  203)   4   733  1116
[ 56] [     8180436] 1 | True  True 00 ( 1231,  210)   4   732   924
[ 57] [     8190440] 1 | True  True 00 ( 1252,  218)   4   719   980
[ 58] [     8200436] 1 | True  True 00 ( 1270,  228)   4   726  1280
[ 59] [     8210421] 1 | True  True 00 ( 1286,  238)   4   718  1568
[ 60] [     8220423] 1 | True  True 00 ( 1301,  249)   4   692  1688
[ 61] [     8230436] 1 | True  True 00 ( 1313,  261)   4   699  1660
[ 62] [     8240441] 1 | True  True 00 ( 1325,  274)   4   695  1508
[ 63] [     8276477] 1 | True  True 00 ( 1339,  286)   4   727  1252
[ 64] [     8282888] 1 | True  True 00 ( 1352,  299)   4   724   920
[ 65] [     8290266] 1 | True  True 00 ( 1369,  321)   4   693  1312
[ 66] [     8300270] 1 | True  True 00 ( 1385,  344)   3   670  1432
[ 67] [     8310291] 1 | True  True 00 ( 1398,  365)   4   745  1372
[ 68] [     8320293] 1 | True  True 00 ( 1408,  384)   4   746  1180
[ 69] [     8330274] 1 | True  True 00 ( 1413,  403)   4   730   936
[ 70] [     8340294] 1 | True  True 00 ( 1418,  422)   7   911  1284
[ 71] [     8350295] 1 | True  True 00 ( 1422,  442)   5   763  1572
[ 72] [     8360276] 1 | True  True 00 ( 1427,  462)   4   648  1572
[ 73] [     8370289] 1 | True  True 00 ( 1429,  481)   6   863  1500
[ 74] [     8380292] 1 | True  True 00 ( 1433,  499)   5   786  1224
[ 75] [     8390294] 1 | True  True 00 ( 1433,  517)   4   771  1168
[ 76] [     8430103] 1 | True  True 00 ( 1433,  539)   3   603  1360
[ 77] [     8440123] 1 | True  True 00 ( 1433,  557)   4   703  1552
[ 78] [     8450126] 1 | True  True 00 ( 1425,  586)   4   751   768
[ 79] [     8460127] 1 | True  True 00 ( 1416,  615)   4   742   972
[ 80] [     8470123] 1 | True  True 00 ( 1406,  641)   4   690  1148
[ 81] [     8480104] 1 | True  True 00 ( 1395,  663)   5   749  1444
[ 82] [     8490101] 1 | True  True 00 ( 1382,  684)   5   745  1652
[ 83] [     8500106] 1 | True  True 00 ( 1368,  701)   3   655  1696
[ 84] [     8510102] 1 | True  True 00 ( 1356,  715)   4   743  1532
[ 85] [     8520079] 1 | True  True 00 ( 1344,  729)   4   765  1236
[ 86] [     8530079] 1 | True  True 00 ( 1332,  741)   4   754   912
[ 87] [     8540059] 1 | True  True 00 ( 1320,  753)   4   746   836
[ 88] [     8550058] 1 | True  True 00 ( 1307,  764)   4   740  1076
[ 89] [     8586079] 1 | True  True 00 ( 1291,  775)   4   694  1340
[ 90] [     8592491] 1 | True  True 00 ( 1272,  785)   4   702  1604
[ 91] [     8599811] 1 | True  True 00 ( 1249,  798)   4   715  1384
[ 92] [     8609795] 1 | True  True 00 ( 1226,  810)   4   710  1196
[ 93] [     8619788] 1 | True  True 00 ( 1202,  819)   5   750  1472
[ 94] [     8629770] 1 | True  True 00 ( 1178,  826)   4   698  1708
[ 95] [     8639771] 1 | True  True 00 ( 1156,  831)   4   721  1664
[ 96] [     8649765] 1 | True  True 00 ( 1138,  834)   4   713  1516
[ 97] [     8659767] 1 | True  True 00 ( 1121,  836)   4   743  1312
[ 98] [     8669747] 1 | True  True 00 ( 1104,  838)   4   721  1244
[ 99] [     8679749] 1 | True  True 00 ( 1086,  839)   4   677  1488
[100] [     8689729] 1 | True  True 00 ( 1064,  839)   5   735  1700
[101] [     8699726] 1 | True  True 00 ( 1046,  837)   4   686  1660
[102] [     8740347] 1 | True  True 00 ( 1029,  834)   5   751  1528
[103] [     8749519] 1 | True  True 00 ( 1014,  829)   4   686  1288
[104] [     8759520] 1 | True  True 00 (  984,  815)   4   694  1132
[105] [     8769514] 1 | True  True 00 (  956,  800)   4   709  1136
[106] [     8779495] 1 | True  True 00 (  932,  784)   4   701  1220
[107] [     8789476] 1 | True  True 00 (  913,  770)   4   695  1220
[108] [     8799474] 1 | True  True 00 (  896,  756)   4   684  1152
[109] [     8809500] 1 | True  True 00 (  883,  744)   4   674  1124
[110] [     8819495] 1 | True  True 00 (  869,  730)   3   618  1236
[111] [     8829498] 1 | True  True 00 (  855,  716)   3   602  1192
[112] [     8839492] 1 | True  True 00 (  842,  699)   6   775  1084
[113] [     8849494] 1 | True  True 00 (  830,  683)   5   731  1276
[114] [     8859497] 1 | True  True 00 (  819,  667)   3   635  1480
[115] [     8896348] 1 | True  True 00 (  809,  651)   5   764  1616
[116] [     8899388] 1 | True  True 00 (  802,  636)   4   658  1576
[117] [     8909341] 1 | True  True 00 (  796,  612)   4   714  1136
[118] [     8919347] 1 | True  True 00 (  792,  586)   5   790  1456
[119] [     8929332] 1 | True  True 00 (  788,  561)   4   769  1692
[120] [     8939348] 1 | True  True 00 (  786,  541)   3   568  1412
[121] [     8949347] 1 | True  True 00 (  784,  523)   5   837  1568
[122] [     8959331] 1 | True  True 00 (  784,  503)   4   663  1136
[123] [     8969346] 1 | True  True 00 (  783,  485)   4   799  1136
[124] [     8979330] 1 | True  True 00 (  784,  466)   4   745  1404
[125] [     8989331] 1 | True  True 00 (  787,  448)   4   762  1632
[126] [     8999331] 1 | True  True 00 (  789,  433)   5   761  1688
[127] [     9009324] 1 | True  True 00 (  792,  417)   4   722  1604
[128] [     9051218] 1 | True  True 00 (  796,  398)   4   689  1360
[129] [     9059119] 1 | True  True 00 (  802,  381)   4   670  1072
[130] [     9069100] 1 | True  True 00 (  820,  355)   5   753  1304
[131] [     9079097] 1 | True  True 00 (  839,  329)   5   732  1444
[132] [     9089073] 1 | True  True 00 (  857,  306)   3   607  1432
[133] [     9099054] 1 | True  True 00 (  872,  287)   4   689  1404
[134] [     9109038] 1 | True  True 00 (  885,  270)   4   670  1220
[135] [     9119038] 1 | True  True 00 (  900,  255)   4   656   952
[136] [     9129020] 1 | True  True 00 (  917,  243)   4   699   908
[137] [     9138995] 1 | True  True 00 (  934,  232)   4   707   892
[138] [     9148989] 1 | True  True 00 (  952,  222)   4   715  1184
[139] [     9158970] 1 | True  True 00 (  968,  213)   4   700  1392
[140] [     9168954] 1 | True  True 00 (  983,  206)   3   629  1508
[141] [     9206593] 1 | True  True 00 ( 1000,  200)   4   661  1332
[142] [     9218716] 1 | True  True 00 ( 1019,  196)   4   701  1112
[143] [     9228702] 1 | True  True 00 ( 1050,  192)   4   666  1556
[144] [     9238697] 1 | True  True 00 ( 1082,  190)   4   702  1392
[145] [     9248697] 1 | True  True 00 ( 1111,  189)   4   722  1152
[146] [     9258677] 1 | True  True 00 ( 1138,  189)   4   738  1192
[147] [     9268681] 1 | True  True 00 ( 1160,  190)   4   748  1348
[148] [     9278679] 1 | True  True 00 ( 1179,  193)   4   737  1424
[149] [     9288677] 1 | True  True 00 ( 1197,  197)   4   701  1392
[150] [     9298661] 1 | True  True 00 ( 1214,  202)   5   762  1180
[151] [     9308663] 1 | True  True 00 ( 1232,  208)   4   725   952
[152] [     9318656] 1 | True  True 00 ( 1250,  216)   4   747   904
[153] [     9328639] 1 | True  True 00 ( 1267,  225)   4   723  1220
[154] [     9364723] 1 | True  True 00 ( 1283,  236)   4   700  1464
[155] [     9371129] 1 | True  True 00 ( 1297,  246)   4   688  1644
[156] [     9378444] 1 | True  True 00 ( 1317,  264)   4   710  1312
[157] [     9388445] 1 | True  True 00 ( 1336,  282)   4   724  1056
[158] [     9398427] 1 | True  True 00 ( 1353,  300)   4   761   952
[159] [     9408431] 1 | True  True 00 ( 1368,  318)   4   735  1016
[160] [     9418407] 1 | True  True 00 ( 1381,  336)   5   765  1268
[161] [     9428389] 1 | True  True 00 ( 1391,  353)   3   647  1416
[162] [     9438383] 1 | True  True 00 ( 1399,  370)   4   759  1404
[163] [     9448385] 1 | True  True 00 ( 1407,  386)   4   765  1268
[164] [     9458365] 1 | True  True 00 ( 1414,  400)   4   682  1000
[165] [     9468346] 1 | True  True 00 ( 1420,  417)   4   679  1140
[166] [     9478322] 1 | True  True 00 ( 1424,  435)   4   732  1604
[167] [     9518340] 1 | True  True 00 ( 1429,  454)   4   632  1572
[168] [     9528119] 1 | True  True 00 ( 1434,  473)   5   731  1500
[169] [     9538115] 1 | True  True 00 ( 1436,  505)   5   781  1492
[170] [     9548116] 1 | True  True 00 ( 1433,  538)   4   685  1524
[171] [     9558089] 1 | True  True 00 ( 1429,  566)   5   807  1524
[172] [     9568074] 1 | True  True 00 ( 1424,  589)   4   748  1212
[173] [     9578069] 1 | True  True 00 ( 1417,  610)   4   760   888
[174] [     9588069] 1 | True  True 00 ( 1410,  630)   4   748   900
[175] [     9598049] 1 | True  True 00 ( 1404,  648)   4   724  1120
[176] [     9608053] 1 | True  True 00 ( 1395,  666)   5   749  1356
[177] [     9618051] 1 | True  True 00 ( 1384,  683)   5   744  1548
[178] [     9660214] 1 | True  True 00 ( 1370,  698)   4   692  1708
[179] [     9667809] 1 | True  True 00 ( 1358,  712)   4   738  1576
[180] [     9677798] 1 | True  True 00 ( 1337,  733)   4   733   988
[181] [     9687803] 1 | True  True 00 ( 1313,  753)   5   762  1268
[182] [     9697800] 1 | True  True 00 ( 1291,  770)   4   695  1488
[183] [     9707778] 1 | True  True 00 ( 1269,  784)   3   665  1636
[184] [     9717781] 1 | True  True 00 ( 1251,  796)   4   687  1516
[185] [     9727760] 1 | True  True 00 ( 1234,  806)   5   729  1384
[186] [     9737734] 1 | True  True 00 ( 1218,  815)   4   721  1180
[187] [     9747737] 1 | True  True 00 ( 1201,  822)   4   702  1400
[188] [     9757735] 1 | True  True 00 ( 1180,  828)   5   742  1648
[189] [     9767720] 1 | True  True 00 ( 1161,  832)   3   657  1752
[190] [     9777716] 1 | True  True 00 ( 1143,  835)   4   723  1604
[191] [     9815212] 1 | True  True 00 ( 1127,  836)   4   708  1388
[192] [     9827477] 1 | True  True 00 ( 1110,  837)   4   698  1128
[193] [     9837447] 1 | True  True 00 ( 1080,  835)   4   660  1544
[194] [     9847443] 1 | True  True 00 ( 1050,  831)   4   676  1360
[195] [     9857423] 1 | True  True 00 ( 1023,  825)   4   680  1088
[196] [     9867401] 1 | True  True 00 (  999,  819)   3   616  1132
[197] [     9877384] 1 | True  True 00 (  976,  811)   4   663  1232
[198] [     9887364] 1 | True  True 00 (  955,  802)   4   662  1148
[199] [     9897360] 1 | True  True 00 (  937,  793)   4   686  1124
[200] [     9907362] 1 | True  True 00 (  922,  782)   4   702  1208
[201] [     9917342] 1 | True  True 00 (  909,  770)   4   696  1220
[202] [     9955211] 1 | True  True 00 (  896,  759)   4   695  1180
[203] [     9967131] 1 | True  True 00 (  885,  748)   4   637  1024
[204] [     9977110] 1 | True  True 00 (  862,  723)   4   646  1152
[205] [     9987090] 1 | True  True 00 (  842,  696)   4   696  1468
[206] [     9997087] 1 | True  True 00 (  826,  670)   4   700  1564
[207] [    10007084] 1 | True  True 00 (  814,  647)   6   837  1592
[208] [    10017070] 1 | True  True 00 (  805,  630)   3   586  1452
[209] [    10027046] 1 | True  True 00 (  798,  610)   5   836  1248
[210] [    10037045] 1 | True  True 00 (  792,  590)   4   763  1192
[211] [    10047029] 1 | True  True 00 (  787,  572)   4   782  1332
[212] [    10057011] 1 | True  True 00 (  784,  554)   4   772  1568
[213] [    10067007] 1 | True  True 00 (  783,  538)   4   724  1748
[214] [    10109337] 1 | True  True 00 (  783,  524)   4   734  1680
[215] [    10116768] 1 | True  True 00 (  784,  508)   5   765  1344
[216] [    10126759] 1 | True  True 00 (  787,  479)   3   652  1660
[217] [    10136756] 1 | True  True 00 (  790,  450)   4   725  1660
[218] [    10146756] 1 | True  True 00 (  794,  422)   5   710  1460
[219] [    10156749] 1 | True  True 00 (  800,  397)   5   720  1160
[220] [    10166735] 1 | True  True 00 (  807,  376)   5   757  1072
[221] [    10176731] 1 | True  True 00 (  817,  356)   4   700  1128
[222] [    10186736] 1 | True  True 00 (  827,  339)   5   776  1128
[223] [    10196735] 1 | True  True 00 (  839,  322)   4   679  1192
[224] [    10206730] 1 | True  True 00 (  851,  308)   3   586  1332
[225] [    10249333] 1 | True  True 00 (  863,  295)   4   676  1488
[226] [    10256485] 1 | True  True 00 (  874,  282)   4   692  1444
[227] [    10266479] 1 | True  True 00 (  899,  261)   4   703   820
[228] [    10276481] 1 | True  True 00 (  925,  243)   4   700  1024
[229] [    10286461] 1 | True  True 00 (  949,  228)   4   720  1332
[230] [    10296460] 1 | True  True 00 (  970,  216)   4   685  1480
[231] [    10306456] 1 | True  True 00 (  989,  207)   4   649  1404
[232] [    10316463] 1 | True  True 00 ( 1008,  200)   4   666  1184
[233] [    10326459] 1 | True  True 00 ( 1029,  195)   4   702  1032
[234] [    10336444] 1 | True  True 00 ( 1049,  191)   4   703  1316
[235] [    10346438] 1 | True  True 00 ( 1068,  189)   4   702  1524
[236] [    10356439] 1 | True  True 00 ( 1085,  187)   3   630  1600
[237] [    10366439] 1 | True  True 00 ( 1102,  187)   4   696  1480
[238] [    10404456] 1 | True  True 00 ( 1120,  187)   4   698  1228
[239] [    10416237] 1 | True  True 00 ( 1139,  188)   4   723  1072
[240] [    10426234] 1 | True  True 00 ( 1168,  193)   5   727  1272
[241] [    10436235] 1 | True  True 00 ( 1199,  201)   4   736  1024
[242] [    10446229] 1 | True  True 00 ( 1226,  209)   4   721   924
[243] [    10456231] 1 | True  True 00 ( 1251,  219)   4   746  1116
[244] [    10466233] 1 | True  True 00 ( 1272,  230)   4   715  1372
[245] [    10476213] 1 | True  True 00 ( 1290,  241)   4   692  1612
[246] [    10486212] 1 | True  True 00 ( 1303,  253)   4   708  1704
[247] [    10496208] 1 | True  True 00 ( 1316,  265)   4   710  1660
[248] [    10506192] 1 | True  True 00 ( 1328,  277)   4   728  1492
[249] [    10544712] 1 | True  True 00 ( 1341,  289)   4   717  1160
[250] [    10555979] 1 | True  True 00 ( 1354,  303)   4   742   920
[251] [    10565982] 1 | True  True 00 ( 1373,  329)   4   728  1388
[252] [    10575979] 1 | True  True 00 ( 1391,  354)   4   694  1344
[253] [    10585983] 1 | True  True 00 ( 1403,  379)   4   797  1132
[254] [    10595999] 1 | True  True 00 ( 1411,  403)   4   768  1240
[255] [    10605998] 1 | True  True 00 ( 1419,  425)   4   687  1488
[  0] [    10615999] 1 | True  True 00 ( 1426,  445)   7   852  1560
[  1] [    10625998] 1 | True  True 00 ( 1431,  465)   4   634  1500
[  2] [    10635999] 1 | True  True 00 ( 1432,  484)   7   904  1268
[  3] [    10645999] 1 | True  True 00 ( 1432,  503)   5   758   980
[  4] [    10655999] 1 | True  True 00 ( 1432,  522)   4   754  1228
[  5] [    10665999] 1 | True  True 00 ( 1433,  540)   3   673  1448
[  6] [    10701954] 1 | True  True 00 ( 1430,  560)   2   570  1524
[  7] [    10708366] 1 | True  True 00 ( 1428,  579)   4   734  1524
[  8] [    10715803] 1 | True  True 00 ( 1420,  604)   4   764   840
[  9] [    10725812] 1 | True  True 00 ( 1411,  628)   4   738  1032
[ 10] [    10735812] 1 | True  True 00 ( 1401,  651)   5   748  1236
[ 11] [    10745793] 1 | True  True 00 ( 1390,  671)   5   766  1472
[ 12] [    10755790] 1 | True  True 00 ( 1376,  690)   5   744  1680
[ 13] [    10765788] 1 | True  True 00 ( 1363,  705)   4   721  1652
[ 14] [    10775772] 1 | True  True 00 ( 1351,  719)   4   747  1460
[ 15] [    10785774] 1 | True  True 00 ( 1340,  732)   4   769  1164
[ 16] [    10795767] 1 | True  True 00 ( 1328,  744)   4   749   824
[ 17] [    10805770] 1 | True  True 00 ( 1315,  756)   4   743   912
[ 18] [    10815792] 1 | True  True 00 ( 1301,  768)   4   722  1164
[ 19] [    10856202] 1 | True  True 00 ( 1284,  778)   4   713  1428
[ 20] [    10865620] 1 | True  True 00 ( 1266,  788)   3   669  1620
[ 21] [    10875622] 1 | True  True 00 ( 1239,  801)   4   721  1300
[ 22] [    10885601] 1 | True  True 00 ( 1210,  814)   5   747  1516
[ 23] [    10895603] 1 | True  True 00 ( 1181,  823)   4   705  1764
[ 24] [    10905583] 1 | True  True 00 ( 1157,  829)   4   721  1664
[ 25] [    10915580] 1 | True  True 00 ( 1137,  833)   4   716  1472
[ 26] [    10925577] 1 | True  True 00 ( 1119,  835)   4   721  1224
[ 27] [    10935582] 1 | True  True 00 ( 1101,  837)   3   655  1316
[ 28] [    10945580] 1 | True  True 00 ( 1082,  838)   5   720  1516
[ 29] [    10955577] 1 | True  True 00 ( 1061,  837)   4   677  1672
[ 30] [    10965562] 1 | True  True 00 ( 1042,  835)   4   685  1616
[ 31] [    10975563] 1 | True  True 00 ( 1025,  832)   4   669  1428
[ 32] [    11011576] 1 | True  True 00 ( 1010,  827)   4   680  1188
[ 33] [    11017966] 1 | True  True 00 (  994,  821)   4   679  1064
[ 34] [    11025350] 1 | True  True 00 (  969,  808)   4   707  1136
[ 35] [    11035332] 1 | True  True 00 (  945,  793)   4   723  1208
[ 36] [    11045330] 1 | True  True 00 (  924,  779)   4   708  1220
[ 37] [    11055327] 1 | True  True 00 (  906,  766)   4   702  1192
[ 38] [    11065332] 1 | True  True 00 (  892,  753)   3   613  1136
[ 39] [    11075328] 1 | True  True 00 (  879,  740)   4   660  1164
[ 40] [    11085325] 1 | True  True 00 (  865,  727)   3   596  1192
[ 41] [    11095330] 1 | True  True 00 (  851,  712)   3   605  1192
[ 42] [    11105307] 1 | True  True 00 (  838,  697)   5   702  1124
[ 43] [    11115308] 1 | True  True 00 (  826,  680)   4   670  1384
[ 44] [    11152327] 1 | True  True 00 (  816,  663)   4   688  1548
[ 45] [    11155367] 1 | True  True 00 (  808,  647)   4   675  1592
[ 46] [    11165099] 1 | True  True 00 (  802,  624)   5   718  1040
[ 47] [    11175079] 1 | True  True 00 (  797,  598)   5   810  1400
[ 48] [    11185098] 1 | True  True 00 (  792,  574)   4   703  1332
[ 49] [    11195079] 1 | True  True 00 (  789,  552)   4   660  1552
[ 50] [    11205076] 1 | True  True 00 (  788,  533)   4   709  1708
[ 51] [    11215061] 1 | True  True 00 (  787,  515)   4   691  1440
[ 52] [    11225055] 1 | True  True 00 (  786,  496)   4   688  1064
[ 53] [    11235035] 1 | True  True 00 (  784,  477)   4   733  1132
[ 54] [    11245034] 1 | True  True 00 (  784,  461)   4   807  1460
[ 55] [    11255018] 1 | True  True 00 (  785,  446)   5   830  1648
[ 56] [    11265020] 1 | True  True 00 (  788,  432)   5   767  1648
[ 57] [    11275013] 1 | True  True 00 (  792,  416)   6   824  1532
[ 58] [    11311059] 1 | True  True 00 (  797,  399)   5   766  1288
[ 59] [    11317490] 1 | True  True 00 (  803,  380)   5   743  1056
[ 60] [    11324783] 1 | True  True 00 (  819,  356)   5   767  1120
[ 61] [    11334767] 1 | True  True 00 (  835,  332)   4   679  1332
[ 62] [    11344767] 1 | True  True 00 (  852,  312)   3   591  1416
[ 63] [    11354769] 1 | True  True 00 (  866,  294)   4   677  1444
[ 64] [    11364767] 1 | True  True 00 (  878,  278)   3   623  1376
[ 65] [    11374746] 1 | True  True 00 (  891,  264)   4   657  1192
[ 66] [    11384742] 1 | True  True 00 (  906,  251)   4   683   952
[ 67] [    11394745] 1 | True  True 00 (  922,  239)   4   702   820
[ 68] [    11404743] 1 | True  True 00 (  939,  229)   4   700   952
[ 69] [    11414725] 1 | True  True 00 (  956,  220)   4   695  1184
[ 70] [    11424723] 1 | True  True 00 (  972,  211)   4   722  1480
[ 71] [    11463445] 1 | True  True 00 (  986,  204)   4   649  1464
[ 72] [    11474479] 1 | True  True 00 ( 1003,  199)   5   695  1260
[ 73] [    11484467] 1 | True  True 00 ( 1035,  194)   3   634  1584
[ 74] [    11494469] 1 | True  True 00 ( 1066,  192)   4   688  1584
[ 75] [    11504450] 1 | True  True 00 ( 1095,  190)   3   640  1316
[ 76] [    11514448] 1 | True  True 00 ( 1122,  189)   4   719  1064
[ 77] [    11524445] 1 | True  True 00 ( 1146,  189)   4   739  1256
[ 78] [    11534451] 1 | True  True 00 ( 1167,  191)   4   749  1364
[ 79] [    11544448] 1 | True  True 00 ( 1185,  194)   4   742  1424
[ 80] [    11554445] 1 | True  True 00 ( 1201,  198)   5   757  1316
[ 81] [    11564450] 1 | True  True 00 ( 1218,  204)   4   715  1104
[ 82] [    11602945] 1 | True  True 00 ( 1236,  211)   4   732   924
[ 83] [    11614221] 1 | True  True 00 ( 1254,  218)   4   743   948
[ 84] [    11624223] 1 | True  True 00 ( 1278,  237)   3   628  1644
[ 85] [    11634219] 1 | True  True 00 ( 1301,  257)   4   721  1536
[ 86] [    11644199] 1 | True  True 00 ( 1323,  275)   4   727  1280
[ 87] [    11654197] 1 | True  True 00 ( 1341,  292)   4   738   980
[ 88] [    11664202] 1 | True  True 00 ( 1357,  308)   4   753  1012
[ 89] [    11674198] 1 | True  True 00 ( 1371,  325)   4   738  1104
[ 90] [    11684182] 1 | True  True 00 ( 1384,  342)   4   705  1328
[ 91] [    11694176] 1 | True  True 00 ( 1394,  359)   6   879  1448
[ 92] [    11704176] 1 | True  True 00 ( 1403,  371)   3   628  1404
[ 93] [    11714156] 1 | True  True 00 ( 1411,  384)   4   688  1224
[ 94] [    11724142] 1 | True  True 00 ( 1417,  403)   6   929  1064
[ 95] [    11760196] 1 | True  True 00 ( 1422,  423)   6   899  1472
[ 96] [    11766604] 1 | True  True 00 ( 1425,  442)   7   879  1444
[ 97] [    11773885] 1 | True  True 00 ( 1428,  468)   7   902  1168
[ 98] [    11783886] 1 | True  True 00 ( 1429,  498)   4   691  1108
[ 99] [    11793869] 1 | True  True 00 ( 1432,  524)   6   866  1404
[100] [    11803869] 1 | True  True 00 ( 1431,  545)   4   733  1536
[101] [    11813846] 1 | True  True 00 ( 1428,  566)   5   782  1524
[102] [    11823820] 1 | True  True 00 ( 1424,  585)   4   751  1360
[103] [    11833818] 1 | True  True 00 ( 1419,  602)   4   770  1140
[104] [    11843803] 1 | True  True 00 ( 1414,  620)   4   746   800
[105] [    11853799] 1 | True  True 00 ( 1408,  636)   4   760   944
[106] [    11863779] 1 | True  True 00 ( 1401,  653)   4   727  1208
[107] [    11873758] 1 | True  True 00 ( 1392,  670)   5   751  1400
[108] [    11914443] 1 | True  True 00 ( 1380,  686)   5   744  1620
[109] [    11923494] 1 | True  True 00 ( 1367,  702)   3   647  1680
[110] [    11933491] 1 | True  True 00 ( 1346,  724)   4   746   808
[111] [    11943485] 1 | True  True 00 ( 1325,  744)   4   743  1060
[112] [    11953487] 1 | True  True 00 ( 1302,  762)   4   696  1312
[113] [    11963467] 1 | True  True 00 ( 1281,  776)   4   684  1532
[114] [    11973469] 1 | True  True 00 ( 1261,  789)   4   706  1620
[115] [    11983462] 1 | True  True 00 ( 1245,  800)   5   741  1504
[116] [    11993465] 1 | True  True 00 ( 1229,  809)   4   689  1312
[117] [    12003446] 1 | True  True 00 ( 1213,  817)   4   714  1168
[118] [    12013444] 1 | True  True 00 ( 1196,  823)   5   745  1444
[119] [    12023428] 1 | True  True 00 ( 1175,  829)   4   687  1664
[120] [    12033423] 1 | True  True 00 ( 1156,  833)   3   643  1648
[121] [    12069445] 1 | True  True 00 ( 1139,  835)   4   705  1560
[122] [    12075852] 1 | True  True 00 ( 1123,  836)   4   690  1300
[123] [    12083211] 1 | True  True 00 ( 1095,  837)   5   728  1628
[124] [    12093222] 1 | True  True 00 ( 1066,  835)   4   652  1588
[125] [    12103217] 1 | True  True 00 ( 1043,  833)   4   651  1472
[126] [    12113198] 1 | True  True 00 ( 1023,  830)   4   675  1272
[127] [    12123196] 1 | True  True 00 ( 1005,  824)   4   682  1044
[128] [    12133196] 1 | True  True 00 (  987,  818)   3   602  1120
[129] [    12143178] 1 | True  True 00 (  967,  809)   4   651  1160
[130] [    12153178] 1 | True  True 00 (  949,  800)   4   655  1132
[131] [    12163160] 1 | True  True 00 (  933,  790)   4   689  1124
[132] [    12173138] 1 | True  True 00 (  918,  779)   4   694  1180
[133] [    12209564] 1 | True  True 00 (  905,  768)   4   679  1180
[134] [    12215954] 1 | True  True 00 (  893,  756)   4   673  1136
[135] [    12222914] 1 | True  True 00 (  873,  737)   4   638  1164
[136] [    12232902] 1 | True  True 00 (  854,  716)   3   587  1084
[137] [    12242900] 1 | True  True 00 (  838,  695)   4   643  1248
[138] [    12252883] 1 | True  True 00 (  824,  675)   4   682  1452
[139] [    12262865] 1 | True  True 00 (  814,  656)   4   689  1548
[140] [    12272861] 1 | True  True 00 (  806,  639)   4   666  1564
[141] [    12282862] 1 | True  True 00 (  798,  621)   4   722  1412
[142] [    12292856] 1 | True  True 00 (  793,  605)   4   675  1112
[143] [    12302815] 1 | True  True 00 (  790,  589)   4   661   924
[144] [    12312800] 1 | True  True 00 (  786,  571)   4   782  1384
[145] [    12322795] 1 | True  True 00 (  783,  552)   5   855  1636
[146] [    12364438] 1 | True  True 00 (  783,  535)   4   728  1596
[147] [    12372539] 1 | True  True 00 (  783,  520)   4   719  1608
[148] [    12382527] 1 | True  True 00 (  784,  490)   4   727  1560
[149] [    12392505] 1 | True  True 00 (  786,  463)   4   711  1648
[150] [    12402487] 1 | True  True 00 (  790,  439)   6   806  1548
[151] [    12412481] 1 | True  True 00 (  794,  414)   5   742  1388
[152] [    12422461] 1 | True  True 00 (  800,  390)   4   666  1116
[153] [    12432442] 1 | True  True 00 (  808,  369)   4   673  1088
[154] [    12442420] 1 | True  True 00 (  817,  352)   5   753  1116
[155] [    12452399] 1 | True  True 00 (  828,  334)   4   691  1044
[156] [    12462397] 1 | True  True 00 (  841,  319)   4   678  1232
[157] [    12472381] 1 | True  True 00 (  853,  304)   3   577  1332
[158] [    12508437] 1 | True  True 00 (  864,  291)   4   684  1460
[159] [    12514850] 1 | True  True 00 (  876,  279)   4   671  1404
[160] [    12522165] 1 | True  True 00 (  897,  261)   4   684   864
[161] [    12532153] 1 | True  True 00 (  920,  245)   4   706   804
[162] [    12542149] 1 | True  True 00 (  942,  231)   4   694  1112
[163] [    12552133] 1 | True  True 00 (  961,  219)   4   703  1376
[164] [    12562132] 1 | True  True 00 (  978,  210)   3   633  1480
[165] [    12572131] 1 | True  True 00 (  996,  203)   4   673  1376
[166] [    12582111] 1 | True  True 00 ( 1016,  197)   4   704  1184
[167] [    12592088] 1 | True  True 00 ( 1036,  193)   4   711  1168
[168] [    12602083] 1 | True  True 00 ( 1056,  189)   4   723  1436
[169] [    12612068] 1 | True  True 00 ( 1074,  187)   4   692  1512
[170] [    12622065] 1 | True  True 00 ( 1091,  187)   4   670  1524
[171] [    12660184] 1 | True  True 00 ( 1108,  187)   3   643  1436
[172] [    12671845] 1 | True  True 00 ( 1127,  188)   4   695  1108
[173] [    12681833] 1 | True  True 00 ( 1155,  192)   4   720  1392
[174] [    12691836] 1 | True  True 00 ( 1184,  198)   6   792  1164
[175] [    12701816] 1 | True  True 00 ( 1212,  206)   4   740   984
[176] [    12711813] 1 | True  True 00 ( 1237,  214)   4   744   864
[177] [    12721809] 1 | True  True 00 ( 1259,  223)   4   731  1160
[178] [    12731794] 1 | True  True 00 ( 1277,  234)   4   715  1448
[179] [    12741789] 1 | True  True 00 ( 1293,  244)   4   696  1628
[180] [    12751790] 1 | True  True 00 ( 1306,  256)   4   696  1704
[181] [    12761770] 1 | True  True 00 ( 1318,  268)   4   694  1552
[182] [    12800915] 1 | True  True 00 ( 1331,  280)   4   690  1340
[183] [    12811562] 1 | True  True 00 ( 1344,  292)   4   716  1068
[184] [    12821538] 1 | True  True 00 ( 1363,  320)   3   671  1432
[185] [    12831539] 1 | True  True 00 ( 1380,  346)   4   736  1416
[186] [    12841519] 1 | True  True 00 ( 1391,  368)   6   790  1240
[187] [    12851519] 1 | True  True 00 ( 1402,  390)   4   767  1016
[188] [    12861483] 1 | True  True 00 ( 1408,  411)   5   749  1036
[189] [    12871476] 1 | True  True 00 ( 1416,  430)   5   698  1400
[190] [    12881456] 1 | True  True 00 ( 1421,  451)   5   688  1400
[191] [    12891459] 1 | True  True 00 ( 1427,  469)   6   834  1560
[192] [    12901439] 1 | True  True 00 ( 1431,  489)   4   663  1296
[193] [    12911436] 1 | True  True 00 ( 1435,  509)   3   616  1036
[194] [    12921433] 1 | True  True 00 ( 1433,  528)   4   751  1256
[195] [    12957437] 1 | True  True 00 ( 1431,  548)   3   614  1404
[196] [    12963842] 1 | True  True 00 ( 1431,  566)   6   801  1584
[197] [    12971188] 1 | True  True 00 ( 1424,  590)   4   764   932
[198] [    12981166] 1 | True  True 00 ( 1416,  615)   4   738   868
[199] [    12991148] 1 | True  True 00 ( 1407,  637)   4   749  1060
[200] [    13001146] 1 | True  True 00 ( 1398,  658)   4   683  1284
[201] [    13011109] 1 | True  True 00 ( 1387,  677)   5   762  1548
[202] [    13021106] 1 | True  True 00 ( 1373,  694)   4   697  1652
[203] [    13031084] 1 | True  True 00 ( 1360,  709)   4   721  1620
[204] [    13041061] 1 | True  True 00 ( 1348,  722)   4   777  1416
[205] [    13051037] 1 | True  True 00 ( 1337,  735)   4   754  1076
[206] [    13061020] 1 | True  True 00 ( 1325,  747)   4   762   852
[207] [    13070997] 1 | True  True 00 ( 1312,  759)   4   743   944
[208] [    13111556] 1 | True  True 00 ( 1298,  769)   4   699  1164
[209] [    13120769] 1 | True  True 00 ( 1282,  780)   4   698  1460
[210] [    13130746] 1 | True  True 00 ( 1255,  795)   4   711  1192
[211] [    13140708] 1 | True  True 00 ( 1227,  809)   4   688  1284
[212] [    13150680] 1 | True  True 00 ( 1199,  820)   4   684  1604
[213] [    13160665] 1 | True  True 00 ( 1173,  827)   3   653  1736
[214] [    13170660] 1 | True  True 00 ( 1150,  832)   4   724  1636
[215] [    13180641] 1 | True  True 00 ( 1132,  835)   4   713  1416
[216] [    13190625] 1 | True  True 00 ( 1114,  837)   4   717  1124
[217] [    13200607] 1 | True  True 00 ( 1096,  838)   4   689  1328
[218] [    13210602] 1 | True  True 00 ( 1076,  838)   4   679  1572
[219] [    13220583] 1 | True  True 00 ( 1056,  837)   4   664  1660
[220] [    13230578] 1 | True  True 00 ( 1038,  835)   4   678  1588
[221] [    13266790] 1 | True  True 00 ( 1023,  831)   4   651  1344
[222] [    13273219] 1 | True  True 00 ( 1007,  826)   4   675  1100
[223] [    13280312] 1 | True  True 00 (  981,  814)   4   672  1188
[224] [    13290290] 1 | True  True 00 (  956,  801)   4   693  1124
[225] [    13300286] 1 | True  True 00 (  935,  787)   4   702  1180
[226] [    13310266] 1 | True  True 00 (  916,  774)   4   703  1208
[227] [    13320244] 1 | True  True 00 (  901,  761)   4   685  1192
[228] [    13330228] 1 | True  True 00 (  888,  749)   3   599  1068
[229] [    13340228] 1 | True  True 00 (  875,  736)   5   706  1152
[230] [    13350208] 1 | True  True 00 (  862,  722)   5   698  1164
[231] [    13360202] 1 | True  True 00 (  849,  708)   4   662  1164
[232] [    13370186] 1 | True  True 00 (  836,  693)   4   638  1124
[233] [    13380164] 1 | True  True 00 (  825,  676)   4   679  1400
[234] [    13420931] 1 | True  True 00 (  816,  660)   3   625  1548
[235] [    13429917] 1 | True  True 00 (  808,  645)   4   668  1616
[236] [    13439909] 1 | True  True 00 (  799,  615)   4   743  1304
[237] [    13449892] 1 | True  True 00 (  793,  586)   4   684  1344
[238] [    13459868] 1 | True  True 00 (  788,  559)   4   756  1680
[239] [    13469870] 1 | True  True 00 (  785,  537)   3   673  1708
[240] [    13479852] 1 | True  True 00 (  785,  517)   4   672  1372
[241] [    13489845] 1 | True  True 00 (  785,  496)   4   702  1080
[242] [    13499847] 1 | True  True 00 (  784,  477)   4   782  1232
[243] [    13509827] 1 | True  True 00 (  785,  459)   5   823  1488
[244] [    13519807] 1 | True  True 00 (  786,  442)   4   704  1660
[245] [    13529784] 1 | True  True 00 (  789,  426)   4   696  1660
[246] [    13539784] 1 | True  True 00 (  792,  411)   5   766  1460
[247] [    13575805] 1 | True  True 00 (  798,  392)   4   685  1276
[248] [    13582215] 1 | True  True 00 (  805,  374)   5   754  1088
[249] [    13589532] 1 | True  True 00 (  821,  350)   4   715  1164
[250] [    13599532] 1 | True  True 00 (  838,  327)   4   671  1388
[251] [    13609512] 1 | True  True 00 (  854,  307)   4   677  1460
[252] [    13619517] 1 | True  True 00 (  868,  291)   4   674  1432
[253] [    13629493] 1 | True  True 00 (  880,  275)   3   623  1332
[254] [    13639495] 1 | True  True 00 (  893,  261)   4   671  1136
[255] [    13649476] 1 | True  True 00 (  908,  249)   4   686   920
[  0] [    13659452] 1 | True  True 00 (  925,  238)   4   694   776
[  1] [    13669454] 1 | True  True 00 (  942,  227)   4   707   996
[  2] [    13679449] 1 | True  True 00 (  959,  218)   4   712  1272
[  3] [    13689430] 1 | True  True 00 (  975,  210)   4   711  1508
[  4] [    13731036] 1 | True  True 00 (  989,  203)   4   689  1492
[  5] [    13739194] 1 | True  True 00 ( 1007,  198)   4   663  1244
[  6] [    13749166] 1 | True  True 00 ( 1035,  194)   4   709  1480
[  7] [    13759157] 1 | True  True 00 ( 1059,  190)   4   687  1480
[  8] [    13769138] 1 | True  True 00 ( 1076,  187)   4   709  1512
[  9] [    13779124] 1 | True  True 00 ( 1086,  186)   4   727  1524
[ 10] [    13789123] 1 | True  True 00 ( 1093,  185)   4   691  1452
[ 11] [    13799103] 1 | True  True 00 ( 1097,  185)   4   694  1452
[ 12] [    13809099] 1 | True  True 00 ( 1100,  184)   4   673  1480
[ 13] [    13819086] 1 | True  True 00 ( 1102,  184)   4   687  1480
[ 14] [    13829052] 1 | True  True 00 ( 1103,  183)   4   684  1524
[ 15] [    13839049] 1 |False  True 00 ( 1103,  183)   4   684  1524
[ 16] [    13849015] 0 
