[ 19] [    10381877]   0-None                     (    0)
[ 20] [    10391759]   0-None                     (    0)
[ 21] [    10401660]   0-None                     (    0)
[ 22] [    10411536]   0-None                     (    0)
[ 23] [    10421411]   0-None                     (    0)
[ 24] [    10431306]   0-None                     (    0)
[ 25] [    10441198]   0-None                     (    0)
[ 26] [    10451078]   0-None                     (    0)
[ 27] [    10460971]   0-None                     (    0)
[ 28] [    10470861]   0-None                     (    0)
[ 29] [    10507815]   0-None                     (    0)
[ 30] [    10520098]   0-None                     (    0)
[ 31] [    10529983]   0-None                     (    0)
[ 32] [    10539885]   0-None                     (    0)
[ 33] [    10549754]   0-None                     (    0)
[ 34] [    10559651]   0-None                     (    0)
[ 35] [    10569528]   0-None                     (    0)
[ 36] [    10579397]   0-None                     (    0)
[ 37] [    10589274]   0-None                     (    0)
[ 38] [    10599171]   0-None                     (    0)
[ 39] [    10609045]   0-None                     (    0)
[ 40] [    10649439]   0-None                     (    0)
[ 41] [    10658284]   0-None                     (    0)
[ 42] [    10668170]   0-None                     (    0)
[ 43] [    10678064]   0-None                     (    0)
[ 44] [    10687940]   0-None                     (    0)
[ 45] [    10697838]   0-None                     (    0)
[ 46] [    10707712]   0-None                     (    0)
[ 47] [    10717610]   0-None                     (    0)
[ 48] [    10727483]   0-None                     (    0)
[ 49] [    10737376]   0-None                     (    0)
[ 50] [    10747253]   0-None                     (    0)
[ 51] [    10789440]   0-None                     (    0)
[ 52] [    10796483]   0-None                     (    0)
[ 53] [    10806358]   0-None                     (    0)
[ 54] [    10816232]   0-None                     (    0)
[ 55] [    10826107]   0-None                     (    0)
[ 56] [    10835982]   0-None                     (    0)
[ 57] [    10845857]   0-None                     (    0)
[ 58] [    10855732]   0-None                     (    0)
[ 59] [    10865627]   0-None                     (    0)
[ 60] [    10875505]   0-None                     (    0)
[ 61] [    10885375]   0-None                     (    0)
[ 62] [    10895253]   0-None                     (    0)
[ 63] [    10931311]   0-None                     (    0)
[ 64] [    10937702]   0-None                     (    0)
[ 65] [    10944492]   0-None                     (    0)
[ 66] [    10954360]   0-None                     (    0)
[ 67] [    10964254]   0-None                     (    0)
[ 68] [    10974124]   0-None                     (    0)
[ 69] [    10984022]   0-None                     (    0)
[ 70] [    10993899]   0-None                     (    0)
[ 71] [    11003768]   0-None                     (    0)
[ 72] [    11013665]   0-None                     (    0)
[ 73] [    11023544]   0-None                     (    0)
[ 74] [    11033416]   0-None                     (    0)
[ 75] [    11043291]   0-None                     (    0)
[ 76] [    11085474]   0-None                     (    0)
[ 77] [    11092522]   0-None                     (    0)
[ 78] [    11102397]   0-None                     (    0)
[ 79] [    11112291]   0-None                     (    0)
[ 80] [    11122161]   0-None                     (    0)
[ 81] [    11132042]   0-None                     (    0)
[ 82] [    11141936]   0-None                     (    0)
[ 83] [    11151814]   0-None                     (    0)
[ 84] [    11161685]   0-None                     (    0)
[ 85] [    11171582]   0-None                     (    0)
[ 86] [    11181458]   0-None                     (    0)
[ 87] [    11191336]   0-None                     (    0)
[ 88] [    11201226]   0-None                     (    0)
[ 89] [    11237314]   0-None                     (    0)
[ 90] [    11243701]   0-None                     (    0)
[ 91] [    11250484]   0-None                     (    0)
[ 92] [    11260370]   0-None                     (    0)
[ 93] [    11270247]   0-None                     (    0)
[ 94] [    11280145]   0-None                     (    0)
[ 95] [    11290021]   0-None                     (    0)
[ 96] [    11299916]   0-None                     (    0)
[ 97] [    11309788]   0-None                     (    0)
[ 98] [    11319683]   0-None                     (    0)
[ 99] [    11329558]   0-None                     (    0)
[100] [    11339454]   0-None                     (    0)
[101] [    11349331]   0-None                     (    0)
[102] [    11390183]   0-None                     (    0)
[103] [    11398602]   0-None                     (    0)
[104] [    11408476]   0-None                     (    0)
[105] [    11418369]   0-None                     (    0)
[106] [    11428247]   0-None                     (    0)
[107] [    11438137]   0-None                     (    0)
[108] [    11448034]   0-None                     (    0)
[109] [    11457913]   0-None                     (    0)
[110] [    11467804]   0-None                     (    0)
[111] [    11477704]   0-None                     (    0)
[112] [    11487597]   0-None                     (    0)
[113] [    11497499]   0-None                     (    0)
[114] [    11539688]   0-None                     (    0)
[115] [    11546766]   0-None                     (    0)
[116] [    11556642]   0-None                     (    0)
[117] [    11566537]   0-None                     (    0)
[118] [    11576412]   0-None                     (    0)
[119] [    11586307]   0-None                     (    0)
[120] [    11596184]   0-None                     (    0)
[121] [    11606076]   0-None                     (    0)
[122] [    11615950]   0-None                     (    0)
[123] [    11625849]   0-None                     (    0)
[124] [    11635724]   0-None                     (    0)
[125] [    11645618]   0-None                     (    0)
[126] [    11681687]   0-None                     (    0)
[127] [    11688047]   0-None                     (    0)
[128] [    11694859]   0-None                     (    0)
[129] [    11704747]   0-None                     (    0)
[130] [    11714636]   0-None                     (    0)
[131] [    11724512]   0-None                     (    0)
[132] [    11734411]   0-None                     (    0)
[133] [    11744306]   0-None                     (    0)
[134] [    11754176]   0-None                     (    0)
[135] [    11764071]   0-None                     (    0)
[136] [    11773954]   0-None                     (    0)
[137] [    11783845]   0-None                     (    0)
[138] [    11793726]   0-None                     (    0)
[139] [    11829784]   0-None                     (    0)
[140] [    11836189]   0-None                     (    0)
[141] [    11843002]   0-None                     (    0)
[142] [    11852887]   0-None                     (    0)
[143] [    11862762]   0-None                     (    0)
[144] [    11872639]   0-None                     (    0)
[145] [    11882528]   0-None                     (    0)
[146] [    11892407]   0-None                     (    0)
[147] [    11902279]   0-None                     (    0)
[148] [    11912159]   0-None                     (    0)
[149] [    11922053]   0-None                     (    0)
[150] [    11931931]   0-None                     (    0)
[151] [    11941823]   0-None                     (    0)
[152] [    11978655]   0-None                     (    0)
[153] [    11991060]   0-None                     (    0)
[154] [    12000952]   0-None                     (    0)
[155] [    12010830]   0-None                     (    0)
[156] [    12020720]   0-None                     (    0)
[157] [    12030594]   0-None                     (    0)
[158] [    12040469]   0-None                     (    0)
[159] [    12050363]   0-None                     (    0)
[160] [    12060240]   0-None                     (    0)
[161] [    12070111]   0-None                     (    0)
[162] [    12079988]   0-None                     (    0)
[163] [    12119794]   0-None                     (    0)
[164] [    12129210]   0-None                     (    0)
[165] [    12139092]   0-None                     (    0)
[166] [    12148965]   0-None                     (    0)
[167] [    12158845]   0-None                     (    0)
[168] [    12168718]   0-None                     (    0)
[169] [    12178592]   0-None                     (    0)
[170] [    12188469]   0-None                     (    0)
[171] [    12198363]   0-None                     (    0)
[172] [    12208241]   0-None                     (    0)
[173] [    12218130]   0-None                     (    0)
[174] [    12228006]   0-None                     (    0)
[175] [    12264048]   0-None                     (    0)
[176] [    12270440]   0-None                     (    0)
[177] [    12277222]   0-None                     (    0)
[178] [    12287109]   0-None                     (    0)
[179] [    12296987]   0-None                     (    0)
[180] [    12306845]   0-None                     (    0)
[181] [    12316719]   0-None                     (    0)
[182] [    12326594]   0-None                     (    0)
[183] [    12336469]   0-None                     (    0)
[184] [    12346344]   0-None                     (    0)
[185] [    12356219]   0-None                     (    0)
[186] [    12366094]   0-None                     (    0)
[187] [    12375968]   0-None                     (    0)
[188] [    12414421]   0-None                     (    0)
[189] [    12425166]   0-None                     (    0)
[190] [    12435051]   0-None                     (    0)
[191] [    12444921]   0-None                     (    0)
[192] [    12454800]   0-None                     (    0)
[193] [    12464669]   0-None                     (    0)
[194] [    12474546]   0-None                     (    0)
[195] [    12484422]   0-None                     (    0)
[196] [    12494298]   0-None                     (    0)
[197] [    12504191]   0-None                     (    0)
[198] [    12514068]   0-None                     (    0)
[199] [    12523946]   0-None                     (    0)
[200] [    12562546]   0-None                     (    0)
[201] [    12573146]   0-None                     (    0)
[202] [    12583026]   0-None                     (    0)
[203] [    12592897]   0-None                     (    0)
[204] [    12602793]   0-None                     (    0)
[205] [    12612669]   0-None                     (    0)
[206] [    12622546]   0-None                     (    0)
[207] [    12632423]   0-None                     (    0)
[208] [    12642294]   0-None                     (    0)
[209] [    12652171]   0-None                     (    0)
[210] [    12662068]   0-None                     (    0)
[211] [    12671946]   0-None                     (    0)
[212] [    12711644]   0-None                     (    0)
[213] [    12721180]   0-None                     (    0)
[214] [    12731064]   0-None                     (    0)
[215] [    12740939]   0-None                     (    0)
[216] [    12750804]   0-None                     (    0)
[217] [    12760687]   0-None                     (    0)
[218] [    12770566]   0-None                     (    0)
[219] [    12780444]   0-None                     (    0)
[220] [    12790321]   0-None                     (    0)
[221] [    12800211]   0-None                     (    0)
[222] [    12810086]   0-None                     (    0)
[223] [    12852415]   0-None                     (    0)
[224] [    12859319]   0-None                     (    0)
[225] [    12869188]   0-None                     (    0)
[226] [    12879066]   0-None                     (    0)
[227] [    12888943]   0-None                     (    0)
[228] [    12898821]   0-None                     (    0)
[229] [    12908692]   0-None                     (    0)
[230] [    12918562]   0-None                     (    0)
[231] [    12928444]   0-None                     (    0)
[232] [    12938316]   0-None                     (    0)
[233] [    12948192]   0-None                     (    0)
[234] [    12958063]   0-None                     (    0)
[235] [    12994172]   0-None                     (    0)
[236] [    12997428]   0-None                     (    0)
[237] [    13007287]   0-None                     (    0)
[238] [    13017163]   0-None                     (    0)
[239] [    13027040]   0-None                     (    0)
[240] [    13036916]   0-None                     (    0)
[241] [    13046791]   0-None                     (    0)
[242] [    13056669]   0-None                     (    0)
[243] [    13066560]   0-None                     (    0)
[244] [    13076417]   0-None                     (    0)
[245] [    13086307]   0-None                     (    0)
[246] [    13096188]   0-None                     (    0)
[247] [    13137162]   0-None                     (    0)
[248] [    13145400]   0-None                     (    0)
[249] [    13155286]   0-None                     (    0)
[250] [    13165161]   0-None                     (    0)
[251] [    13175037]   0-None                     (    0)
[252] [    13184913]   0-None                     (    0)
[253] [    13194789]   0-None                     (    0)
[254] [    13204666]   0-None                     (    0)
[255] [    13214535]   0-None                     (    0)
[  0] [    13224410]   0-None                     (    0)
[  1] [    13234286]   0-None                     (    0)
[  2] [    13244162]   0-None                     (    0)
[  3] [    13254040]   0-None                     (    0)
[  4] [    13290037]   0-None                     (    0)
[  5] [    13296424]   0-None                     (    0)
[  6] [    13303236]   0-None                     (    0)
[  7] [    13313101]   0-None                     (    0)
[  8] [    13322978]   0-None                     (    0)
[  9] [    13332836]   0-None                     (    0)
[ 10] [    13342709]   0-None                     (    0)
[ 11] [    13352584]   0-None                     (    0)
[ 12] [    13362458]   0-None                     (    0)
[ 13] [    13372333]   0-None                     (    0)
[ 14] [    13382188]   0-None                     (    0)
[ 15] [    13392057]   0-None                     (    0)
[ 16] [    13430640]   0-None                     (    0)
[ 17] [    13441227]   0-None                     (    0)
[ 18] [    13451097]   0-None                     (    0)
[ 19] [    13460975]   0-None                     (    0)
[ 20] [    13470854]   0-None                     (    0)
[ 21] [    13480723]   0-None                     (    0)
[ 22] [    13490601]   0-None                     (    0)
[ 23] [    13500490]   0-None                     (    0)
[ 24] [    13510366]   0-None                     (    0)
[ 25] [    13520243]   0-None                     (    0)
[ 26] [    13530120]   0-None                     (    0)
[ 27] [    13539996]   0-None                     (    0)
[ 28] [    13577281]   0-None                     (    0)
[ 29] [    13589220]   0-None                     (    0)
[ 30] [    13599078]   0-None                     (    0)
[ 31] [    13608972]   0-None                     (    0)
[ 32] [    13618850]   0-None                     (    0)
[ 33] [    13628720]   0-None                     (    0)
[ 34] [    13638600]   0-None                     (    0)
[ 35] [    13648470]   0-None                     (    0)
[ 36] [    13658347]   0-None                     (    0)
[ 37] [    13668224]   0-None                     (    0)
[ 38] [    13678095]   0-None                     (    0)
[ 39] [    13717403]   0-None                     (    0)
[ 40] [    13727283]   0-None                     (    0)
[ 41] [    13737161]   0-None                     (    0)
[ 42] [    13747032]   0-None                     (    0)
[ 43] [    13756910]   0-None                     (    0)
[ 44] [    13766782]   0-None                     (    0)
[ 45] [    13776660]   0-None                     (    0)
[ 46] [    13786529]   0-None                     (    0)
[ 47] [    13796404]   0-None                     (    0)
[ 48] [    13806280]   0-None                     (    0)
[ 49] [    13816156]   0-None                     (    0)
[ 50] [    13826032]   0-None                     (    0)
[ 51] [    13868132]   0-None                     (    0)
[ 52] [    13875219]   0-None                     (    0)
[ 53] [    13885097]   0-None                     (    0)
[ 54] [    13894968]   0-None                     (    0)
[ 55] [    13904845]   0-None                     (    0)
[ 56] [    13914722]   0-None                     (    0)
[ 57] [    13924592]   0-None                     (    0)
[ 58] [    13934470]   0-None                     (    0)
[ 59] [    13944328]   0-None                     (    0)
[ 60] [    13954202]   0-None                     (    0)
[ 61] [    13964075]   0-None                     (    0)
[ 62] [    13973948]   0-None                     (    0)
[ 63] [    14012628]   0-None                     (    0)
[ 64] [    14023137]   0-None                     (    0)
[ 65] [    14033008]   0-None                     (    0)
[ 66] [    14042889]   0-None                     (    0)
[ 67] [    14052760]   0-None                     (    0)
[ 68] [    14062633]   0-None                     (    0)
[ 69] [    14072506]   0-None                     (    0)
[ 70] [    14082386]   0-None                     (    0)
[ 71] [    14092260]   0-None                     (    0)
[ 72] [    14102133]   0-None                     (    0)
[ 73] [    14112005]   0-None                     (    0)
[ 74] [    14121865]   0-None                     (    0)
[ 75] [    14131754]   0-None                     (    0)
[ 76] [    14167799]   0-None                     (    0)
[ 77] [    14174167]   0-None                     (    0)
[ 78] [    14180932]   0-None                     (    0)
[ 79] [    14190821]   0-None                     (    0)
[ 80] [    14200696]   0-None                     (    0)
[ 81] [    14210550]   0-None                     (    0)
[ 82] [    14220429]   0-None                     (    0)
[ 83] [    14230298]   0-None                     (    0)
[ 84] [    14240175]   0-None                     (    0)
[ 85] [    14250053]   0-None                     (    0)
[ 86] [    14259922]   0-None                     (    0)
[ 87] [    14269799]   0-None                     (    0)
[ 88] [    14279678]   0-None                     (    0)
[ 89] [    14320630]   0-None                     (    0)
[ 90] [    14328848]   0-None                     (    0)
[ 91] [    14338719]   0-None                     (    0)
[ 92] [    14348589]   0-None                     (    0)
[ 93] [    14358462]   0-None                     (    0)
[ 94] [    14368339]   0-None                     (    0)
[ 95] [    14378196]   0-None                     (    0)
[ 96] [    14388069]   0-None                     (    0)
[ 97] [    14397946]   0-None                     (    0)
[ 98] [    14407804]   0-None                     (    0)
[ 99] [    14417690]   0-None                     (    0)
[100] [    14427790]   0-None                     (    0)
[101] [    14463365]   0-None                     (    0)
[102] [    14469826]   0-None                     (    0)
[103] [    14476743]   0-None                     (    0)
[104] [    14486609]   0-None                     (    0)
[105] [    14496486]   0-None                     (    0)
[106] [    14506374]   0-None                     (    0)
[107] [    14516254]   0-None                     (    0)
[108] [    14526126]   0-None                     (    0)
[109] [    14535986]   0-None                     (    0)
[110] [    14545862]   0-None                     (    0)
[111] [    14555729]   0-None                     (    0)
[112] [    14565605]   0-None                     (    0)
[113] [    14604627]   0-None                     (    0)
[114] [    14614790]   0-None                     (    0)
[115] [    14624671]   0-None                     (    0)
[116] [    14634549]   0-None                     (    0)
[117] [    14644418]   0-None                     (    0)
[118] [    14654295]   0-None                     (    0)
[119] [    14664153]   0-None                     (    0)
[120] [    14674022]   0-None                     (    0)
[121] [    14683899]   0-None                     (    0)
[122] [    14693772]   0-None                     (    0)
[123] [    14703649]   0-None                     (    0)
[124] [    14746145]   0-None                     (    0)
[125] [    14752840]   0-None                     (    0)
[126] [    14762710]   0-None                     (    0)
[127] [    14772587]   0-None                     (    0)
[128] [    14782457]   0-None                     (    0)
[129] [    14792335]   0-None                     (    0)
[130] [    14802212]   0-None                     (    0)
[131] [    14812081]   0-None                     (    0)
[132] [    14821959]   0-None                     (    0)
[133] [    14831817]   0-None                     (    0)
[134] [    14841692]   0-None                     (    0)
[135] [    14851567]   0-None                     (    0)
[136] [    14861441]   0-None                     (    0)
[137] [    14898766]   0-None                     (    0)
[138] [    14910647]   0-None                     (    0)
[139] [    14920523]   0-None                     (    0)
[140] [    14930414]   0-None                     (    0)
[141] [    14940287]   0-None                     (    0)
[142] [    14950162]   0-None                     (    0)
[143] [    14960037]   0-None                     (    0)
[144] [    14969919]   0-None                     (    0)
[145] [    14979797]   0-None                     (    0)
[146] [    14989685]   0-None                     (    0)
[147] [    14999559]   0-None                     (    0)
[148] [    15039144]   0-None                     (    0)
[149] [    15048796]   0-None                     (    0)
[150] [    15058686]   0-None                     (    0)
[151] [    15068579]   0-None                     (    0)
[152] [    15078458]   0-None                     (    0)
[153] [    15088349]   0-None                     (    0)
[154] [    15098230]   0-None                     (    0)
[155] [    15108104]   0-None                     (    0)
[156] [    15117979]   0-None                     (    0)
[157] [    15127852]   0-None                     (    0)
[158] [    15137746]   0-None                     (    0)
[159] [    15179515]   0-None                     (    0)
[160] [    15186944]   0-None                     (    0)
[161] [    15196832]   0-None                     (    0)
[162] [    15206702]   0-None                     (    0)
[163] [    15216600]   0-None                     (    0)
[164] [    15226477]   0-None                     (    0)
[165] [    15236353]   0-None                     (    0)
[166] [    15246241]   0-None                     (    0)
[167] [    15256121]   0-None                     (    0)
[168] [    15266015]   0-None                     (    0)
[169] [    15275891]   0-None                     (    0)
[170] [    15285768]   0-None                     (    0)
[171] [    15321772]   0-None                     (    0)
[172] [    15328152]   0-None                     (    0)
[173] [    15334999]   0-None                     (    0)
[174] [    15344871]   0-None                     (    0)
[175] [    15354745]   0-None                     (    0)
[176] [    15364617]   0-None                     (    0)
[177] [    15374497]   0-None                     (    0)
[178] [    15384370]   0-None                     (    0)
[179] [    15394264]   0-None                     (    0)
[180] [    15404141]   0-None                     (    0)
[181] [    15414018]   0-None                     (    0)
[182] [    15423889]   0-None                     (    0)
[183] [    15462515]   0-None                     (    0)
[184] [    15473118]   0-None                     (    0)
[185] [    15482997]   0-None                     (    0)
[186] [    15492888]   0-None                     (    0)
[187] [    15502760]   0-None                     (    0)
[188] [    15512637]   0-None                     (    0)
[189] [    15522515]   0-None                     (    0)
[190] [    15532370]   0-None                     (    0)
[191] [    15542264]   0-None                     (    0)
[192] [    15552141]   0-None                     (    0)
[193] [    15562012]   0-None                     (    0)
[194] [    15603618]   0-None                     (    0)
[195] [    15611246]   0-None                     (    0)
[196] [    15621116]   0-None                     (    0)
[197] [    15631011]   0-None                     (    0)
[198] [    15640906]   0-None                     (    0)
[199] [    15650792]   0-None                     (    0)
[200] [    15660683]   0-None                     (    0)
[201] [    15670578]   0-None                     (    0)
[202] [    15680448]   0-None                     (    0)
[203] [    15690346]   0-None                     (    0)
[204] [    15700222]   0-None                     (    0)
[205] [    15710111]   0-None                     (    0)
[206] [    15746136]   0-None                     (    0)
[207] [    15752526]   0-None                     (    0)
[208] [    15759336]   0-None                     (    0)
[209] [    15769218]   0-None                     (    0)
[210] [    15779097]   0-None                     (    0)
[211] [    15788991]   0-None                     (    0)
[212] [    15798871]   0-None                     (    0)
[213] [    15808737]   0-None                     (    0)
[214] [    15818615]   0-None                     (    0)
[215] [    15828487]   0-None                     (    0)
[216] [    15838366]   0-None                     (    0)
[217] [    15848235]   0-None                     (    0)
[218] [    15858114]   0-None                     (    0)
[219] [    15898754]   0-None                     (    0)
[220] [    15907317]   0-None                     (    0)
[221] [    15917197]   0-None                     (    0)
[222] [    15927076]   0-None                     (    0)
[223] [    15936946]   0-None                     (    0)
[224] [    15946823]   0-None                     (    0)
[225] [    15956693]   0-None                     (    0)
[226] [    15966571]   0-None                     (    0)
[227] [    15976450]   0-None                     (    0)
[228] [    15986320]   0-None                     (    0)
[229] [    15996198]   0-None                     (    0)
[230] [    16006068]   0-None                     (    0)
[231] [    16042130]   0-None                     (    0)
[232] [    16048502]   0-None                     (    0)
[233] [    16055275]   0-None                     (    0)
[234] [    16065156]   0-None                     (    0)
[235] [    16075013]   0-None                     (    0)
[236] [    16084885]   0-None                     (    0)
[237] [    16094754]   0-None                     (    0)
[238] [    16104629]   0-None                     (    0)
[239] [    16114504]   0-None                     (    0)
[240] [    16124380]   0-None                     (    0)
[241] [    16134256]   0-None                     (    0)
[242] [    16144135]   0-None                     (    0)
[243] [    16182610]   0-None                     (    0)
[244] [    16193338]   0-None                     (    0)
[245] [    16203213]   0-None                     (    0)
[246] [    16213086]   0-None                     (    0)
[247] [    16222962]   0-None                     (    0)
[248] [    16232846]   0-None                     (    0)
[249] [    16242713]   0-None                     (    0)
[250] [    16252592]   0-None                     (    0)
[251] [    16262461]   0-None                     (    0)
[252] [    16272338]   0-None                     (    0)
[253] [    16282214]   0-None                     (    0)
[254] [    16292091]   0-None                     (    0)
[255] [    16301986]   0-None                     (    0)
[  0] [    16338003]   0-None                     (    0)
[  1] [    16344393]   0-None                     (    0)
[  2] [    16351178]   0-None                     (    0)
[  3] [    16361052]   0-None                     (    0)
[  4] [    16370946]   0-None                     (    0)
[  5] [    16380824]   0-None                     (    0)
[  6] [    16390693]   0-None                     (    0)
[  7] [    16400564]   0-None                     (    0)
[  8] [    16410442]   0-None                     (    0)
[  9] [    16420320]   0-None                     (    0)
[ 10] [    16430190]   0-None                     (    0)
[ 11] [    16440067]   0-None                     (    0)
[ 12] [    16478378]   0-None                     (    0)
[ 13] [    16489264]   0-None                     (    0)
[ 14] [    16499128]   0-None                     (    0)
[ 15] [    16509005]   0-None                     (    0)
[ 16] [    16518882]   0-None                     (    0)
[ 17] [    16528755]   0-None                     (    0)
[ 18] [    16538624]   0-None                     (    0)
[ 19] [    16548502]   0-None                     (    0)
[ 20] [    16558360]   0-None                     (    0)
[ 21] [    16568232]   0-None                     (    0)
[ 22] [    16578102]   0-None                     (    0)
[ 23] [    16619000]   0-None                     (    0)
[ 24] [    16627299]   0-None                     (    0)
[ 25] [    16637173]   0-None                     (    0)
[ 26] [    16647048]   0-None                     (    0)
[ 27] [    16656923]   0-None                     (    0)
[ 28] [    16666797]   0-None                     (    0)
[ 29] [    16676652]   0-None                     (    0)
[ 30] [    16686521]   0-None                     (    0)
[ 31] [    16696398]   0-None                     (    0)
[ 32] [    16706276]   0-None                     (    0)
[ 33] [    16716146]   0-None                     (    0)
[ 34] [    16726003]   0-None                     (    0)
[ 35] [    16761999]   0-None                     (    0)
[ 36] [    16768446]   0-None                     (    0)
[ 37] [    16775244]   0-None                     (    0)
[ 38] [    16785107]   0-None                     (    0)
[ 39] [    16794979]   0-None                     (    0)
[ 40] [    16804852]   0-None                     (    0)
[ 41] [    16814747]   0-None                     (    0)
[ 42] [    16824622]   0-None                     (    0)
[ 43] [    16834498]   0-None                     (    0)
[ 44] [    16844375]   0-None                     (    0)
[ 45] [    16854231]   0-None                     (    0)
[ 46] [    16864104]   0-None                     (    0)
[ 47] [    16873976]   0-None                     (    0)
[ 48] [    16913494]   0-None                     (    0)
[ 49] [    16923170]   0-None                     (    0)
[ 50] [    16933044]   0-None                     (    0)
[ 51] [    16942899]   0-None                     (    0)
[ 52] [    16952778]   0-None                     (    0)
[ 53] [    16962649]   0-None                     (    0)
[ 54] [    16972519]   0-None                     (    0)
[ 55] [    16982399]   0-None                     (    0)
[ 56] [    16992268]   0-None                     (    0)
[ 57] [    17002145]   0-None                     (    0)
[ 58] [    17012003]   0-None                     (    0)
[ 59] [    17021872]   0-None                     (    0)
[ 60] [    17063746]   0-None                     (    0)
[ 61] [    17071033]   0-None                     (    0)
[ 62] [    17080916]   0-None                     (    0)
[ 63] [    17090772]   0-None                     (    0)
[ 64] [    17100642]   0-None                     (    0)
[ 65] [    17110519]   0-None                     (    0)
[ 66] [    17120397]   0-None                     (    0)
[ 67] [    17130266]   0-None                     (    0)
[ 68] [    17140143]   0-None                     (    0)
[ 69] [    17150020]   0-None                     (    0)
[ 70] [    17159897]   0-None                     (    0)
[ 71] [    17169753]   0-None                     (    0)
[ 72] [    17211494]   0-None                     (    0)
[ 73] [    17218943]   0-None                     (    0)
[ 74] [    17228813]   0-None                     (    0)
[ 75] [    17238682]   0-None                     (    0)
[ 76] [    17248559]   0-None                     (    0)
[ 77] [    17258437]   0-None                     (    0)
[ 78] [    17268307]   0-None                     (    0)
[ 79] [    17278186]   0-None                     (    0)
[ 80] [    17288057]   0-None                     (    0)
[ 81] [    17297914]   0-None                     (    0)
[ 82] [    17307790]   0-None                     (    0)
[ 83] [    17317662]   0-None                     (    0)
[ 84] [    17353741]   0-None                     (    0)
[ 85] [    17357005]   0-None                     (    0)
[ 86] [    17366863]   0-None                     (    0)
[ 87] [    17376725]   0-None                     (    0)
[ 88] [    17386599]   0-None                     (    0)
[ 89] [    17396474]   0-None                     (    0)
[ 90] [    17406369]   0-None                     (    0)
[ 91] [    17416246]   0-None                     (    0)
[ 92] [    17426117]   0-None                     (    0)
[ 93] [    17435995]   0-None                     (    0)
[ 94] [    17445872]   0-None                     (    0)
[ 95] [    17455763]   0-None                     (    0)
[ 96] [    17465640]   0-None                     (    0)
[ 97] [    17507595]   0-None                     (    0)
[ 98] [    17514823]   0-None                     (    0)
[ 99] [    17524700]   0-None                     (    0)
[100] [    17534577]   0-None                     (    0)
[101] [    17544452]   0-None                     (    0)
[102] [    17554327]   0-None                     (    0)
[103] [    17564196]   0-None                     (    0)
[104] [    17574073]   0-None                     (    0)
[105] [    17583950]   0-None                     (    0)
[106] [    17593808]   0-None                     (    0)
[107] [    17603677]   0-None                     (    0)
[108] [    17613555]   0-None                     (    0)
[109] [    17649615]   0-None                     (    0)
[110] [    17652896]   0-None                     (    0)
[111] [    17662771]   0-None                     (    0)
[112] [    17672637]   0-None                     (    0)
[113] [    17682513]   0-None                     (    0)
[114] [    17692392]   0-None                     (    0)
[115] [    17702280]   0-None                     (    0)
[116] [    17712155]   0-None                     (    0)
[117] [    17722030]   0-None                     (    0)
[118] [    17731905]   0-None                     (    0)
[119] [    17741767]   0-None                     (    0)
[120] [    17751657]   0-None                     (    0)
[121] [    17793739]   0-None                     (    0)
[122] [    17800864]   0-None                     (    0)
[123] [    17810720]   0-None                     (    0)
[124] [    17820593]   0-None                     (    0)
[125] [    17830466]   0-None                     (    0)
[126] [    17840339]   0-None                     (    0)
[127] [    17850218]   0-None                     (    0)
[128] [    17860091]   0-None                     (    0)
[129] [    17869970]   0-None                     (    0)
[130] [    17879842]   0-None                     (    0)
[131] [    17889715]   0-None                     (    0)
[132] [    17899594]   0-None                     (    0)
[133] [    17909468]   0-None                     (    0)
[134] [    17946590]   0-None                     (    0)
[135] [    17958650]   0-None                     (    0)
[136] [    17968512]   0-None                     (    0)
[137] [    17978388]   0-None                     (    0)
[138] [    17988279]   0-None                     (    0)
[139] [    17998153]   0-None                     (    0)
[140] [    18008007]   0-None                     (    0)
[141] [    18017888]   0-None                     (    0)
[142] [    18027760]   0-None                     (    0)
[143] [    18037617]   0-None                     (    0)
[144] [    18047486]   0-None                     (    0)
[145] [    18086359]   0-None                     (    0)
[146] [    18096699]   0-None                     (    0)
[147] [    18106566]   0-None                     (    0)
[148] [    18116443]   0-None                     (    0)
[149] [    18126302]   0-None                     (    0)
[150] [    18136192]   0-None                     (    0)
[151] [    18146049]   0-None                     (    0)
[152] [    18155926]   0-None                     (    0)
[153] [    18165803]   0-None                     (    0)
[154] [    18175672]   0-None                     (    0)
[155] [    18185549]   0-None                     (    0)
[156] [    18227232]   0-None                     (    0)
[157] [    18234763]   0-None                     (    0)
[158] [    18244632]   0-None                     (    0)
[159] [    18254490]   0-None                     (    0)
[160] [    18264361]   0-None                     (    0)
[161] [    18274254]   0-None                     (    0)
[162] [    18284111]   0-None                     (    0)
[163] [    18294001]   0-None                     (    0)
[164] [    18303882]   0-None                     (    0)
[165] [    18313740]   0-None                     (    0)
[166] [    18323631]   0-None                     (    0)
[167] [    18333488]   0-None                     (    0)
[168] [    18369481]   0-None                     (    0)
[169] [    18375869]   0-None                     (    0)
[170] [    18382661]   0-None                     (    0)
[171] [    18392548]   0-None                     (    0)
[172] [    18402417]   0-None                     (    0)
[173] [    18412295]   0-None                     (    0)
[174] [    18422174]   0-None                     (    0)
[175] [    18432043]   0-None                     (    0)
[176] [    18441921]   0-None                     (    0)
[177] [    18451779]   0-None                     (    0)
[178] [    18461653]   0-None                     (    0)
[179] [    18471528]   0-None                     (    0)
[180] [    18510225]   0-None                     (    0)
[181] [    18520691]   0-None                     (    0)
[182] [    18530567]   0-None                     (    0)
[183] [    18540442]   0-None                     (    0)
[184] [    18550311]   0-None                     (    0)
[185] [    18560188]   0-None                     (    0)
[186] [    18570064]   0-None                     (    0)
[187] [    18579942]   0-None                     (    0)
[188] [    18589818]   0-None                     (    0)
[189] [    18599685]   0-None                     (    0)
[190] [    18609563]   0-None                     (    0)
[191] [    18619440]   0-None                     (    0)
[192] [    18629316]   0-None                     (    0)
[193] [    18665352]   0-None                     (    0)
[194] [    18671744]   0-None                     (    0)
[195] [    18678496]   0-None                     (    0)
[196] [    18688377]   0-None                     (    0)
[197] [    18698256]   0-None                     (    0)
[198] [    18708127]   0-None                     (    0)
[199] [    18718003]   0-None                     (    0)
[200] [    18727881]   0-None                     (    0)
[201] [    18737751]   0-None                     (    0)
[202] [    18747624]   0-None                     (    0)
[203] [    18757501]   0-None                     (    0)
[204] [    18767379]   0-None                     (    0)
[205] [    18777249]   0-None                     (    0)
[206] [    18787126]   0-None                     (    0)
[207] [    18823224]   0-None                     (    0)
[208] [    18826466]   0-None                     (    0)
[209] [    18836319]   0-None                     (    0)
[210] [    18846206]   0-None                     (    0)
[211] [    18856078]   0-None                     (    0)
[212] [    18865957]   0-None                     (    0)
[213] [    18875831]   0-None                     (    0)
[214] [    18885702]   0-None                     (    0)
[215] [    18895582]   0-None                     (    0)
[216] [    18905476]   0-None                     (    0)
[217] [    18915352]   0-None                     (    0)
[218] [    18925228]   0-None                     (    0)
[219] [    18966834]   0-None                     (    0)
[220] [    18974463]   0-None                     (    0)
[221] [    18984348]   0-None                     (    0)
[222] [    18994223]   0-None                     (    0)
[223] [    19004100]   0-None                     (    0)
[224] [    19013976]   0-None                     (    0)
[225] [    19023854]   0-None                     (    0)
[226] [    19033725]   0-None                     (    0)
[227] [    19043602]   0-None                     (    0)
[228] [    19053479]   0-None                     (    0)
[229] [    19063352]   0-None                     (    0)
[230] [    19073244]   0-None                     (    0)
[231] [    19083122]   0-None                     (    0)
[232] [    19120473]   0-None                     (    0)
[233] [    19132329]   0-None                     (    0)
[234] [    19142201]   0-None                     (    0)
[235] [    19152074]   0-None                     (    0)
[236] [    19161955]   0-None                     (    0)
[237] [    19171808]   0-None                     (    0)
[238] [    19181685]   0-None                     (    0)
[239] [    19191554]   0-None                     (    0)
[240] [    19201431]   0-None                     (    0)
[241] [    19211308]   0-None                     (    0)
[242] [    19221165]   0-None                     (    0)
[243] [    19260598]   0-None                     (    0)
[244] [    19270372]   0-None                     (    0)
[245] [    19280229]   0-None                     (    0)
[246] [    19290120]   0-None                     (    0)
[247] [    19299996]   0-None                     (    0)
[248] [    19309874]   0-None                     (    0)
[249] [    19319746]   0-None                     (    0)
[250] [    19329623]   0-None                     (    0)
[251] [    19339492]   0-None                     (    0)
[252] [    19349369]   0-None                     (    0)
[253] [    19359248]   0-None                     (    0)
[254] [    19369137]   0-None                     (    0)
[255] [    19379012]   0-None                     (    0)
[  0] [    19415095]   0-None                     (    0)
[  1] [    19421485]   0-None                     (    0)
[  2] [    19428256]   0-None                     (    0)
[  3] [    19438137]   0-None                     (    0)
[  4] [    19448018]   0-None                     (    0)
[  5] [    19457891]   0-None                     (    0)
[  6] [    19467766]   0-None                     (    0)
[  7] [    19477639]   0-None                     (    0)
[  8] [    19487513]   0-None                     (    0)
[  9] [    19497387]   0-None                     (    0)
[ 10] [    19507261]   0-None                     (    0)
[ 11] [    19517116]   0-None                     (    0)
[ 12] [    19555591]   0-None                     (    0)
[ 13] [    19566318]   0-None                     (    0)
[ 14] [    19576177]   0-None                     (    0)
[ 15] [    19586053]   0-None                     (    0)
[ 16] [    19595931]   0-None                     (    0)
[ 17] [    19605787]   0-None                     (    0)
[ 18] [    19615656]   0-None                     (    0)
[ 19] [    19625534]   0-None                     (    0)
[ 20] [    19635404]   0-None                     (    0)
[ 21] [    19645282]   0-None                     (    0)
[ 22] [    19655139]   0-None                     (    0)
[ 23] [    19696213]   0-None                     (    0)
[ 24] [    19704334]   0-None                     (    0)
[ 25] [    19714217]   0-None                     (    0)
[ 26] [    19724094]   0-None                     (    0)
[ 27] [    19733950]   0-None                     (    0)
[ 28] [    19743844]   0-None                     (    0)
[ 29] [    19753721]   0-None                     (    0)
[ 30] [    19763590]   0-None                     (    0)
[ 31] [    19773465]   0-None                     (    0)
[ 32] [    19783344]   0-None                     (    0)
[ 33] [    19793234]   0-None                     (    0)
[ 34] [    19803107]   0-None                     (    0)
[ 35] [    19838684]   0-None                     (    0)
[ 36] [    19845103]   0-None                     (    0)
[ 37] [    19852300]   0-None                     (    0)
[ 38] [    19862175]   0-None                     (    0)
[ 39] [    19872052]   0-None                     (    0)
[ 40] [    19881928]   0-None                     (    0)
[ 41] [    19891784]   0-None                     (    0)
[ 42] [    19901674]   0-None                     (    0)
[ 43] [    19911552]   0-None                     (    0)
[ 44] [    19921421]   0-None                     (    0)
[ 45] [    19931298]   0-None                     (    0)
[ 46] [    19941174]   0-None                     (    0)
[ 47] [    19979689]   0-None                     (    0)
[ 48] [    19990360]   0-None                     (    0)
[ 49] [    20000217]   0-None                     (    0)
[ 50] [    20010087]   0-None                     (    0)
[ 51] [    20019962]   0-None                     (    0)
[ 52] [    20029823]   0-None                     (    0)
[ 53] [    20039694]   0-None                     (    0)
[ 54] [    20049547]   0-None                     (    0)
[ 55] [    20059423]   0-None                     (    0)
[ 56] [    20069281]   0-None                     (    0)
[ 57] [    20079151]   0-None                     (    0)
[ 58] [    20089028]   0-None                     (    0)
[ 59] [    20098885]   0-None                     (    0)
[ 60] [    20134960]   0-None                     (    0)
[ 61] [    20138225]   0-None                     (    0)
[ 62] [    20148085]   0-None                     (    0)
[ 63] [    20157963]   0-None                     (    0)
[ 64] [    20167840]   0-None                     (    0)
[ 65] [    20177712]   0-None                     (    0)
[ 66] [    20187590]   0-None                     (    0)
[ 67] [    20197468]   0-None                     (    0)
[ 68] [    20207336]   0-None                     (    0)
[ 69] [    20217213]   0-None                     (    0)
[ 70] [    20227090]   0-None                     (    0)
[ 71] [    20236959]   0-None                     (    0)
[ 72] [    20246820]   0-None                     (    0)
[ 73] [    20288836]   0-None                     (    0)
[ 74] [    20296002]   0-None                     (    0)
[ 75] [    20305857]   0-None                     (    0)
[ 76] [    20315734]   0-None                     (    0)
[ 77] [    20325593]   0-None                     (    0)
[ 78] [    20335462]   0-None                     (    0)
[ 79] [    20345339]   0-None                     (    0)
[ 80] [    20355211]   0-None                     (    0)
[ 81] [    20365067]   0-None                     (    0)
[ 82] [    20374940]   0-None                     (    0)
[ 83] [    20384800]   0-None                     (    0)
[ 84] [    20394667]   0-None                     (    0)
[ 85] [    20404544]   0-None                     (    0)
[ 86] [    20440591]   0-None                     (    0)
[ 87] [    20446955]   0-None                     (    0)
[ 88] [    20453746]   0-None                     (    0)
[ 89] [    20463609]   0-None                     (    0)
[ 90] [    20473466]   0-None                     (    0)
[ 91] [    20483334]   0-None                     (    0)
[ 92] [    20493212]   0-None                     (    0)
[ 93] [    20503081]   0-None                     (    0)
[ 94] [    20512959]   0-None                     (    0)
[ 95] [    20522836]   0-None                     (    0)
[ 96] [    20532707]   0-None                     (    0)
[ 97] [    20542585]   0-None                     (    0)
[ 98] [    20552462]   0-None                     (    0)
[ 99] [    20589707]   0-None                     (    0)
[100] [    20601684]   0-None                     (    0)
[101] [    20611565]   0-None                     (    0)
[102] [    20621437]   0-None                     (    0)
[103] [    20631311]   0-None                     (    0)
[104] [    20641206]   0-None                     (    0)
[105] [    20651082]   0-None                     (    0)
[106] [    20660960]   0-None                     (    0)
[107] [    20670837]   0-None                     (    0)
[108] [    20680727]   0-None                     (    0)
[109] [    20690605]   0-None                     (    0)
[110] [    20700483]   0-None                     (    0)
[111] [    20741831]   0-None                     (    0)
[112] [    20749705]   0-None                     (    0)
[113] [    20759601]   0-None                     (    0)
[114] [    20769479]   0-None                     (    0)
[115] [    20779355]   0-None                     (    0)
[116] [    20789233]   0-None                     (    0)
[117] [    20799122]   0-None                     (    0)
[118] [    20808997]   0-None                     (    0)
[119] [    20818871]   0-None                     (    0)
[120] [    20828754]   0-None                     (    0)
[121] [    20838628]   0-None                     (    0)
[122] [    20848502]   0-None                     (    0)
[123] [    20858397]   0-None                     (    0)
[124] [    20894429]   0-None                     (    0)
[125] [    20900840]   0-None                     (    0)
[126] [    20907632]   0-None                     (    0)
[127] [    20917516]   0-None                     (    0)
[128] [    20927396]   0-None                     (    0)
[129] [    20937267]   0-None                     (    0)
[130] [    20947145]   0-None                     (    0)
[131] [    20957016]   0-None                     (    0)
[132] [    20966892]   0-None                     (    0)
[133] [    20976769]   0-None                     (    0)
[134] [    20986639]   0-None                     (    0)
[135] [    20996537]   0-None                     (    0)
[136] [    21006394]   0-None                     (    0)
[137] [    21044827]   0-None                     (    0)
[138] [        1834]   0-None                     (    0)
[139] [       11715]   0-None                     (    0)
[140] [       21594]   0-None                     (    0)
[141] [       31462]   0-None                     (    0)
[142] [       41360]   0-None                     (    0)
[143] [       51235]   0-None                     (    0)
[144] [       61110]   0-None                     (    0)
[145] [       70992]   0-None                     (    0)
[146] [       80879]   0-None                     (    0)
[147] [       90756]   0-None                     (    0)
[148] [      100646]   0-None                     (    0)
[149] [      110522]   0-None                     (    0)
[150] [      146564]   0-None                     (    0)
[151] [      152974]   0-None                     (    0)
[152] [      159748]   0-None                     (    0)
[153] [      169613]   0-None                     (    0)
[154] [      179487]   0-None                     (    0)
[155] [      189361]   0-None                     (    0)
[156] [      199216]   0-None                     (    0)
[157] [      209086]   0-None                     (    0)
[158] [      218963]   0-None                     (    0)
[159] [      228840]   0-None                     (    0)
[160] [      238709]   0-None                     (    0)
[161] [      248587]   0-None                     (    0)
[162] [      287045]   0-None                     (    0)
[163] [      297788]   0-None                     (    0)
[164] [      307647]   0-None                     (    0)
[165] [      317525]   0-None                     (    0)
[166] [      327394]   0-None                     (    0)
[167] [      337271]   0-None                     (    0)
[168] [      347148]   0-None                     (    0)
[169] [      357025]   0-None                     (    0)
[170] [      366893]   0-None                     (    0)
[171] [      376771]   0-None                     (    0)
[172] [      386627]   0-None                     (    0)
[173] [      427437]   0-None                     (    0)
[174] [      435837]   0-None                     (    0)
[175] [      445714]   0-None                     (    0)
[176] [      455583]   0-None                     (    0)
[177] [      465460]   0-None                     (    0)
[178] [      475338]   0-None                     (    0)
[179] [      485207]   0-None                     (    0)
[180] [      495081]   0-None                     (    0)
[181] [      504967]   0-None                     (    0)
[182] [      514837]   0-None                     (    0)
[183] [      524707]   0-None                     (    0)
[184] [      534583]   0-None                     (    0)
[185] [      570684]   0-None                     (    0)
[186] [      573927]   0-None                     (    0)
[187] [      583804]   0-None                     (    0)
[188] [      593668]   0-None                     (    0)
[189] [      603561]   0-None                     (    0)
[190] [      613419]   0-None                     (    0)
[191] [      623309]   0-None                     (    0)
[192] [      633188]   0-None                     (    0)
[193] [      643045]   0-None                     (    0)
[194] [      652936]   0-None                     (    0)
[195] [      662814]   0-None                     (    0)
[196] [      672685]   0-None                     (    0)
[197] [      682563]   0-None                     (    0)
[198] [      720934]   0-None                     (    0)
[199] [      731758]   0-None                     (    0)
[200] [      741639]   0-None                     (    0)
[201] [      751517]   0-None                     (    0)
[202] [      761374]   0-None                     (    0)
[203] [      771244]   0-None                     (    0)
[204] [      781122]   0-None                     (    0)
[205] [      791000]   0-None                     (    0)
[206] [      800869]   0-None                     (    0)
[207] [      810746]   0-None                     (    0)
[208] [      820624]   0-None                     (    0)
[209] [      861683]   0-None                     (    0)
[210] [      869799]   0-None                     (    0)
[211] [      879661]   0-None                     (    0)
[212] [      889534]   0-None                     (    0)
[213] [      899412]   0-None                     (    0)
[214] [      909285]   0-None                     (    0)
[215] [      919158]   0-None                     (    0)
[216] [      929021]   0-None                     (    0)
[217] [      938894]   0-None                     (    0)
[218] [      948768]   0-None                     (    0)
[219] [      958643]   0-None                     (    0)
[220] [      968519]   0-None                     (    0)
[221] [     1004554]   0-None                     (    0)
[222] [     1010947]   0-None                     (    