[ 19] [    10381877] 1 | True  True 00 ( 1345, 1121)   4  1290  2000
[ 20] [    10391759] 1 | True  True 00 ( 1342, 1121)   4  1170  2200
[ 21] [    10401660] 1 | True  True 00 ( 1332, 1121)   6  1277  2264
[ 22] [    10411536] 1 | True  True 00 ( 1315, 1120)   5  1252  2132
[ 23] [    10421411] 1 | True  True 00 ( 1294, 1118)   4  1230  1936
[ 24] [    10431306] 1 | True  True 00 ( 1271, 1117)   4  1267  1976
[ 25] [    10441198] 1 | True  True 00 ( 1250, 1113)   5  1310  2352
[ 26] [    10451078] 1 | True  True 00 ( 1231, 1108)   6  1311  2476
[ 27] [    10460971] 1 | True  True 00 ( 1210, 1099)   5  1246  2288
[ 28] [    10470861] 1 | True  True 00 ( 1188, 1088)   6  1294  2040
[ 29] [    10507815] 1 | True  True 00 ( 1165, 1076)   5  1260  1788
[ 30] [    10520098] 1 | True  True 00 ( 1143, 1063)   4  1210  1484
[ 31] [    10529983] 1 | True  True 00 ( 1112, 1038)   6  1261  2220
[ 32] [    10539885] 1 | True  True 00 ( 1081, 1010)   5  1159  1944
[ 33] [    10549754] 1 | True  True 00 ( 1052,  983)   6  1204  1720
[ 34] [    10559651] 1 | True  True 00 ( 1027,  956)   4  1133  1500
[ 35] [    10569528] 1 | True  True 00 ( 1006,  932)   4  1135  1404
[ 36] [    10579397] 1 | True  True 00 (  990,  911)   5  1196  1520
[ 37] [    10589274] 1 | True  True 00 (  977,  890)   6  1199  1752
[ 38] [    10599171] 1 | True  True 00 (  966,  868)   6  1216  1812
[ 39] [    10609045] 1 | True  True 00 (  958,  842)   5  1175  1696
[ 40] [    10649439] 1 | True  True 00 (  951,  817)   4  1175  1460
[ 41] [    10658284] 1 | True  True 00 (  945,  794)   4  1188  1836
[ 42] [    10668170] 1 | True  True 00 (  941,  751)   4  1158  1512
[ 43] [    10678064] 1 | True  True 00 (  938,  709)   4  1213  1904
[ 44] [    10687940] 1 | True  True 00 (  937,  674)   5  1201  2020
[ 45] [    10697838] 1 | True  True 00 (  937,  642)   6  1259  2020
[ 46] [    10707712] 1 | True  True 00 (  938,  610)   6  1233  1736
[ 47] [    10717610] 1 | True  True 00 (  942,  580)   4  1179  1400
[ 48] [    10727483] 1 | True  True 00 (  946,  555)   4  1196  1360
[ 49] [    10737376] 1 | True  True 00 (  951,  533)   4  1183  1756
[ 50] [    10747253] 1 | True  True 00 (  958,  513)   6  1251  1872
[ 51] [    10789440] 1 | True  True 00 (  967,  491)   7  1278  1872
[ 52] [    10796483] 1 | True  True 00 (  978,  467)   7  1244  1812
[ 53] [    10806358] 1 | True  True 00 ( 1003,  434)   5  1214  1972
[ 54] [    10816232] 1 | True  True 00 ( 1029,  402)   6  1277  1800
[ 55] [    10826107] 1 | True  True 00 ( 1054,  372)   6  1259  1728
[ 56] [    10835982] 1 | True  True 00 ( 1077,  346)   6  1272  1836
[ 57] [    10845857] 1 | True  True 00 ( 1102,  324)   7  1335  1892
[ 58] [    10855732] 1 | True  True 00 ( 1129,  305)   6  1313  1836
[ 59] [    10865627] 1 | True  True 00 ( 1153,  290)   4  1253  1620
[ 60] [    10875505] 1 | True  True 00 ( 1176,  278)   4  1330  1392
[ 61] [    10885375] 1 | True  True 00 ( 1197,  268)   4  1314  1788
[ 62] [    10895253] 1 | True  True 00 ( 1219,  259)   6  1443  2188
[ 63] [    10931311] 1 | True  True 00 ( 1242,  252)   6  1468  2452
[ 64] [    10937702] 1 | True  True 00 ( 1268,  247)   6  1496  2452
[ 65] [    10944492] 1 | True  True 00 ( 1301,  242)   6  1560  2340
[ 66] [    10954360] 1 | True  True 00 ( 1336,  238)   7  1591  2560
[ 67] [    10964254] 1 | True  True 00 ( 1370,  236)   7  1601  2704
[ 68] [    10974124] 1 | True  True 00 ( 1402,  236)   4  1465  2484
[ 69] [    10984022] 1 | True  True 00 ( 1429,  237)   4  1530  2120
[ 70] [    10993899] 1 | True  True 00 ( 1453,  239)   4  1507  1836
[ 71] [    11003768] 1 | True  True 00 ( 1477,  241)   6  1571  2048
[ 72] [    11013665] 1 | True  True 00 ( 1501,  245)   7  1625  2116
[ 73] [    11023544] 1 | True  True 00 ( 1527,  251)   7  1604  2348
[ 74] [    11033416] 1 | True  True 00 ( 1551,  258)   5  1532  2420
[ 75] [    11043291] 1 | True  True 00 ( 1572,  268)   6  1577  2348
[ 76] [    11085474] 1 | True  True 00 ( 1592,  280)   6  1560  2144
[ 77] [    11092522] 1 | True  True 00 ( 1610,  295)   7  1552  2016
[ 78] [    11102397] 1 | True  True 00 ( 1644,  322)   6  1447  2184
[ 79] [    11112291] 1 | True  True 00 ( 1676,  349)   5  1366  2312
[ 80] [    11122161] 1 | True  True 00 ( 1703,  378)   6  1429  2312
[ 81] [    11132042] 1 | True  True 00 ( 1723,  405)   6  1428  2120
[ 82] [    11141936] 1 | True  True 00 ( 1740,  431)   4  1330  1668
[ 83] [    11151814] 1 | True  True 00 ( 1753,  454)   4  1344  1536
[ 84] [    11161685] 1 | True  True 00 ( 1765,  476)   6  1407  1756
[ 85] [    11171582] 1 | True  True 00 ( 1776,  499)   6  1409  2008
[ 86] [    11181458] 1 | True  True 00 ( 1786,  524)   6  1379  2196
[ 87] [    11191336] 1 | True  True 00 ( 1795,  549)   7  1445  2256
[ 88] [    11201226] 1 | True  True 00 ( 1802,  573)   6  1419  2008
[ 89] [    11237314] 1 | True  True 00 ( 1808,  595)   6  1385  1944
[ 90] [    11243701] 1 | True  True 00 ( 1813,  619)   6  1396  2196
[ 91] [    11250484] 1 | True  True 00 ( 1815,  655)   6  1398  2068
[ 92] [    11260370] 1 | True  True 00 ( 1814,  690)   6  1361  1776
[ 93] [    11270247] 1 | True  True 00 ( 1812,  723)   6  1338  1892
[ 94] [    11280145] 1 | True  True 00 ( 1808,  756)   5  1284  1952
[ 95] [    11290021] 1 | True  True 00 ( 1802,  787)   5  1308  1832
[ 96] [    11299916] 1 | True  True 00 ( 1795,  814)   4  1288  1536
[ 97] [    11309788] 1 | True  True 00 ( 1788,  838)   4  1243  1384
[ 98] [    11319683] 1 | True  True 00 ( 1779,  860)   6  1314  1788
[ 99] [    11329558] 1 | True  True 00 ( 1771,  883)   6  1350  2132
[100] [    11339454] 1 | True  True 00 ( 1760,  908)   6  1318  2308
[101] [    11349331] 1 | True  True 00 ( 1748,  931)   7  1377  2308
[102] [    11390183] 1 | True  True 00 ( 1733,  952)   6  1377  2132
[103] [    11398602] 1 | True  True 00 ( 1714,  971)   5  1318  1728
[104] [    11408476] 1 | True  True 00 ( 1681,  999)   7  1516  2620
[105] [    11418369] 1 | True  True 00 ( 1648, 1025)   6  1412  2552
[106] [    11428247] 1 | True  True 00 ( 1618, 1046)   6  1409  2484
[107] [    11438137] 1 | True  True 00 ( 1587, 1064)   5  1347  2148
[108] [    11448034] 1 | True  True 00 ( 1560, 1079)   4  1334  1964
[109] [    11457913] 1 | True  True 00 ( 1536, 1091)   4  1382  2392
[110] [    11467804] 1 | True  True 00 ( 1515, 1099)   4  1331  2532
[111] [    11477704] 1 | True  True 00 ( 1493, 1106)   6  1358  2464
[112] [    11487597] 1 | True  True 00 ( 1468, 1111)   6  1381  2320
[113] [    11497499] 1 | True  True 00 ( 1443, 1114)   5  1345  2036
[114] [    11539688] 1 | True  True 00 ( 1423, 1117)   4  1272  1820
[115] [    11546766] 1 | True  True 00 ( 1408, 1119)   4  1306  1892
[116] [    11556642] 1 | True  True 00 ( 1396, 1119)   4  1318  1748
[117] [    11566537] 1 | True  True 00 ( 1381, 1120)   4  1304  2132
[118] [    11576412] 1 | True  True 00 ( 1364, 1120)   6  1337  2400
[119] [    11586307] 1 | True  True 00 ( 1342, 1120)   6  1360  2400
[120] [    11596184] 1 | True  True 00 ( 1318, 1119)   5  1286  2200
[121] [    11606076] 1 | True  True 00 ( 1292, 1117)   4  1308  1868
[122] [    11615950] 1 | True  True 00 ( 1268, 1115)   4  1316  2228
[123] [    11625849] 1 | True  True 00 ( 1247, 1111)   6  1388  2476
[124] [    11635724] 1 | True  True 00 ( 1226, 1105)   6  1357  2540
[125] [    11645618] 1 | True  True 00 ( 1205, 1097)   5  1309  2288
[126] [    11681687] 1 | True  True 00 ( 1181, 1085)   6  1336  1976
[127] [    11688047] 1 | True  True 00 ( 1157, 1072)   5  1317  1664
[128] [    11694859] 1 | True  True 00 ( 1130, 1053)   4  1301  2056
[129] [    11704747] 1 | True  True 00 ( 1103, 1033)   7  1327  2276
[130] [    11714636] 1 | True  True 00 ( 1079, 1012)   6  1254  2220
[131] [    11724512] 1 | True  True 00 ( 1057,  991)   5  1184  1944
[132] [    11734411] 1 | True  True 00 ( 1036,  968)   6  1231  1668
[133] [    11744306] 1 | True  True 00 ( 1015,  945)   4  1162  1388
[134] [    11754176] 1 | True  True 00 (  998,  923)   4  1178  1456
[135] [    11764071] 1 | True  True 00 (  984,  903)   5  1226  1696
[136] [    11773954] 1 | True  True 00 (  973,  884)   6  1229  1872
[137] [    11783845] 1 | True  True 00 (  963,  861)   6  1231  1872
[138] [    11793726] 1 | True  True 00 (  955,  835)   4  1147  1696
[139] [    11829784] 1 | True  True 00 (  948,  811)   4  1204  1560
[140] [    11836189] 1 | True  True 00 (  943,  788)   4  1174  1948
[141] [    11843002] 1 | True  True 00 (  939,  750)   4  1130  1724
[142] [    11852887] 1 | True  True 00 (  936,  713)   4  1186  1624
[143] [    11862762] 1 | True  True 00 (  935,  680)   4  1214  2020
[144] [    11872639] 1 | True  True 00 (  935,  653)   6  1244  2132
[145] [    11882528] 1 | True  True 00 (  936,  626)   6  1260  2020
[146] [    11892407] 1 | True  True 00 (  939,  598)   5  1207  1680
[147] [    11902279] 1 | True  True 00 (  942,  572)   4  1221  1400
[148] [    11912159] 1 | True  True 00 (  947,  548)   4  1224  1472
[149] [    11922053] 1 | True  True 00 (  952,  527)   5  1227  1812
[150] [    11931931] 1 | True  True 00 (  959,  507)   6  1238  1872
[151] [    11941823] 1 | True  True 00 (  970,  484)   6  1235  1928
[152] [    11978655] 1 | True  True 00 (  982,  461)   7  1285  1872
[153] [    11991060] 1 | True  True 00 (  997,  438)   6  1254  1756
[154] [    12000952] 1 | True  True 00 ( 1023,  406)   6  1261  1688
[155] [    12010830] 1 | True  True 00 ( 1051,  374)   7  1325  1784
[156] [    12020720] 1 | True  True 00 ( 1079,  346)   6  1288  1892
[157] [    12030594] 1 | True  True 00 ( 1106,  324)   7  1337  1944
[158] [    12040469] 1 | True  True 00 ( 1134,  304)   6  1347  1836
[159] [    12050363] 1 | True  True 00 ( 1159,  288)   4  1323  1568
[160] [    12060240] 1 | True  True 00 ( 1182,  276)   4  1367  1524
[161] [    12070111] 1 | True  True 00 ( 1202,  266)   4  1337  1924
[162] [    12079988] 1 | True  True 00 ( 1224,  258)   6  1483  2320
[163] [    12119794] 1 | True  True 00 ( 1248,  251)   6  1509  2520
[164] [    12129210] 1 | True  True 00 ( 1273,  246)   5  1496  2520
[165] [    12139092] 1 | True  True 00 ( 1315,  241)   7  1593  2632
[166] [    12148965] 1 | True  True 00 ( 1358,  239)   6  1589  2704
[167] [    12158845] 1 | True  True 00 ( 1396,  238)   4  1517  2412
[168] [    12168718] 1 | True  True 00 ( 1428,  239)   4  1546  1972
[169] [    12178592] 1 | True  True 00 ( 1454,  241)   4  1504  1836
[170] [    12188469] 1 | True  True 00 ( 1480,  244)   6  1637  2116
[171] [    12198363] 1 | True  True 00 ( 1505,  248)   7  1621  2212
[172] [    12208241] 1 | True  True 00 ( 1532,  253)   6  1512  2348
[173] [    12218130] 1 | True  True 00 ( 1555,  261)   6  1576  2420
[174] [    12228006] 1 | True  True 00 ( 1577,  272)   6  1589  2280
[175] [    12264048] 1 | True  True 00 ( 1596,  284)   6  1569  2072
[176] [    12270440] 1 | True  True 00 ( 1615,  299)   7  1546  2136
[177] [    12277222] 1 | True  True 00 ( 1645,  322)   6  1502  2056
[178] [    12287109] 1 | True  True 00 ( 1674,  345)   6  1447  2248
[179] [    12296987] 1 | True  True 00 ( 1698,  368)   6  1444  2376
[180] [    12306845] 1 | True  True 00 ( 1718,  392)   6  1444  2248
[181] [    12316719] 1 | True  True 00 ( 1734,  417)   6  1473  2056
[182] [    12326594] 1 | True  True 00 ( 1748,  440)   4  1362  1604
[183] [    12336469] 1 | True  True 00 ( 1759,  461)   4  1345  1568
[184] [    12346344] 1 | True  True 00 ( 1769,  482)   6  1438  1880
[185] [    12356219] 1 | True  True 00 ( 1779,  505)   6  1362  2068
[186] [    12366094] 1 | True  True 00 ( 1788,  530)   6  1397  2256
[187] [    12375968] 1 | True  True 00 ( 1797,  556)   6  1433  2256
[188] [    12414421] 1 | True  True 00 ( 1804,  579)   6  1434  1944
[189] [    12425166] 1 | True  True 00 ( 1809,  602)   6  1430  2008
[190] [    12435051] 1 | True  True 00 ( 1812,  644)   6  1396  1944
[191] [    12444921] 1 | True  True 00 ( 1811,  685)   6  1358  1776
[192] [    12454800] 1 | True  True 00 ( 1809,  723)   7  1377  1892
[193] [    12464669] 1 | True  True 00 ( 1805,  759)   5  1298  1952
[194] [    12474546] 1 | True  True 00 ( 1799,  791)   5  1336  1832
[195] [    12484422] 1 | True  True 00 ( 1793,  819)   4  1289  1480
[196] [    12494298] 1 | True  True 00 ( 1786,  843)   4  1272  1556
[197] [    12504191] 1 | True  True 00 ( 1777,  865)   6  1346  1904
[198] [    12514068] 1 | True  True 00 ( 1768,  888)   6  1305  2192
[199] [    12523946] 1 | True  True 00 ( 1757,  913)   6  1320  2364
[200] [    12562546] 1 | True  True 00 ( 1744,  936)   7  1428  2308
[201] [    12573146] 1 | True  True 00 ( 1728,  957)   6  1399  2016
[202] [    12583026] 1 | True  True 00 ( 1698,  986)   6  1430  2216
[203] [    12592897] 1 | True  True 00 ( 1666, 1013)   7  1434  2552
[204] [    12602793] 1 | True  True 00 ( 1637, 1036)   6  1413  2552
[205] [    12612669] 1 | True  True 00 ( 1607, 1055)   6  1393  2420
[206] [    12622546] 1 | True  True 00 ( 1579, 1071)   5  1411  2148
[207] [    12632423] 1 | True  True 00 ( 1553, 1084)   4  1364  2104
[208] [    12642294] 1 | True  True 00 ( 1530, 1094)   4  1384  2464
[209] [    12652171] 1 | True  True 00 ( 1509, 1101)   5  1372  2604
[210] [    12662068] 1 | True  True 00 ( 1487, 1107)   6  1421  2532
[211] [    12671946] 1 | True  True 00 ( 1462, 1112)   6  1393  2248
[212] [    12711644] 1 | True  True 00 ( 1438, 1115)   4  1279  1964
[213] [    12721180] 1 | True  True 00 ( 1419, 1117)   4  1307  1892
[214] [    12731064] 1 | True  True 00 ( 1405, 1118)   4  1338  1820
[215] [    12740939] 1 | True  True 00 ( 1391, 1119)   4  1326  1868
[216] [    12750804] 1 | True  True 00 ( 1376, 1120)   4  1301  2264
[217] [    12760687] 1 | True  True 00 ( 1358, 1119)   6  1342  2400
[218] [    12770566] 1 | True  True 00 ( 1336, 1119)   5  1319  2400
[219] [    12780444] 1 | True  True 00 ( 1311, 1118)   4  1257  2132
[220] [    12790321] 1 | True  True 00 ( 1286, 1116)   5  1374  1800
[221] [    12800211] 1 | True  True 00 ( 1264, 1113)   6  1436  2288
[222] [    12810086] 1 | True  True 00 ( 1242, 1109)   5  1325  2540
[223] [    12852415] 1 | True  True 00 ( 1220, 1102)   5  1297  2476
[224] [    12859319] 1 | True  True 00 ( 1198, 1093)   5  1306  2228
[225] [    12869188] 1 | True  True 00 ( 1163, 1072)   4  1327  1720
[226] [    12879066] 1 | True  True 00 ( 1130, 1049)   4  1237  2112
[227] [    12888943] 1 | True  True 00 ( 1101, 1029)   6  1286  2276
[228] [    12898821] 1 | True  True 00 ( 1076, 1007)   6  1268  2112
[229] [    12908692] 1 | True  True 00 ( 1053,  985)   6  1251  1888
[230] [    12918562] 1 | True  True 00 ( 1030,  962)   6  1240  1612
[231] [    12928444] 1 | True  True 00 ( 1011,  939)   4  1176  1404
[232] [    12938316] 1 | True  True 00 (  995,  919)   4  1192  1508
[233] [    12948192] 1 | True  True 00 (  982,  899)   5  1240  1752
[234] [    12958063] 1 | True  True 00 (  970,  879)   6  1229  1872
[235] [    12994172] 1 | True  True 00 (  961,  854)   6  1231  1812
[236] [    12997428] 1 | True  True 00 (  953,  828)   4  1175  1636
[237] [    13007287] 1 | True  True 00 (  945,  793)   6  1242  2116
[238] [    13017163] 1 | True  True 00 (  939,  756)   6  1228  1948
[239] [    13027040] 1 | True  True 00 (  936,  721)   4  1171  1724
[240] [    13036916] 1 | True  True 00 (  934,  691)   4  1199  1736
[241] [    13046791] 1 | True  True 00 (  934,  665)   4  1199  2020
[242] [    13056669] 1 | True  True 00 (  935,  642)   6  1244  2132
[243] [    13066560] 1 | True  True 00 (  936,  616)   6  1274  1960
[244] [    13076417] 1 | True  True 00 (  939,  590)   5  1221  1680
[245] [    13086307] 1 | True  True 00 (  943,  565)   4  1237  1288
[246] [    13096188] 1 | True  True 00 (  949,  543)   4  1239  1644
[247] [    13137162] 1 | True  True 00 (  954,  522)   5  1256  1872
[248] [    13145400] 1 | True  True 00 (  962,  501)   6  1266  1928
[249] [    13155286] 1 | True  True 00 (  986,  465)   4  1206  2028
[250] [    13165161] 1 | True  True 00 ( 1011,  430)   4  1215  2084
[251] [    13175037] 1 | True  True 00 ( 1033,  402)   6  1265  1912
[252] [    13184913] 1 | True  True 00 ( 1053,  376)   6  1302  1676
[253] [    13194789] 1 | True  True 00 ( 1073,  352)   7  1324  1836
[254] [    13204666] 1 | True  True 00 ( 1094,  331)   7  1354  1892
[255] [    13214535] 1 | True  True 00 ( 1117,  313)   7  1355  1944
[  0] [    13224410] 1 | True  True 00 ( 1142,  296)   5  1311  1836
[  1] [    13234286] 1 | True  True 00 ( 1165,  283)   4  1343  1512
[  2] [    13244162] 1 | True  True 00 ( 1187,  273)   4  1361  1592
[  3] [    13254040] 1 | True  True 00 ( 1207,  264)   5  1414  2056
[  4] [    13290037] 1 | True  True 00 ( 1229,  256)   6  1477  2388
[  5] [    13296424] 1 | True  True 00 ( 1254,  250)   7  1557  2520
[  6] [    13303236] 1 | True  True 00 ( 1288,  244)   5  1517  2120
[  7] [    13313101] 1 | True  True 00 ( 1322,  240)   7  1637  2484
[  8] [    13322978] 1 | True  True 00 ( 1355,  237)   7  1631  2704
[  9] [    13332836] 1 | True  True 00 ( 1387,  236)   6  1589  2704
[ 10] [    13342709] 1 | True  True 00 ( 1416,  236)   4  1516  2340
[ 11] [    13352584] 1 | True  True 00 ( 1441,  238)   4  1562  1900
[ 12] [    13362458] 1 | True  True 00 ( 1463,  240)   5  1572  1976
[ 13] [    13372333] 1 | True  True 00 ( 1486,  244)   6  1602  2116
[ 14] [    13382188] 1 | True  True 00 ( 1511,  248)   7  1617  2280
[ 15] [    13392057] 1 | True  True 00 ( 1537,  255)   6  1595  2488
[ 16] [    13430640] 1 | True  True 00 ( 1560,  262)   6  1589  2420
[ 17] [    13441227] 1 | True  True 00 ( 1580,  273)   6  1602  2348
[ 18] [    13451097] 1 | True  True 00 ( 1615,  299)   6  1505  2256
[ 19] [    13460975] 1 | True  True 00 ( 1650,  325)   6  1501  2120
[ 20] [    13470854] 1 | True  True 00 ( 1680,  349)   6  1477  2312
[ 21] [    13480723] 1 | True  True 00 ( 1703,  373)   6  1445  2376
[ 22] [    13490601] 1 | True  True 00 ( 1722,  398)   6  1462  2312
[ 23] [    13500490] 1 | True  True 00 ( 1737,  422)   5  1445  2056
[ 24] [    13510366] 1 | True  True 00 ( 1750,  445)   4  1407  1656
[ 25] [    13520243] 1 | True  True 00 ( 1761,  465)   4  1345  1632
[ 26] [    13530120] 1 | True  True 00 ( 1771,  486)   6  1438  1944
[ 27] [    13539996] 1 | True  True 00 ( 1782,  509)   6  1394  2132
[ 28] [    13577281] 1 | True  True 00 ( 1790,  534)   6  1397  2256
[ 29] [    13589220] 1 | True  True 00 ( 1798,  560)   6  1450  2196
[ 30] [    13599078] 1 | True  True 00 ( 1806,  603)   6  1399  2384
[ 31] [    13608972] 1 | True  True 00 ( 1810,  645)   5  1346  2320
[ 32] [    13618850] 1 | True  True 00 ( 1812,  682)   6  1364  1880
[ 33] [    13628720] 1 | True  True 00 ( 1811,  714)   6  1354  1832
[ 34] [    13638600] 1 | True  True 00 ( 1809,  744)   7  1436  1952
[ 35] [    13648470] 1 | True  True 00 ( 1805,  773)   5  1298  1952
[ 36] [    13658347] 1 | True  True 00 ( 1799,  801)   5  1353  1776
[ 37] [    13668224] 1 | True  True 00 ( 1792,  826)   4  1303  1420
[ 38] [    13678095] 1 | True  True 00 ( 1785,  848)   4  1272  1616
[ 39] [    13717403] 1 | True  True 00 ( 1776,  870)   6  1332  1960
[ 40] [    13727283] 1 | True  True 00 ( 1766,  893)   6  1336  2248
[ 41] [    13737161] 1 | True  True 00 ( 1738,  928)   5  1351  1616
[ 42] [    13747032] 1 | True  True 00 ( 1708,  960)   5  1403  1604
[ 43] [    13756910] 1 | True  True 00 ( 1682,  987)   6  1475  2016
[ 44] [    13766782] 1 | True  True 00 ( 1659, 1011)   6  1436  2420
[ 45] [    13776660] 1 | True  True 00 ( 1638, 1031)   7  1467  2620
[ 46] [    13786529] 1 | True  True 00 ( 1615, 1047)   6  1415  2552
[ 47] [    13796404] 1 | True  True 00 ( 1592, 1062)   6  1409  2352
[ 48] [    13806280] 1 | True  True 00 ( 1568, 1075)   5  1384  2016
[ 49] [    13816156] 1 | True  True 00 ( 1545, 1087)   4  1365  2176
[ 50] [    13826032] 1 | True  True 00 ( 1524, 1096)   4  1383  2532
[ 51] [    13868132] 1 | True  True 00 ( 1505, 1103)   5  1355  2604
[ 52] [    13875219] 1 | True  True 00 ( 1482, 1108)   6  1417  2532
[ 53] [    13885097] 1 | True  True 00 ( 1452, 1112)   4  1342  1964
[ 54] [    13894968] 1 | True  True 00 ( 1428, 1115)   4  1307  1892
[ 55] [    13904845] 1 | True  True 00 ( 1411, 1117)   4  1288  1820
[ 56] [    13914722] 1 | True  True 00 ( 1399, 1119)   4  1335  1820
[ 57] [    13924592] 1 | True  True 00 ( 1387, 1120)   4  1340  1868
[ 58] [    13934470] 1 | True  True 00 ( 1374, 1120)   4  1287  2264
[ 59] [    13944328] 1 | True  True 00 ( 1356, 1119)   6  1374  2464
[ 60] [    13954202] 1 | True  True 00 ( 1334, 1118)   5  1317  2400
[ 61] [    13964075] 1 | True  True 00 ( 1309, 1117)   4  1273  2132
[ 62] [    13973948] 1 | True  True 00 ( 1285, 1116)   5  1390  1852
[ 63] [    14012628] 1 | True  True 00 ( 1262, 1114)   5  1396  2288
[ 64] [    14023137] 1 | True  True 00 ( 1241, 1110)   5  1325  2540
[ 65] [    14033008] 1 | True  True 00 ( 1203, 1091)   6  1320  1540
[ 66] [    14042889] 1 | True  True 00 ( 1166, 1070)   4  1310  1616
[ 67] [    14052760] 1 | True  True 00 ( 1135, 1051)   4  1295  1720
[ 68] [    14062633] 1 | True  True 00 ( 1109, 1034)   5  1292  2168
[ 69] [    14072506] 1 | True  True 00 ( 1088, 1018)   6  1286  2276
[ 70] [    14082386] 1 | True  True 00 ( 1067, 1000)   6  1265  2168
[ 71] [    14092260] 1 | True  True 00 ( 1047,  981)   6  1266  1888
[ 72] [    14102133] 1 | True  True 00 ( 1027,  959)   6  1255  1612
[ 73] [    14112005] 1 | True  True 00 ( 1008,  937)   4  1163  1352
[ 74] [    14121865] 1 | True  True 00 (  993,  917)   4  1178  1508
[ 75] [    14131754] 1 | True  True 00 (  980,  897)   5  1227  1752
[ 76] [    14167799] 1 | True  True 00 (  969,  876)   6  1257  1872
[ 77] [    14174167] 1 | True  True 00 (  960,  851)   6  1245  1812
[ 78] [    14180932] 1 | True  True 00 (  951,  817)   5  1258  2116
[ 79] [    14190821] 1 | True  True 00 (  943,  782)   6  1228  2060
[ 80] [    14200696] 1 | True  True 00 (  939,  748)   6  1255  1948
[ 81] [    14210550] 1 | True  True 00 (  936,  716)   4  1186  1672
[ 82] [    14220429] 1 | True  True 00 (  935,  687)   4  1213  1736
[ 83] [    14230298] 1 | True  True 00 (  934,  663)   4  1199  2020
[ 84] [    14240175] 1 | True  True 00 (  935,  640)   6  1287  2132
[ 85] [    14250053] 1 | True  True 00 (  937,  615)   6  1259  1904
[ 86] [    14259922] 1 | True  True 00 (  939,  589)   4  1177  1680
[ 87] [    14269799] 1 | True  True 00 (  943,  564)   4  1237  1288
[ 88] [    14279678] 1 | True  True 00 (  948,  542)   4  1225  1644
[ 89] [    14320630] 1 | True  True 00 (  954,  521)   5  1242  1872
[ 90] [    14328848] 1 | True  True 00 (  962,  501)   6  1252  1928
[ 91] [    14338719] 1 | True  True 00 (  986,  464)   4  1192  2028
[ 92] [    14348589] 1 | True  True 00 ( 1010,  430)   4  1215  2084
[ 93] [    14358462] 1 | True  True 00 ( 1033,  401)   6  1308  1972
[ 94] [    14368339] 1 | True  True 00 ( 1053,  374)   6  1275  1676
[ 95] [    14378196] 1 | True  True 00 ( 1073,  350)   7  1341  1836
[ 96] [    14388069] 1 | True  True 00 ( 1095,  330)   7  1367  1944
[ 97] [    14397946] 1 | True  True 00 ( 1119,  312)   7  1399  2000
[ 98] [    14407804] 1 | True  True 00 ( 1143,  297)   5  1341  1892
[ 99] [    14417690] 1 | True  True 00 ( 1166,  284)   4  1359  1512
[100] [    14427790] 1 | True  True 00 ( 1188,  273)   4  1377  1656
[101] [    14463365] 1 | True  True 00 ( 1208,  264)   5  1414  2056
[102] [    14469826] 1 | True  True 00 ( 1230,  256)   6  1493  2452
[103] [    14476743] 1 | True  True 00 ( 1264,  249)   4  1478  2120
[104] [    14486609] 1 | True  True 00 ( 1298,  243)   6  1622  2192
[105] [    14496486] 1 | True  True 00 ( 1330,  240)   7  1637  2484
[106] [    14506374] 1 | True  True 00 ( 1360,  237)   7  1649  2704
[107] [    14516254] 1 | True  True 00 ( 1391,  236)   5  1551  2704
[108] [    14526126] 1 | True  True 00 ( 1418,  236)   4  1569  2412
[109] [    14535986] 1 | True  True 00 ( 1443,  238)   4  1579  1900
[110] [    14545862] 1 | True  True 00 ( 1465,  240)   5  1572  1976
[111] [    14555729] 1 | True  True 00 ( 1488,  244)   6  1600  2116
[112] [    14565605] 1 | True  True 00 ( 1513,  249)   7  1666  2348
[113] [    14604627] 1 | True  True 00 ( 1539,  255)   6  1612  2488
[114] [    14614790] 1 | True  True 00 ( 1562,  263)   6  1622  2488
[115] [    14624671] 1 | True  True 00 ( 1597,  287)   7  1566  2312
[116] [    14634549] 1 | True  True 00 ( 1631,  313)   6  1505  2256
[117] [    14644418] 1 | True  True 00 ( 1662,  336)   6  1498  2120
[118] [    14654295] 1 | True  True 00 ( 1687,  356)   6  1510  2376
[119] [    14664153] 1 | True  True 00 ( 1708,  377)   6  1477  2440
[120] [    14674022] 1 | True  True 00 ( 1725,  400)   6  1460  2248
[121] [    14683899] 1 | True  True 00 ( 1739,  424)   5  1461  2056
[122] [    14693772] 1 | True  True 00 ( 1751,  446)   4  1408  1596
[123] [    14703649] 1 | True  True 00 ( 1762,  467)   5  1423  1632
[124] [    14746145] 1 | True  True 00 ( 1772,  488)   6  1470  1944
[125] [    14752840] 1 | True  True 00 ( 1782,  511)   6  1410  2132
[126] [    14762710] 1 | True  True 00 ( 1793,  552)   6  1459  2132
[127] [    14772587] 1 | True  True 00 ( 1803,  595)   6  1440  2320
[128] [    14782457] 1 | True  True 00 ( 1811,  634)   6  1415  2384
[129] [    14792335] 1 | True  True 00 ( 1814,  668)   6  1387  2196
[130] [    14802212] 1 | True  True 00 ( 1815,  697)   6  1380  1880
[131] [    14812081] 1 | True  True 00 ( 1813,  723)   6  1339  1832
[132] [    14821959] 1 | True  True 00 ( 1809,  750)   7  1420  1952
[133] [    14831817] 1 | True  True 00 ( 1805,  777)   5  1326  1952
[134] [    14841692] 1 | True  True 00 ( 1798,  804)   5  1367  1776
[135] [    14851567] 1 | True  True 00 ( 1791,  828)   4  1303  1420
[136] [    14861441] 1 | True  True 00 ( 1784,  849)   4  1272  1616
[137] [    14898766] 1 | True  True 00 ( 1775,  870)   6  1343  2016
[138] [    14910647] 1 | True  True 00 ( 1766,  893)   6  1338  2248
[139] [    14920523] 1 | True  True 00 ( 1738,  927)   5  1356  1616
[140] [    14930414] 1 | True  True 00 ( 1709,  960)   5  1386  1604
[141] [    14940287] 1 | True  True 00 ( 1682,  987)   6  1458  2016
[142] [    14950162] 1 | True  True 00 ( 1659, 1010)   6  1436  2420
[143] [    14960037] 1 | True  True 00 ( 1638, 1030)   7  1452  2620
[144] [    14969919] 1 | True  True 00 ( 1615, 1047)   6  1415  2552
[145] [    14979797] 1 | True  True 00 ( 1592, 1062)   6  1409  2352
[146] [    14989685] 1 | True  True 00 ( 1568, 1075)   5  1400  2016
[147] [    14999559] 1 | True  True 00 ( 1545, 1086)   4  1365  2176
[148] [    15039144] 1 | True  True 00 ( 1524, 1095)   4  1367  2532
[149] [    15048796] 1 | True  True 00 ( 1504, 1102)   5  1340  2604
[150] [    15058686] 1 | True  True 00 ( 1469, 1109)   4  1285  1748
[151] [    15068579] 1 | True  True 00 ( 1440, 1113)   4  1321  1892
[152] [    15078458] 1 | True  True 00 ( 1419, 1116)   4  1321  1892
[153] [    15088349] 1 | True  True 00 ( 1404, 1118)   4  1305  1820
[154] [    15098230] 1 | True  True 00 ( 1393, 1119)   4  1349  1748
[155] [    15108104] 1 | True  True 00 ( 1382, 1120)   4  1337  2000
[156] [    15117979] 1 | True  True 00 ( 1367, 1120)   5  1326  2400
[157] [    15127852] 1 | True  True 00 ( 1349, 1119)   6  1360  2464
[158] [    15137746] 1 | True  True 00 ( 1327, 1118)   5  1334  2332
[159] [    15179515] 1 | True  True 00 ( 1302, 1117)   4  1277  2068
[160] [    15186944] 1 | True  True 00 ( 1278, 1115)   4  1314  1976
[161] [    15196832] 1 | True  True 00 ( 1238, 1103)   5  1302  2228
[162] [    15206702] 1 | True  True 00 ( 1200, 1087)   6  1347  1852
[163] [    15216600] 1 | True  True 00 ( 1166, 1070)   5  1309  1552
[164] [    15226477] 1 | True  True 00 ( 1138, 1054)   4  1292  1616
[165] [    15236353] 1 | True  True 00 ( 1116, 1040)   4  1321  1888
[166] [    15246241] 1 | True  True 00 ( 1096, 1026)   4  1201  2220
[167] [    15256121] 1 | True  True 00 ( 1078, 1011)   6  1278  2276
[168] [    15266015] 1 | True  True 00 ( 1059,  994)   5  1190  2112
[169] [    15275891] 1 | True  True 00 ( 1040,  975)   6  1248  1832
[170] [    15285768] 1 | True  True 00 ( 1021,  953)   6  1254  1500
[171] [    15321772] 1 | True  True 00 ( 1004,  932)   4  1189  1456
[172] [    15328152] 1 | True  True 00 (  989,  912)   4  1193  1520
[173] [    15334999] 1 | True  True 00 (  974,  878)   5  1189  1752
[174] [    15344871] 1 | True  True 00 (  961,  843)   4  1216  1576
[175] [    15354745] 1 | True  True 00 (  952,  811)   4  1174  1780
[176] [    15364617] 1 | True  True 00 (  944,  784)   5  1230  2116
[177] [    15374497] 1 | True  True 00 (  939,  757)   6  1228  2060
[178] [    15384370] 1 | True  True 00 (  936,  728)   5  1203  1836
[179] [    15394264] 1 | True  True 00 (  934,  701)   4  1172  1616
[180] [    15404141] 1 | True  True 00 (  933,  676)   4  1255  1904
[181] [    15414018] 1 | True  True 00 (  933,  654)   4  1186  2132
[182] [    15423889] 1 | True  True 00 (  935,  632)   6  1259  2076
[183] [    15462515] 1 | True  True 00 (  937,  606)   5  1220  1904
[184] [    15473118] 1 | True  True 00 (  940,  581)   5  1251  1568
[185] [    15482997] 1 | True  True 00 (  952,  542)   6  1265  1984
[186] [    15492888] 1 | True  True 00 (  967,  504)   6  1249  1928
[187] [    15502760] 1 | True  True 00 (  983,  469)   7  1285  1872
[188] [    15512637] 1 | True  True 00 ( 1001,  439)   6  1279  1856
[189] [    15522515] 1 | True  True 00 ( 1019,  415)   4  1219  2084
[190] [    15532370] 1 | True  True 00 ( 1035,  395)   4  1228  2084
[191] [    15542264] 1 | True  True 00 ( 1050,  377)   6  1304  1856
[192] [    15552141] 1 | True  True 00 ( 1066,  358)   6  1315  1784
[193] [    15562012] 1 | True  True 00 ( 1083,  340)   7  1384  1892
[194] [    15603618] 1 | True  True 00 ( 1103,  323)   7  1373  2000
[195] [    15611246] 1 | True  True 00 ( 1126,  306)   7  1434  1944
[196] [    15621116] 1 | True  True 00 ( 1165,  287)   6  1481  2188
[197] [    15631011] 1 | True  True 00 ( 1205,  271)   6  1509  2452
[198] [    15640906] 1 | True  True 00 ( 1242,  260)   7  1596  2520
[199] [    15650792] 1 | True  True 00 ( 1274,  251)   4  1538  2452
[200] [    15660683] 1 | True  True 00 ( 1302,  245)   5  1575  1988
[201] [    15670578] 1 | True  True 00 ( 1327,  241)   6  1593  2340
[202] [    15680448] 1 | True  True 00 ( 1351,  238)   7  1658  2632
[203] [    15690346] 1 | True  True 00 ( 1376,  236)   7  1670  2776
[204] [    15700222] 1 | True  True 00 ( 1403,  235)   5  1604  2704
[205] [    15710111] 1 | True  True 00 ( 1427,  236)   4  1550  2264
[206] [    15746136] 1 | True  True 00 ( 1450,  238)   4  1560  1764
[207] [    15752526] 1 | True  True 00 ( 1471,  241)   6  1611  2048
[208] [    15759336] 1 | True  True 00 ( 1507,  250)   6  1607  2556
[209] [    15769218] 1 | True  True 00 ( 1541,  261)   6  1649  2488
[210] [    15779097] 1 | True  True 00 ( 1571,  275)   6  1595  2212
[211] [    15788991] 1 | True  True 00 ( 1595,  289)   6  1576  2016
[212] [    15798871] 1 | True  True 00 ( 1617,  305)   6  1550  2312
[213] [    15808737] 1 | True  True 00 ( 1640,  323)   7  1560  2312
[214] [    15818615] 1 | True  True 00 ( 1662,  339)   6  1502  2136
[215] [    15828487] 1 | True  True 00 ( 1683,  355)   6  1480  2184
[216] [    15838366] 1 | True  True 00 ( 1702,  371)   5  1429  2376
[217] [    15848235] 1 | True  True 00 ( 1718,  389)   6  1477  2376
[218] [    15858114] 1 | True  True 00 ( 1732,  410)   6  1475  2248
[219] [    15898754] 1 | True  True 00 ( 1744,  432)   4  1378  1860
[220] [    15907317] 1 | True  True 00 ( 1755,  453)   4  1376  1536
[221] [    15917197] 1 | True  True 00 ( 1771,  496)   7  1491  2256
[222] [    15927076] 1 | True  True 00 ( 1786,  536)   6  1435  2132
[223] [    15936946] 1 | True  True 00 ( 1797,  571)   6  1432  1944
[224] [    15946823] 1 | True  True 00 ( 1806,  603)   6  1427  2196
[225] [    15956693] 1 | True  True 00 ( 1813,  632)   5  1361  2384
[226] [    15966571] 1 | True  True 00 ( 1817,  661)   6  1398  2384
[227] [    15976450] 1 | True  True 00 ( 1817,  687)   6  1416  2196
[228] [    15986320] 1 | True  True 00 ( 1815,  711)   6  1362  1756
[229] [    15996198] 1 | True  True 00 ( 1813,  734)   6  1369  1892
[230] [    16006068] 1 | True  True 00 ( 1809,  760)   5  1301  1952
[231] [    16042130] 1 | True  True 00 ( 1803,  787)   5  1339  1892
[232] [    16048502] 1 | True  True 00 ( 1796,  813)   4  1303  1656
[233] [    16055275] 1 | True  True 00 ( 1784,  846)   6  1348  2076
[234] [    16065156] 1 | True  True 00 ( 1769,  880)   8  1484  2364
[235] [    16075013] 1 | True  True 00 ( 1754,  912)   6  1339  2364
[236] [    16084885] 1 | True  True 00 ( 1737,  939)   6  1421  2248
[237] [    16094754] 1 | True  True 00 ( 1718,  962)   6  1407  1844
[238] [    16104629] 1 | True  True 00 ( 1699,  980)   6  1444  1604
[239] [    16114504] 1 | True  True 00 ( 1680,  997)   5  1409  1748
[240] [    16124380] 1 | True  True 00 ( 1662, 1013)   6  1449  2148
[241] [    16134256] 1 | True  True 00 ( 1644, 1027)   6  1452  2552
[242] [    16144135] 1 | True  True 00 ( 1626, 1042)   6  1412  2620
[243] [    16182610] 1 | True  True 00 ( 1605, 1055)   5  1352  2552
[244] [    16193338] 1 | True  True 00 ( 1582, 1069)   6  1443  2284
[245] [    16203213] 1 | True  True 00 ( 1545, 1083)   6  1408  2464
[246] [    16213086] 1 | True  True 00 ( 1506, 1096)   6  1412  2392
[247] [    16222962] 1 | True  True 00 ( 1469, 1105)   5  1347  2104
[248] [    16232846] 1 | True  True 00 ( 1439, 1110)   4  1325  1964
[249] [    16242713] 1 | True  True 00 ( 1418, 1114)   4  1307  1892
[250] [    16252592] 1 | True  True 00 ( 1405, 1117)   4  1321  1892
[251] [    16262461] 1 | True  True 00 ( 1397, 1118)   4  1307  1892
[252] [    16272338] 1 | True  True 00 ( 1391, 1119)   4  1305  1820
[253] [    16282214] 1 | True  True 00 ( 1386, 1119)   4  1331  1676
[254] [    16292091] 1 | True  True 00 ( 1377, 1120)   4  1339  2068
[255] [    16301986] 1 | True  True 00 ( 1364, 1120)   6  1377  2400
[  0] [    16338003] 1 | True  True 00 ( 1347, 1119)   6  1377  2464
[  1] [    16344393] 1 | True  True 00 ( 1325, 1118)   5  1384  2464
[  2] [    16351178] 1 | True  True 00 ( 1292, 1114)   6  1454  2416
[  3] [    16361052] 1 | True  True 00 ( 1259, 1108)   6  1470  2728
[  4] [    16370946] 1 | True  True 00 ( 1228, 1099)   5  1295  2416
[  5] [    16380824] 1 | True  True 00 ( 1200, 1089)   6  1359  2164
[  6] [    16390693] 1 | True  True 00 ( 1173, 1076)   6  1342  1788
[  7] [    16400564] 1 | True  True 00 ( 1149, 1062)   4  1272  1552
[  8] [    16410442] 1 | True  True 00 ( 1128, 1049)   4  1335  1616
[  9] [    16420320] 1 | True  True 00 ( 1109, 1036)   4  1292  1888
[ 10] [    16430190] 1 | True  True 00 ( 1091, 1024)   6  1338  2276
[ 11] [    16440067] 1 | True  True 00 ( 1073, 1009)   6  1275  2276
[ 12] [    16478378] 1 | True  True 00 ( 1055,  992)   5  1204  2112
[ 13] [    16489264] 1 | True  True 00 ( 1037,  973)   6  1248  1776
[ 14] [    16499128] 1 | True  True 00 ( 1012,  939)   6  1240  1812
[ 15] [    16509005] 1 | True  True 00 (  990,  901)   6  1243  1872
[ 16] [    16518882] 1 | True  True 00 (  973,  863)   5  1176  1752
[ 17] [    16528755] 1 | True  True 00 (  960,  831)   4  1189  1520
[ 18] [    16538624] 1 | True  True 00 (  951,  802)   4  1216  1948
[ 19] [    16548502] 1 | True  True 00 (  944,  778)   5  1203  2060
[ 20] [    16558360] 1 | True  True 00 (  939,  752)   6  1242  2060
[ 21] [    16568232] 1 | True  True 00 (  936,  725)   5  1216  1836
[ 22] [    16578102] 1 | True  True 00 (  934,  699)   4  1200  1560
[ 23] [    16619000] 1 | True  True 00 (  933,  675)   4  1241  1904
[ 24] [    16627299] 1 | True  True 00 (  934,  653)   4  1200  2132
[ 25] [    16637173] 1 | True  True 00 (  939,  612)   4  1251  1360
[ 26] [    16647048] 1 | True  True 00 (  946,  573)   4  1226  1756
[ 27] [    16656923] 1 | True  True 00 (  954,  538)   5  1214  1928
[ 28] [    16666797] 1 | True  True 00 (  964,  508)   7  1320  1984
[ 29] [    16676652] 1 | True  True 00 (  976,  480)   6  1262  1928
[ 30] [    16686521] 1 | True  True 00 (  990,  453)   7  1326  1872
[ 31] [    16696398] 1 | True  True 00 ( 1006,  429)   5  1250  1912
[ 32] [    16706276] 1 | True  True 00 ( 1022,  408)   4  1246  2140
[ 33] [    16716146] 1 | True  True 00 ( 1037,  391)   5  1284  2084
[ 34] [    16726003] 1 | True  True 00 ( 1052,  373)   6  1332  1856
[ 35] [    16761999] 1 | True  True 00 ( 1067,  355)   6  1302  1784
[ 36] [    16768446] 1 | True  True 00 ( 1084,  337)   7  1370  1892
[ 37] [    16775244] 1 | True  True 00 ( 1117,  315)   4  1311  1784
[ 38] [    16785107] 1 | True  True 00 ( 1151,  295)   4  1385  1420
[ 39] [    16794979] 1 | True  True 00 ( 1181,  280)   4  1388  1856
[ 40] [    16804852] 1 | True  True 00 ( 1207,  267)   6  1495  2188
[ 41] [    16814747] 1 | True  True 00 ( 1234,  258)   7  1595  2520
[ 42] [    16824622] 1 | True  True 00 ( 1261,  251)   6  1576  2584
[ 43] [    16834498] 1 | True  True 00 ( 1286,  245)   5  1555  2388
[ 44] [    16844375] 1 | True  True 00 ( 1309,  241)   5  1593  1988
[ 45] [    16854231] 1 | True  True 00 ( 1331,  238)   6  1594  2340
[ 46] [    16864104] 1 | True  True 00 ( 1354,  236)   7  1675  2632
[ 47] [    16873976] 1 | True  True 00 ( 1379,  235)   7  1671  2776
[ 48] [    16913494] 1 | True  True 00 ( 1405,  236)   5  1586  2632
[ 49] [    16923170] 1 | True  True 00 ( 1429,  237)   4  1601  2264
[ 50] [    16933044] 1 | True  True 00 ( 1471,  244)   7  1642  2348
[ 51] [    16942899] 1 | True  True 00 ( 1513,  253)   6  1639  2556
[ 52] [    16952778] 1 | True  True 00 ( 1547,  264)   6  1648  2488
[ 53] [    16962649] 1 | True  True 00 ( 1575,  276)   6  1627  2280
[ 54] [    16972519] 1 | True  True 00 ( 1599,  291)   6  1572  2076
[ 55] [    16982399] 1 | True  True 00 ( 1621,  307)   6  1582  2312
[ 56] [    16992268] 1 | True  True 00 ( 1642,  324)   7  1545  2312
[ 57] [    17002145] 1 | True  True 00 ( 1664,  340)   6  1536  2136
[ 58] [    17012003] 1 | True  True 00 ( 1684,  355)   6  1526  2248
[ 59] [    17021872] 1 | True  True 00 ( 1703,  371)   7  1542  2376
[ 60] [    17063746] 1 | True  True 00 ( 1719,  390)   6  1508  2440
[ 61] [    17071033] 1 | True  True 00 ( 1733,  411)   6  1475  2248
[ 62] [    17080916] 1 | True  True 00 ( 1751,  448)   6  1439  2008
[ 63] [    17090772] 1 | True  True 00 ( 1769,  487)   7  1503  2256
[ 64] [    17100642] 1 | True  True 00 ( 1783,  524)   7  1475  2256
[ 65] [    17110519] 1 | True  True 00 ( 1794,  557)   6  1466  2132
[ 66] [    17120397] 1 | True  True 00 ( 1802,  584)   7  1493  1944
[ 67] [    17130266] 1 | True  True 00 ( 1809,  611)   6  1427  2196
[ 68] [    17140143] 1 | True  True 00 ( 1814,  638)   6  1404  2320
[ 69] [    17150020] 1 | True  True 00 ( 1817,  665)   6  1382  2384
[ 70] [    17159897] 1 | True  True 00 ( 1817,  690)   5  1328  2132
[ 71] [    17169753] 1 | True  True 00 ( 1815,  712)   6  1408  1820
[ 72] [    17211494] 1 | True  True 00 ( 1812,  735)   6  1353  1892
[ 73] [    17218943] 1 | True  True 00 ( 1808,  760)   6  1392  2012
[ 74] [    17228813] 1 | True  True 00 ( 1796,  800)   5  1311  1788
[ 75] [    17238682] 1 | True  True 00 ( 1782,  842)   6  1363  2132
[ 76] [    17248559] 1 | True  True 00 ( 1768,  880)   7  1419  2364
[ 77] [    17258437] 1 | True  True 00 ( 1753,  912)   6  1370  2364
[ 78] [    17268307] 1 | True  True 00 ( 1737,  940)   6  1391  2192
[ 79] [    17278186] 1 | True  True 00 ( 1717,  962)   5  1346  1844
[ 80] [    17288057] 1 | True  True 00 ( 1697,  982)   6  1446  1604
[ 81] [    17297914] 1 | True  True 00 ( 1679,  998)   5  1409  1748
[ 82] [    17307790] 1 | True  True 00 ( 1661, 1013)   6  1463  2148
[ 83] [    17317662] 1 | True  True 00 ( 1644, 1028)   6  1437  2552
[ 84] [    17353741] 1 | True  True 00 ( 1626, 1043)   6  1426  2620
[ 85] [    17357005] 1 | True  True 00 ( 1605, 1056)   6  1469  2688
[ 86] [    17366863] 1 | True  True 00 ( 1571, 1073)   5  1447  2320
[ 87] [    17376725] 1 | True  True 00 ( 1539, 1087)   5  1449  2604
[ 88] [    17386599] 1 | True  True 00 ( 1510, 1098)   6  1423  2604
[ 89] [    17396474] 1 | True  True 00 ( 1481, 1105)   6  1412  2392
[ 90] [    17406369] 1 | True  True 00 ( 1453, 1111)   5  1315  2104
[ 91] [    17416246] 1 | True  True 00 ( 1430, 1115)   4  1290  1892
[ 92] [    17426117] 1 | True  True 00 ( 1413, 1117)   4  1292  1892
[ 93] [    17435995] 1 | True  True 00 ( 1402, 1118)   4  1307  1892
[ 94] [    17445872] 1 | True  True 00 ( 1395, 1119)   4  1307  1892
[ 95] [    17455763] 1 | True  True 00 ( 1390, 1119)   4  1321  1820
[ 96] [    17465640] 1 | True  True 00 ( 1383, 1120)   4  1327  1800
[ 97] [    17507595] 1 | True  True 00 ( 1373, 1120)   4  1337  2264
[ 98] [    17514823] 1 | True  True 00 ( 1357, 1120)   6  1373  2464
[ 99] [    17524700] 1 | True  True 00 ( 1320, 1116)   5  1395  2228
[100] [    17534577] 1 | True  True 00 ( 1282, 1111)   5  1340  2476
[101] [    17544452] 1 | True  True 00 ( 1248, 1104)   6  1369  2540
[102] [    17554327] 1 | True  True 00 ( 1218, 1094)   5  1291  2288
[103] [    17564196] 1 | True  True 00 ( 1189, 1083)   6  1336  1976
[104] [    17574073] 1 | True  True 00 ( 1163, 1070)   5  1330  1724
[105] [    17583950] 1 | True  True 00 ( 1139, 1057)   4  1299  1616
[106] [    17593808] 1 | True  True 00 ( 1119, 1043)   4  1313  1668
[107] [    17603677] 1 | True  True 00 ( 1101, 1030)   4  1252  2112
[108] [    17613555] 1 | True  True 00 ( 1085, 1018)   6  1277  2276
[109] [    17649615] 1 | True  True 00 ( 1067, 1002)   6  1267  2220
[110] [    17652896] 1 | True  True 00 ( 1049,  985)   7  1367  1944
[111] [    17662771] 1 | True  True 00 ( 1024,  955)   4  1205  1508
[112] [    17672637] 1 | True  True 00 ( 1001,  925)   5  1240  1696
[113] [    17682513] 1 | True  True 00 (  983,  895)   6  1257  1928
[114] [    17692392] 1 | True  True 00 (  969,  866)   6  1273  1872
[115] [    17702280] 1 | True  True 00 (  958,  837)   4  1161  1696
[116] [    17712155] 1 | True  True 00 (  951,  811)   4  1203  1616
[117] [    17722030] 1 | True  True 00 (  945,  788)   4  1188  1948
[118] [    17731905] 1 | True  True 00 (  940,  765)   6  1271  2116
[119] [    17741767] 1 | True  True 00 (  937,  739)   6  1256  1948
[120] [    17751657] 1 | True  True 00 (  935,  712)   4  1200  1780
[121] [    17793739] 1 | True  True 00 (  934,  687)   4  1200  1680
[122] [    17800864] 1 | True  True 00 (  934,  664)   4  1227  2020
[123] [    17810720] 1 | True  True 00 (  938,  622)   4  1235  1400
[124] [    17820593] 1 | True  True 00 (  944,  582)   4  1238  1528
[125] [    17830466] 1 | True  True 00 (  951,  549)   5  1254  1812
[126] [    17840339] 1 | True  True 00 (  959,  519)   6  1294  1984
[127] [    17850218] 1 | True  True 00 (  970,  491)   7  1319  1984
[128] [    17860091] 1 | True  True 00 (  982,  464)   7  1314  1928
[129] [    17869970] 1 | True  True 00 (  997,  439)   6  1282  1812
[130] [    17879842] 1 | True  True 00 ( 1014,  418)   4  1192  1972
[131] [    17889715] 1 | True  True 00 ( 1029,  399)   4  1244  2140
[132] [    17899594] 1 | True  True 00 ( 1043,  383)   6  1335  2028
[133] [    17909468] 1 | True  True 00 ( 1058,  366)   6  1331  1744
[134] [    17946590] 1 | True  True 00 ( 1074,  347)   7  1352  1836
[135] [    17958650] 1 | True  True 00 ( 1092,  330)   6  1329  1944
[136] [    17968512] 1 | True  True 00 ( 1130,  307)   4  1384  1524
[137] [    17978388] 1 | True  True 00 ( 1168,  287)   5  1438  1988
[138] [    17988279] 1 | True  True 00 ( 1203,  271)   6  1500  2388
[139] [    17998153] 1 | True  True 00 ( 1236,  259)   7  1595  2520
[140] [    18008007] 1 | True  True 00 ( 1266,  251)   6  1585  2520
[141] [    18017888] 1 | True  True 00 ( 1293,  246)   5  1579  2188
[142] [    18027760] 1 | True  True 00 ( 1317,  241)   5  1548  2048
[143] [    18037617] 1 | True  True 00 ( 1340,  239)   7  1651  2484
[144] [    18047486] 1 | True  True 00 ( 1364,  237)   7  1681  2704
[145] [    18086359] 1 | True  True 00 ( 1391,  236)   5  1569  2776
[146] [    18096699] 1 | True  True 00 ( 1416,  236)   4  1570  2484
[147] [    18106566] 1 | True  True 00 ( 1458,  242)   7  1655  2280
[148] [    18116443] 1 | True  True 00 ( 1500,  250)   6  1616  2488
[149] [    18126302] 1 | True  True 00 ( 1536,  259)   6  1641  2556
[150] [    18136192] 1 | True  True 00 ( 1566,  271)   6  1637  2348
[151] [    18146049] 1 | True  True 00 ( 1590,  283)   6  1633  2144
[152] [    18155926] 1 | True  True 00 ( 1611,  298)   6  1560  2196
[153] [    18165803] 1 | True  True 00 ( 1632,  315)   7  1586  2312
[154] [    18175672] 1 | True  True 00 ( 1653,  331)   7  1604  2312
[155] [    18185549] 1 | True  True 00 ( 1674,  346)   6  1531  2056
[156] [    18227232] 1 | True  True 00 ( 1693,  362)   6  1510  2312
[157] [    18234763] 1 | True  True 00 ( 1710,  379)   6  1475  2440
[158] [    18244632] 1 | True  True 00 ( 1732,  413)   4  1391  1632
[159] [    18254490] 1 | True  True 00 ( 1752,  450)   6  1470  1944
[160] [    18264361] 1 | True  True 00 ( 1768,  485)   7  1487  2132
[161] [    18274254] 1 | True  True 00 ( 1781,  518)   6  1458  2384
[162] [    18284111] 1 | True  True 00 ( 1792,  548)   6  1448  2256
[163] [    18294001] 1 | True  True 00 ( 1800,  575)   6  1466  2008
[164] [    18303882] 1 | True  True 00 ( 1807,  599)   6  1445  2068
[165] [    18313740] 1 | True  True 00 ( 1812,  624)   6  1411  2320
[166] [    18323631] 1 | True  True 00 ( 1816,  650)   6  1434  2384
[167] [    18333488] 1 | True  True 00 ( 1817,  676)   5  1345  2256
[168] [    18369481] 1 | True  True 00 ( 1816,  700)   6  1412  2008
[169] [    18375869] 1 | True  True 00 ( 1814,  723)   6  1371  1832
[170] [    18382661] 1 | True  True 00 ( 1806,  762)   4  1303  1832
[171] [    18392548] 1 | True  True 00 ( 1797,  799)   4  1318  1480
[172] [    18402417] 1 | True  True 00 ( 1787,  830)   4  1302  1616
[173] [    18412295] 1 | True  True 00 ( 1778,  857)   6  1389  1960
[174] [    18422174] 1 | True  True 00 ( 1768,  883)   6  1380  2248
[175] [    18432043] 1 | True  True 00 ( 1757,  909)   6  1365  2420
[176] [    18441921] 1 | True  True 00 ( 1744,  934)   7  1442  2364
[177] [    18451779] 1 | True  True 00 ( 1728,  955)   6  1397  2076
[178] [    18461653] 1 | True  True 00 ( 1708,  973)   5  1352  1672
[179] [    18471528] 1 | True  True 00 ( 1689,  990)   5  1418  1604
[180] [    18510225] 1 | True  True 00 ( 1671, 1005)   6  1457  1948
[181] [    18520691] 1 | True  True 00 ( 1654, 1020)   6  1500  2420
[182] [    18530567] 1 | True  True 00 ( 1616, 1043)   5  1395  2084
[183] [    18540442] 1 | True  True 00 ( 1579, 1065)   4  1399  2176
[184] [    18550311] 1 | True  True 00 ( 1546, 1082)   4  1384  2464
[185] [    18560188] 1 | True  True 00 ( 1519, 1094)   5  1390  2676
[186] [    18570064] 1 | True  True 00 ( 1493, 1102)   6  1421  2532
[187] [    18579942] 1 | True  True 00 ( 1465, 1108)   6  1396  2248
[188] [    18589818] 1 | True  True 00 ( 1440, 1113)   5  1344  1964
[189] [    18599685] 1 | True  True 00 ( 1420, 1116)   4  1321  1892
[190] [    18609563] 1 | True  True 00 ( 1406, 1118)   4  1321  1892
[191] [    18619440] 1 | True  True 00 ( 1398, 1119)   4  1307  1892
[192] [    18629316] 1 | True  True 00 ( 1392, 1120)   4  1305  1820
[193] [    18665352] 1 | True  True 00 ( 1386, 1120)   4  1349  1748
[194] [    18671744] 1 | True  True 00 ( 1378, 1120)   4  1406  2132
[195] [    18678496] 1 | True  True 00 ( 1351, 1119)   5  1365  2332
[196] [    18688377] 1 | True  True 00 ( 1320, 1117)   4  1309  2200
[197] [    18698256] 1 | True  True 00 ( 1289, 1116)   4  1328  1976
[198] [    18708127] 1 | True  True 00 ( 1263, 1114)   5  1375  2352
[199] [    18718003] 1 | True  True 00 ( 1240, 1108)   6  1390  2604
[200] [    18727881] 1 | True  True 00 ( 1217, 1100)   5  1327  2476
[201] [    18737751] 1 | True  True 00 ( 1194, 1090)   5  1287  2164
[202] [    18747624] 1 | True  True 00 ( 1170, 1078)   6  1332  1852
[203] [    18757501] 1 | True  True 00 ( 1148, 1065)   5  1325  1552
[204] [    18767379] 1 | True  True 00 ( 1127, 1052)   4  1292  1616
[205] [    18777249] 1 | True  True 00 ( 1109, 1039)   4  1321  1888
[206] [    18787126] 1 | True  True 00 ( 1093, 1026)   5  1290  2220
[207] [    18823224] 1 | True  True 00 ( 1075, 1011)   6  1278  2276
[208] [    18826466] 1 | True  True 00 ( 1057,  995)   7  1312  2112
[209] [    18836319] 1 | True  True 00 ( 1032,  964)   4  1175  1456
[210] [    18846206] 1 | True  True 00 ( 1008,  934)   5  1266  1520
[211] [    18856078] 1 | True  True 00 (  989,  906)   6  1268  1812
[212] [    18865957] 1 | True  True 00 (  974,  878)   6  1257  1928
[213] [    18875831] 1 | True  True 00 (  962,  849)   5  1204  1812
[214] [    18885702] 1 | True  True 00 (  954,  823)   4  1189  1576
[215] [    18895582] 1 | True  True 00 (  947,  799)   4  1230  1836
[216] [    18905476] 1 | True  True 00 (  942,  777)   5  1230  2116
[217] [    18915352] 1 | True  True 00 (  937,  752)   6  1242  2060
[218] [    18925228] 1 | True  True 00 (  935,  726)   5  1202  1836
[219] [    18966834] 1 | True  True 00 (  934,  700)   4  1214  1616
[220] [    18974463] 1 | True  True 00 (  933,  676)   4  1241  1904
[221] [    18984348] 1 | True  True 00 (  937,  633)   4  1207  1568
[222] [    18994223] 1 | True  True 00 (  942,  592)   4  1237  1360
[223] [    19004100] 1 | True  True 00 (  948,  558)   4  1254  1756
[224] [    19013976] 1 | True  True 00 (  955,  529)   5  1241  1928
[225] [    19023854] 1 | True  True 00 (  964,  502)   6  1252  1984
[226] [    19033725] 1 | True  True 00 (  975,  477)   6  1276  1928
[227] [    19043602] 1 | True  True 00 (  988,  452)   7  1299  1872
[228] [    19053479] 1 | True  True 00 ( 1005,  428)   5  1235  1856
[229] [    19063352] 1 | True  True 00 ( 1021,  408)   4  1245  2084
[230] [    19073244] 1 | True  True 00 ( 1036,  391)   5  1270  2084
[231] [    19083122] 1 | True  True 00 ( 1051,  375)   6  1305  1856
[232] [    19120473] 1 | True  True 00 ( 1066,  357)   6  1274  1728
[233] [    19132329] 1 | True  True 00 ( 1083,  339)   7  1384  1892
[234] [    19142201] 1 | True  True 00 ( 1120,  315)   4  1366  1460
[235] [    19152074] 1 | True  True 00 ( 1158,  293)   4  1396  1724
[236] [    19161955] 1 | True  True 00 ( 1191,  276)   6  1479  2188
[237] [    19171808] 1 | True  True 00 ( 1224,  263)   6  1509  2452
[238] [    19181685] 1 | True  True 00 ( 1254,  254)   7  1594  2584
[239] [    19191554] 1 | True  True 00 ( 1281,  248)   4  1520  2452
[240] [    19201431] 1 | True  True 00 ( 1306,  243)   5  1610  2056
[241] [    19211308] 1 | True  True 00 ( 1329,  239)   6  1626  2340
[242] [    19221165] 1 | True  True 00 ( 1351,  237)   7  1622  2560
[243] [    19260598] 1 | True  True 00 ( 1376,  235)   7  1652  2776
[244] [    19270372] 1 | True  True 00 ( 1403,  235)   5  1622  2704
[245] [    19280229] 1 | True  True 00 ( 1444,  240)   6  1628  2144
[246] [    19290120] 1 | True  True 00 ( 1487,  246)   7  1663  2420
[247] [    19299996] 1 | True  True 00 ( 1524,  254)   6  1624  2556
[248] [    19309874] 1 | True  True 00 ( 1555,  264)   6  1617  2488
[249] [    19319746] 1 | True  True 00 ( 1579,  275)   6  1613  2280
[250] [    19329623] 1 | True  True 00 ( 1600,  289)   6  1593  2016
[251] [    19339492] 1 | True  True 00 ( 1620,  305)   6  1550  2312
[252] [    19349369] 1 | True  True 00 ( 1641,  322)   7  1545  2312
[253] [    19359248] 1 | True  True 00 ( 1662,  338)   6  1551  2196
[254] [    19369137] 1 | True  True 00 ( 1683,  354)   6  1477  2184
[255] [    19379012] 1 | True  True 00 ( 1702,  370)   6  1494  2376
[  0] [    19415095] 1 | True  True 00 ( 1718,  388)   6  1493  2440
[  1] [    19421485] 1 | True  True 00 ( 1732,  409)   6  1475  2248
[  2] [    19428256] 1 | True  True 00 ( 1749,  442)   5  1438  1756
[  3] [    19438137] 1 | True  True 00 ( 1764,  474)   7  1516  2008
[  4] [    19448018] 1 | True  True 00 ( 1777,  505)   7  1533  2256
[  5] [    19457891] 1 | True  True 00 ( 1788,  535)   6  1445  2320
[  6] [    19467766] 1 | True  True 00 ( 1797,  563)   6  1450  2132
[  7] [    19477639] 1 | True  True 00 ( 1805,  587)   7  1524  2008
[  8] [    19487513] 1 | True  True 00 ( 1811,  612)   6  1459  2196
[  9] [    19497387] 1 | True  True 00 ( 1816,  637)   5  1361  2384
[ 10] [    19507261] 1 | True  True 00 ( 1819,  664)   6  1398  2384
[ 11] [    19517116] 1 | True  True 00 ( 1819,  688)   5  1359  2196
[ 12] [    19555591] 1 | True  True 00 ( 1817,  711)   5  1315  1776
[ 13] [    19566318] 1 | True  True 00 ( 1813,  735)   6  1384  1952
[ 14] [    19576177] 1 | True  True 00 ( 1802,  777)   5  1396  1384
[ 15] [    19586053] 1 | True  True 00 ( 1790,  817)   5  1305  1728
[ 16] [    19595931] 1 | True  True 00 ( 1778,  853)   6  1362  2132
[ 17] [    19605787] 1 | True  True 00 ( 1766,  886)   7  1404  2308
[ 18] [    19615656] 1 | True  True 00 ( 1752,  916)   6  1339  2364
[ 19] [    19625534] 1 | True  True 00 ( 1737,  942)   6  1375  2192
[ 20] [    19635404] 1 | True  True 00 ( 1719,  963)   6  1406  1904
[ 21] [    19645282] 1 | True  True 00 ( 1700,  981)   6  1427  1604
[ 22] [    19655139] 1 | True  True 00 ( 1681,  997)   5  1425  1748
[ 23] [    19696213] 1 | True  True 00 ( 1663, 1013)   6  1478  2148
[ 24] [    19704334] 1 | True  True 00 ( 1646, 1027)   6  1468  2484
[ 25] [    19714217] 1 | True  True 00 ( 1609, 1050)   5  1464  2016
[ 26] [    19724094] 1 | True  True 00 ( 1571, 1070)   4  1399  2320
[ 27] [    19733950] 1 | True  True 00 ( 1539, 1086)   4  1397  2604
[ 28] [    19743844] 1 | True  True 00 ( 1510, 1097)   6  1409  2604
[ 29] [    19753721] 1 | True  True 00 ( 1482, 1105)   6  1385  2392
[ 30] [    19763590] 1 | True  True 00 ( 1454, 1110)   5  1347  2104
[ 31] [    19773465] 1 | True  True 00 ( 1430, 1114)   4  1304  1892
[ 32] [    19783344] 1 | True  True 00 ( 1413, 1117)   4  1307  1892
[ 33] [    19793234] 1 | True  True 00 ( 1402, 1118)   4  1338  1892
[ 34] [    19803107] 1 | True  True 00 ( 1395, 1119)   4  1307  1892
[ 35] [    19838684] 1 | True  True 00 ( 1390, 1120)   4  1305  1820
[ 36] [    19845103] 1 | True  True 00 ( 1385, 1120)   5  1431  1748
[ 37] [    19852300] 1 | True  True 00 ( 1363, 1120)   6  1292  2400
[ 38] [    19862175] 1 | True  True 00 ( 1335, 1119)   5  1319  2400
[ 39] [    19872052] 1 | True  True 00 ( 1307, 1117)   5  1389  2068
[ 40] [    19881928] 1 | True  True 00 ( 1280, 1115)   4  1345  2100
[ 41] [    19891784] 1 | True  True 00 ( 1256, 1112)   6  1406  2416
[ 42] [    19901674] 1 | True  True 00 ( 1235, 1106)   6  1388  2604
[ 43] [    19911552] 1 | True  True 00 ( 1213, 1098)   5  1295  2416
[ 44] [    19921421] 1 | True  True 00 ( 1190, 1088)   6  1391  2164
[ 45] [    19931298] 1 | True  True 00 ( 1166, 1076)   5  1305  1788
[ 46] [    19941174] 1 | True  True 00 ( 1144, 1062)   5  1353  1616
[ 47] [    19979689] 1 | True  True 00 ( 1124, 1049)   4  1318  1616
[ 48] [    19990360] 1 | True  True 00 ( 1106, 1036)   4  1303  1944
[ 49] [    20000217] 1 | True  True 00 ( 1074, 1009)   7  1365  1776
[ 50] [    20010087] 1 | True  True 00 ( 1042,  977)   4  1147  1500
[ 51] [    20019962] 1 | True  True 00 ( 1016,  946)   4  1191  1456
[ 52] [    20029823] 1 | True  True 00 (  995,  919)   4  1207  1636
[ 53] [    20039694] 1 | True  True 00 (  980,  896)   5  1187  1872
[ 54] [    20049547] 1 | True  True 00 (  968,  871)   6  1243  1928
[ 55] [    20059423] 1 | True  True 00 (  958,  844)   5  1245  1812
[ 56] [    20069281] 1 | True  True 00 (  950,  818)   4  1217  1520
[ 57] [    20079151] 1 | True  True 00 (  944,  795)   4  1202  1892
[ 58] [    20089028] 1 | True  True 00 (  940,  772)   5  1230  2116
[ 59] [    20098885] 1 | True  True 00 (  936,  748)   6  1242  2060
[ 60] [    20134960] 1 | True  True 00 (  934,  722)   5  1217  1836
[ 61] [    20138225] 1 | True  True 00 (  933,  696)   4  1200  1560
[ 62] [    20148085] 1 | True  True 00 (  934,  662)   6  1301  2132
[ 63] [    20157963] 1 | True  True 00 (  937,  625)   6  1275  1848
[ 64] [    20167840] 1 | True  True 00 (  940,  592)   5  1279  1568
[ 65] [    20177712] 1 | True  True 00 (  945,  563)   4  1265  1416
[ 66] [    20187590] 1 | True  True 00 (  951,  539)   4  1212  1756
[ 67] [    20197468] 1 | True  True 00 (  957,  516)   6  1294  1928
[ 68] [    20207336] 1 | True  True 00 (  966,  493)   7  1306  1984
[ 69] [    20217213] 1 | True  True 00 (  977,  470)   6  1290  1984
[ 70] [    20227090] 1 | True  True 00 (  991,  447)   7  1325  1872
[ 71] [    20236959] 1 | True  True 00 ( 1007,  425)   4  1193  1912
[ 72] [    20246820] 1 | True  True 00 ( 1023,  406)   4  1246  2140
[ 73] [    20288836] 1 | True  True 00 ( 1038,  388)   5  1268  2084
[ 74] [    20296002] 1 | True  True 00 ( 1053,  371)   6  1332  1856
[ 75] [    20305857] 1 | True  True 00 ( 1088,  343)   6  1395  2000
[ 76] [    20315734] 1 | True  True 00 ( 1126,  316)   4  1328  1728
[ 77] [    20325593] 1 | True  True 00 ( 1158,  295)   4  1341  1364
[ 78] [    20335462] 1 | True  True 00 ( 1186,  279)   4  1388  1856
[ 79] [    20345339] 1 | True  True 00 ( 1211,  266)   6  1486  2188
[ 80] [    20355211] 1 | True  True 00 ( 1237,  257)   7  1595  2520
[ 81] [    20365067] 1 | True  True 00 ( 1263,  250)   6  1576  2584
[ 82] [    20374940] 1 | True  True 00 ( 1287,  245)   5  1572  2452
[ 83] [    20384800] 1 | True  True 00 ( 1310,  241)   5  1576  1988
[ 84] [    20394667] 1 | True  True 00 ( 1332,  238)   6  1594  2340
[ 85] [    20404544] 1 | True  True 00 ( 1355,  236)   7  1642  2632
[ 86] [    20440591] 1 | True  True 00 ( 1381,  235)   7  1636  2776
[ 87] [    20446955] 1 | True  True 00 ( 1407,  235)   4  1537  2632
[ 88] [    20453746] 1 | True  True 00 ( 1441,  239)   6  1643  2048
[ 89] [    20463609] 1 | True  True 00 ( 1477,  244)   7  1696  2212
[ 90] [    20473466] 1 | True  True 00 ( 1510,  250)   7  1643  2420
[ 91] [    20483334] 1 | True  True 00 ( 1540,  258)   6  1656  2556
[ 92] [    20493212] 1 | True  True 00 ( 1564,  267)   6  1632  2488
[ 93] [    20503081] 1 | True  True 00 ( 1586,  279)   6  1627  2280
[ 94] [    20512959] 1 | True  True 00 ( 1606,  292)   7  1602  2076
[ 95] [    20522836] 1 | True  True 00 ( 1625,  308)   6  1566  2312
[ 96] [    20532707] 1 | True  True 00 ( 1645,  324)   7  1545  2312
[ 97] [    20542585] 1 | True  True 00 ( 1666,  340)   6  1551  2136
[ 98] [    20552462] 1 | True  True 00 ( 1686,  355)   6  1493  2248
[ 99] [    20589707] 1 | True  True 00 ( 1704,  371)   6  1496  2440
[100] [    20601684] 1 | True  True 00 ( 1720,  390)   6  1538  2440
[101] [    20611565] 1 | True  True 00 ( 1740,  427)   5  1438  1820
[102] [    20621437] 1 | True  True 00 ( 1759,  465)   6  1454  2068
[103] [    20631311] 1 | True  True 00 ( 1775,  502)   7  1489  2256
[104] [    20641206] 1 | True  True 00 ( 1787,  535)   7  1506  2256
[105] [    20651082] 1 | True  True 00 ( 1797,  564)   6  1465  2068
[106] [    20660960] 1 | True  True 00 ( 1803,  589)   6  1432  2008
[107] [    20670837] 1 | True  True 00 ( 1810,  615)   6  1412  2196
[108] [    20680727] 1 | True  True 00 ( 1814,  641)   6  1435  2384
[109] [    20690605] 1 | True  True 00 ( 1817,  668)   6  1412  2384
[110] [    20700483] 1 | True  True 00 ( 1818,  692)   6  1414  2132
[111] [    20741831] 1 | True  True 00 ( 1815,  714)   5  1314  1776
[112] [    20749705] 1 | True  True 00 ( 1812,  737)   6  1368  1892
[113] [    20759601] 1 | True  True 00 ( 1801,  779)   5  1372  1440
[114] [    20769479] 1 | True  True 00 ( 1789,  819)   6  1375  1788
[115] [    20779355] 1 | True  True 00 ( 1777,  856)   6  1348  2132
[116] [    20789233] 1 | True  True 00 ( 1764,  890)   6  1392  2364
[117] [    20799122] 1 | True  True 00 ( 1750,  919)   7  1437  2420
[118] [    20808997] 1 | True  True 00 ( 1734,  944)   6  1407  2192
[119] [    20818871] 1 | True  True 00 ( 1715,  965)   5  1346  1844
[120] [    20828754] 1 | True  True 00 ( 1695,  983)   5  1411  1604
[121] [    20838628] 1 | True  True 00 ( 1677,  999)   5  1412  1816
[122] [    20848502] 1 | True  True 00 ( 1659, 1014)   6  1463  2216
[123] [    20858397] 1 | True  True 00 ( 1642, 1029)   6  1435  2552
[124] [    20894429] 1 | True  True 00 ( 1624, 1044)   6  1430  2620
[125] [    20900840] 1 | True  True 00 ( 1604, 1057)   7  1508  2484
[126] [    20907632] 1 | True  True 00 ( 1571, 1073)   5  1465  2392
[127] [    20917516] 1 | True  True 00 ( 1540, 1086)   4  1416  2604
[128] [    20927396] 1 | True  True 00 ( 1511, 1097)   6  1440  2604
[129] [    20937267] 1 | True  True 00 ( 1481, 1105)   6  1411  2320
[130] [    20947145] 1 | True  True 00 ( 1452, 1111)   5  1362  2104
[131] [    20957016] 1 | True  True 00 ( 1428, 1114)   4  1307  1892
[132] [    20966892] 1 | True  True 00 ( 1412, 1116)   4  1324  1892
[133] [    20976769] 1 | True  True 00 ( 1400, 1118)   4  1338  1892
[134] [    20986639] 1 | True  True 00 ( 1394, 1119)   4  1324  1892
[135] [    20996537] 1 | True  True 00 ( 1389, 1119)   4  1321  1820
[136] [    21006394] 1 | True  True 00 ( 1383, 1119)   4  1331  1800
[137] [    21044827] 1 | True  True 00 ( 1373, 1120)   4  1352  2264
[138] [        1834] 1 | True  True 00 ( 1359, 1119)   6  1358  2464
[139] [       11715] 1 | True  True 00 ( 1322, 1116)   6  1490  2228
[140] [       21594] 1 | True  True 00 ( 1284, 1112)   6  1438  2540
[141] [       31462] 1 | True  True 00 ( 1250, 1105)   6  1388  2604
[142] [       41360] 1 | True  True 00 ( 1219, 1096)   5  1324  2352
[143] [       51235] 1 | True  True 00 ( 1190, 1085)   6  1338  2040
[144] [       61110] 1 | True  True 00 ( 1164, 1072)   5  1318  1788
[145] [       70992] 1 | True  True 00 ( 1141, 1059)   4  1300  1616
[146] [       80879] 1 | True  True 00 ( 1120, 1045)   4  1330  1616
[147] [       90756] 1 | True  True 00 ( 1102, 1033)   4  1285  2056
[148] [      100646] 1 | True  True 00 ( 1086, 1020)   6  1323  2276
[149] [      110522] 1 | True  True 00 ( 1068, 1004)   6  1240  2220
[150] [      146564] 1 | True  True 00 ( 1050,  986)   5  1184  1944
[151] [      152974] 1 | True  True 00 ( 1032,  967)   6  1320  1776
[152] [      159748] 1 | True  True 00 ( 1009,  937)   4  1181  1696
[153] [      169613] 1 | True  True 00 (  990,  906)   6  1270  1928
[154] [      179487] 1 | True  True 00 (  974,  874)   6  1286  1872
[155] [      189361] 1 | True  True 00 (  961,  844)   5  1190  1696
[156] [      199216] 1 | True  True 00 (  952,  816)   4  1245  1616
[157] [      209086] 1 | True  True 00 (  946,  792)   4  1215  1948
[158] [      218963] 1 | True  True 00 (  940,  769)   5  1203  2116
[159] [      228840] 1 | True  True 00 (  936,  743)   6  1271  2060
[160] [      238709] 1 | True  True 00 (  935,  716)   5  1216  1724
[161] [      248587] 1 | True  True 00 (  934,  690)   4  1228  1624
[162] [      287045] 1 | True  True 00 (  934,  667)   4  1241  2020
[163] [      297788] 1 | True  True 00 (  934,  646)   6  1272  2132
[164] [      307647] 1 | True  True 00 (  940,  605)   4  1237  1472
[165] [      317525] 1 | True  True 00 (  948,  566)   5  1268  1812
[166] [      327394] 1 | True  True 00 (  956,  532)   6  1294  1984
[167] [      337271] 1 | True  True 00 (  968,  500)   7  1333  2040
[168] [      347148] 1 | True  True 00 (  981,  471)   7  1314  1928
[169] [      357025] 1 | True  True 00 (  995,  444)   6  1282  1812
[170] [      366893] 1 | True  True 00 ( 1012,  421)   4  1207  1972
[171] [      376771] 1 | True  True 00 ( 1027,  402)   4  1245  2140
[172] [      386627] 1 | True  True 00 ( 1041,  385)   6  1349  2028
[173] [      427437] 1 | True  True 00 ( 1056,  368)   6  1317  1800
[174] [      435837] 1 | True  True 00 ( 1072,  350)   7  1352  1836
[175] [      445714] 1 | True  True 00 ( 1110,  324)   4  1364  1676
[176] [      455583] 1 | True  True 00 ( 1148,  300)   4  1411  1524
[177] [      465460] 1 | True  True 00 ( 1180,  282)   4  1394  1924
[178] [      475338] 1 | True  True 00 ( 1210,  268)   6  1514  2320
[179] [      485207] 1 | True  True 00 ( 1240,  257)   7  1578  2520
[180] [      495081] 1 | True  True 00 ( 1268,  250)   6  1583  2584
[181] [      504967] 1 | True  True 00 ( 1293,  245)   4  1526  2256
[182] [      514837] 1 | True  True 00 ( 1316,  241)   4  1508  2048
[183] [      524707] 1 | True  True 00 ( 1338,  238)   7  1649  2412
[184] [      534583] 1 | True  True 00 ( 1362,  237)   7  1663  2704
[185] [      570684] 1 | True  True 00 ( 1387,  235)   7  1655  2776
[186] [      573927] 1 | True  True 00 ( 1413,  235)   4  1589  2560
[187] [      583