[ 94] [    20028563]   0-None                     (    0)
[ 95] [    20041067]   0-None                     (    0)
[ 96] [    20053565]   0-None                     (    0)
[ 97] [    20066062]   0-None                     (    0)
[ 98] [    20078565]   0-None                     (    0)
[ 99] [    20091068]   0-None                     (    0)
[100] [    20103562]   0-None                     (    0)
[101] [    20116063]   0-None                     (    0)
[102] [    20128562]   0-None                     (    0)
[103] [    20141055]   0-None                     (    0)
[104] [    20153563]   0-None                     (    0)
[105] [    20166057]   0-None                     (    0)
[106] [    20178536]   0-None                     (    0)
[107] [    20191035]   0-None                     (    0)
[108] [    20203535]   0-None                     (    0)
[109] [    20216035]   0-None                     (    0)
[110] [    20228535]   0-None                     (    0)
[111] [    20241035]   0-None                     (    0)
[112] [    20253535]   0-None                     (    0)
[113] [    20266034]   0-None                     (    0)
[114] [    20278534]   0-None                     (    0)
[115] [    20291034]   0-None                     (    0)
[116] [    20303534]   0-None                     (    0)
[117] [    20316034]   0-None                     (    0)
[118] [    20328534]   0-None                     (    0)
[119] [    20341034]   0-None                     (    0)
[120] [    20353533]   0-None                     (    0)
[121] [    20366033]   0-None                     (    0)
[122] [    20378533]   0-None                     (    0)
[123] [    20391033]   0-None                     (    0)
[124] [    20403529]   0-None                     (    0)
[125] [    20416028]   0-None                     (    0)
[126] [    20428536]   0-None                     (    0)
[127] [    20441036]   0-None                     (    0)
[128] [    20453534]   0-None                     (    0)
[129] [    20466014]   0-None                     (    0)
[130] [    20478528]   0-None                     (    0)
[131] [    20491013]   0-None                     (    0)
[132] [    20503506]   0-None                     (    0)
[133] [    20516008]   0-None                     (    0)
[134] [    20528512]   0-None                     (    0)
[135] [    20541011]   0-None                     (    0)
[136] [    20553492]   0-None                     (    0)
[137] [    20565989]   0-None                     (    0)
[138] [    20578486]   0-None                     (    0)
[139] [    20590985]   0-None                     (    0)
[140] [    20603485]   0-None                     (    0)
[141] [    20615965]   0-None                     (    0)
[142] [    20628465]   0-None                     (    0)
[143] [    20640945]   0-None                     (    0)
[144] [    20653448]   0-None                     (    0)
[145] [    20665944]   0-None                     (    0)
[146] [    20678448]   0-None                     (    0)
[147] [    20690945]   0-None                     (    0)
[148] [    20703447]   0-None                     (    0)
[149] [    20715943]   0-None                     (    0)
[150] [    20728426]   0-None                     (    0)
[151] [    20740925]   0-None                     (    0)
[152] [    20753423]   0-None                     (    0)
[153] [    20765922]   0-None                     (    0)
[154] [    20778424]   0-None                     (    0)
[155] [    20790923]   0-None                     (    0)
[156] [    20803422]   0-None                     (    0)
[157] [    20815922]   0-None                     (    0)
[158] [    20828422]   0-None                     (    0)
[159] [    20840922]   0-None                     (    0)
[160] [    20853421]   0-None                     (    0)
[161] [    20865901]   0-None                     (    0)
[162] [    20878402]   0-None                     (    0)
[163] [    20890880]   0-None                     (    0)
[164] [    20903382]   0-None                     (    0)
[165] [    20915882]   0-None                     (    0)
[166] [    20928382]   0-None                     (    0)
[167] [    20940882]   0-None                     (    0)
[168] [    20953361]   0-None                     (    0)
[169] [    20965859]   0-None                     (    0)
[170] [    20978357]   0-None                     (    0)
[171] [    20990863]   0-None                     (    0)
[172] [    21003339]   0-None                     (    0)
[173] [    21015838]   0-None                     (    0)
[174] [    21028338]   0-None                     (    0)
[175] [    21040818]   0-None                     (    0)
[176] [    21053300]   0-None                     (    0)
[177] [       12041]   0-None                     (    0)
[178] [       24519]   0-None                     (    0)
[179] [       37011]   0-None                     (    0)
[180] [       49511]   0-None                     (    0)
[181] [       61989]   0-None                     (    0)
[182] [       74493]   0-None                     (    0)
[183] [       86993]   0-None                     (    0)
[184] [       99473]   0-None                     (    0)
[185] [      111970]   0-None                     (    0)
[186] [      124466]   0-None                     (    0)
[187] [      136946]   0-None                     (    0)
[188] [      149426]   0-None                     (    0)
[189] [      161930]   0-None                     (    0)
[190] [      174406]   0-None                     (    0)
[191] [      186905]   0-None                     (    0)
[192] [      199385]   0-None                     (    0)
[193] [      211885]   0-None                     (    0)
[194] [      224385]   0-None                     (    0)
[195] [      236885]   0-None                     (    0)
[196] [      249363]   0-None                     (    0)
[197] [      261866]   0-None                     (    0)
[198] [      274346]   0-None                     (    0)
[199] [      286843]   0-None                     (    0)
[200] [      299342]   0-None                     (    0)
[201] [      311844]   0-None                     (    0)
[202] [      324339]   0-None                     (    0)
[203] [      336838]   0-None                     (    0)
[204] [      349342]   0-None                     (    0)
[205] [      361838]   0-None                     (    0)
[206] [      374323]   0-None                     (    0)
[207] [      386823]   0-None                     (    0)
[208] [      399304]   0-None                     (    0)
[209] [      411799]   0-None                     (    0)
[210] [      424283]   0-None                     (    0)
[211] [      436758]   0-None                     (    0)
[212] [      449236]   0-None                     (    0)
[213] [      461738]   0-None                     (    0)
[214] [      474237]   0-None                     (    0)
[215] [      486738]   0-None                     (    0)
[216] [      499218]   0-None                     (    0)
[217] [      511695]   0-None                     (    0)
[218] [      524214]   0-None                     (    0)
[219] [      536711]   0-None                     (    0)
[220] [      549191]   0-None                     (    0)
[221] [      561691]   0-None                     (    0)
[222] [      574191]   0-None                     (    0)
[223] [      586671]   0-None                     (    0)
[224] [      599154]   0-None                     (    0)
[225] [      611635]   0-None                     (    0)
[226] [      624128]   0-None                     (    0)
[227] [      636630]   0-None                     (    0)
[228] [      649109]   0-None                     (    0)
[229] [      661590]   0-None                     (    0)
[230] [      674067]   0-None                     (    0)
[231] [      686546]   0-None                     (    0)
[232] [      699029]   0-None                     (    0)
[233] [      711509]   0-None                     (    0)
[234] [      723980]   0-None                     (    0)
[235] [      736462]   0-None                     (    0)
[236] [      748939]   0-None                     (    0)
[237] [      761420]   0-None                     (    0)
[238] [      773925]   0-None                     (    0)
[239] [      786404]   0-None                     (    0)
[240] [      798903]   0-None                     (    0)
[241] [      811383]   0-None                     (    0)
[242] [      823875]   0-None                     (    0)
[243] [      836353]   0-None                     (    0)
[244] [      848833]   0-None                     (    0)
[245] [      861312]   0-None                     (    0)
[246] [      873792]   0-None                     (    0)
[247] [      886275]   0-None                     (    0)
[248] [      898756]   0-None                     (    0)
[249] [      911249]   0-None                     (    0)
[250] [      923727]   0-None                     (    0)
[251] [      936189]   0-None                     (    0)
[252] [      948669]   0-None                     (    0)
[253] [      961171]   0-None                     (    0)
[254] [      973646]   0-None                     (    0)
[255] [      986146]   0-None                     (    0)
[  0] [      998626]   0-None                     (    0)
[  1] [     1011126]   0-None                     (    0)
[  2] [     1023604]   0-None                     (    0)
[  3] [     1036086]   0-None                     (    0)
[  4] [     1048583]   0-None                     (    0)
[  5] [     1061060]   0-None                     (    0)
[  6] [     1073541]   0-None                     (    0)
[  7] [     1086005]   0-None                     (    0)
[  8] [     1098498]   0-None                     (    0)
[  9] [     1110957]   0-None                     (    0)
[ 10] [     1123434]   0-None                     (    0)
[ 11] [     1135915]   0-None                     (    0)
[ 12] [     1148393]   0-None                     (    0)
[ 13] [     1160873]   0-None                     (    0)
[ 14] [     1173351]   0-None                     (    0)
[ 15] [     1185833]   0-None                     (    0)
[ 16] [     1198311]   0-None                     (    0)
[ 17] [     1210810]   0-None                     (    0)
[ 18] [     1223290]   0-None                     (    0)
[ 19] [     1235767]   0-None                     (    0)
[ 20] [     1248247]   0-None                     (    0)
[ 21] [     1260729]   0-None                     (    0)
[ 22] [     1273201]   0-None                     (    0)
[ 23] [     1285686]   0-None                     (    0)
[ 24] [     1298186]   0-None                     (    0)
[ 25] [     1310661]   0-None                     (    0)
[ 26] [     1323144]   0-None                     (    0)
[ 27] [     1335627]   0-None                     (    0)
[ 28] [     1348120]   0-None                     (    0)
[ 29] [     1360579]   0-None                     (    0)
[ 30] [     1373063]   0-None                     (    0)
[ 31] [     1385535]   0-None                     (    0)
[ 32] [     1398019]   0-None                     (    0)
[ 33] [     1410500]   0-None                     (    0)
[ 34] [     1422971]   0-None                     (    0)
[ 35] [     1435453]   0-None                     (    0)
[ 36] [     1447950]   0-None                     (    0)
[ 37] [     1460429]   0-None                     (    0)
[ 38] [     1472909]   0-None                     (    0)
[ 39] [     1485373]   0-None                     (    0)
[ 40] [     1497865]   0-None                     (    0)
[ 41] [     1510330]   0-None                     (    0)
[ 42] [     1522827]   0-None                     (    0)
[ 43] [     1535304]   0-None                     (    0)
[ 44] [     1547765]   0-None                     (    0)
[ 45] [     1560243]   0-None                     (    0)
[ 46] [     1572721]   0-None                     (    0)
[ 47] [     1585183]   0-None                     (    0)
[ 48] [     1597682]   0-None                     (    0)
[ 49] [     1610162]   0-None                     (    0)
[ 50] [     1622617]   0-None                     (    0)
[ 51] [     1635097]   0-None                     (    0)
[ 52] [     1647577]   0-None                     (    0)
[ 53] [     1660074]   0-None                     (    0)
[ 54] [     1672551]   0-None                     (    0)
[ 55] [     1685019]   0-None                     (    0)
[ 56] [     1697514]   0-None                     (    0)
[ 57] [     1709971]   0-None                     (    0)
[ 58] [     1722452]   0-None                     (    0)
[ 59] [     1734929]   0-None                     (    0)
[ 60] [     1747409]   0-None                     (    0)
[ 61] [     1759885]   0-None                     (    0)
[ 62] [     1772365]   0-None                     (    0)
[ 63] [     1784844]   0-None                     (    0)
[ 64] [     1797326]   0-None                     (    0)
[ 65] [     1809823]   0-None                     (    0)
[ 66] [     1822319]   0-None                     (    0)
[ 67] [     1834799]   0-None                     (    0)
[ 68] [     1847299]   0-None                     (    0)
[ 69] [     1859779]   0-None                     (    0)
[ 70] [     1872263]   0-None                     (    0)
[ 71] [     1884744]   0-None                     (    0)
[ 72] [     1897238]   0-None                     (    0)
[ 73] [     1909718]   0-None                     (    0)
[ 74] [     1922214]   0-None                     (    0)
[ 75] [     1934695]   0-None                     (    0)
[ 76] [     1947173]   0-None                     (    0)
[ 77] [     1959652]   0-None                     (    0)
[ 78] [     1972159]   0-None                     (    0)
[ 79] [     1984635]   0-None                     (    0)
[ 80] [     1997134]   0-None                     (    0)
[ 81] [     2009633]   0-None                     (    0)
[ 82] [     2022091]   0-None                     (    0)
[ 83] [     2034592]   0-None                     (    0)
[ 84] [     2047073]   0-None                     (    0)
[ 85] [     2059550]   0-None                     (    0)
[ 86] [     2072049]   0-None                     (    0)
[ 87] [     2084529]   0-None                     (    0)
[ 88] [     2097013]   0-None                     (    0)
[ 89] [     2109488]   0-None                     (    0)
[ 90] [     2121987]   0-None                     (    0)
[ 91] [     2134488]   0-None                     (    0)
[ 92] [     2146966]   0-None                     (    0)
[ 93] [     2159446]   0-None                     (    0)
[ 94] [     2171944]   0-None                     (    0)
[ 95] [     2184423]   0-None                     (    0)
[ 96] [     2196923]   0-None                     (    0)
[ 97] [     2209422]   0-None                     (    0)
[ 98] [     2221921]   0-None                     (    0)
[ 99] [     2234400]   0-None                     (    0)
[100] [     2246903]   0-None                     (    0)
[101] [     2259379]   0-None                     (    0)
[102] [     2271860]   0-None                     (    0)
[103] [     2284359]   0-None                     (    0)
[104] [     2296839]   0-None                     (    0)
[105] [     2309319]   0-None                     (    0)
[106] [     2321817]   0-None                     (    0)
[107] [     2334297]   0-None                     (    0)
[108] [     2346796]   0-None                     (    0)
[109] [     2359275]   0-None                     (    0)
[110] [     2371772]   0-None                     (    0)
[111] [     2384276]   0-None                     (    0)
[112] [     2396773]   0-None                     (    0)
[113] [     2409276]   0-None                     (    0)
[114] [     2421772]   0-None                     (    0)
[115] [     2434255]   0-None                     (    0)
[116] [     2446756]   0-None                     (    0)
[117] [     2459236]   0-None                     (    0)
[118] [     2471729]   0-None                     (    0)
[119] [     2484228]   0-None                     (    0)
[120] [     2496712]   0-None                     (    0)
[121] [     2509212]   0-None                     (    0)
[122] [     2521691]   0-None                     (    0)
[123] [     2534189]   0-None                     (    0)
[124] [     2546667]   0-None                     (    0)
[125] [     2559146]   0-None                     (    0)
[126] [     2571629]   0-None                     (    0)
[127] [     2584128]   0-None                     (    0)
[128] [     2596628]   0-None                     (    0)
[129] [     2609128]   0-None                     (    0)
[130] [     2621611]   0-None                     (    0)
[131] [     2634104]   0-None                     (    0)
[132] [     2646604]   0-None                     (    0)
[133] [     2659104]   0-None                     (    0)
[134] [     2671603]   0-None                     (    0)
[135] [     2684103]   0-None                     (    0)
[136] [     2696582]   0-None                     (    0)
[137] [     2709084]   0-None                     (    0)
[138] [     2721584]   0-None                     (    0)
[139] [     2734064]   0-None                     (    0)
[140] [     2746561]   0-None                     (    0)
[141] [     2759078]   0-None                     (    0)
[142] [     2771561]   0-None                     (    0)
[143] [     2784058]   0-None                     (    0)
[144] [     2796557]   0-None                     (    0)
[145] [     2809044]   0-None                     (    0)
[146] [     2821556]   0-None                     (    0)
[147] [     2834044]   0-None                     (    0)
[148] [     2846556]   0-None                     (    0)
[149] [     2859044]   0-None                     (    0)
[150] [     2871516]   0-None                     (    0)
[151] [     2883998]   0-None                     (    0)
[152] [     2896498]   0-None                     (    0)
[153] [     2908978]   0-None                     (    0)
[154] [     2921478]   0-None                     (    0)
[155] [     2933956]   0-None                     (    0)
[156] [     2946436]   0-None                     (    0)
[157] [     2958913]   0-None                     (    0)
[158] [     2971413]   0-None                     (    0)
[159] [     2983912]   0-None                     (    0)
[160] [     2996391]   0-None                     (    0)
[161] [     3008889]   0-None                     (    0)
[162] [     3021373]   0-None                     (    0)
[163] [     3033874]   0-None                     (    0)
[164] [     3046374]   0-None                     (    0)
[165] [     3058854]   0-None                     (    0)
[166] [     3071346]   0-None                     (    0)
[167] [     3083823]   0-None                     (    0)
[168] [     3096324]   0-None                     (    0)
[169] [     3108809]   0-None                     (    0)
[170] [     3121306]   0-None                     (    0)
[171] [     3133783]   0-None                     (    0)
[172] [     3146264]   0-None                     (    0)
[173] [     3158762]   0-None                     (    0)
[174] [     3171266]   0-None                     (    0)
[175] [     3183742]   0-None                     (    0)
[176] [     3196241]   0-None                     (    0)
[177] [     3208704]   0-None                     (    0)
[178] [     3221200]   0-None                     (    0)
[179] [     3233680]   0-None                     (    0)
[180] [     3246158]   0-None                     (    0)
[181] [     3258657]   0-None                     (    0)
[182] [     3271137]   0-None                     (    0)
[183] [     3283621]   0-None                     (    0)
[184] [     3296121]   0-None                     (    0)
[185] [     3308600]   0-None                     (    0)
[186] [     3321093]   0-None                     (    0)
[187] [     3333592]   0-None                     (    0)
[188] [     3346076]   0-None                     (    0)
[189] [     3358569]   0-None                     (    0)
[190] [     3371031]   0-None                     (    0)
[191] [     3383511]   0-None                     (    0)
[192] [     3396017]   0-None                     (    0)
[193] [     3408496]   0-None                     (    0)
[194] [     3420997]   0-None                     (    0)
[195] [     3433491]   0-None                     (    0)
[196] [     3445970]   0-None                     (    0)
[197] [     3458471]   0-None                     (    0)
[198] [     3470949]   0-None                     (    0)
[199] [     3483449]   0-None                     (    0)
[200] [     3495929]   0-None                     (    0)
[201] [     3508427]   0-None                     (    0)
[202] [     3520922]   0-None                     (    0)
[203] [     3533407]   0-None                     (    0)
[204] [     3545907]   0-None                     (    0)
[205] [     3558388]   0-None                     (    0)
[206] [     3570864]   0-None                     (    0)
[207] [     3583347]   0-None                     (    0)
[208] [     3595840]   0-None                     (    0)
[209] [     3608318]   0-None                     (    0)
[210] [     3620802]   0-None                     (    0)
[211] [     3633260]   0-None                     (    0)
[212] [     3645736]   0-None                     (    0)
[213] [     3658215]   0-None                     (    0)
[214] [     3670715]   0-None                     (    0)
[215] [     3683194]   0-None                     (    0)
[216] [     3695676]   0-None                     (    0)
[217] [     3708174]   0-None                     (    0)
[218] [     3720674]   0-None                     (    0)
[219] [     3733171]   0-None                     (    0)
[220] [     3745649]   0-None                     (    0)
[221] [     3758149]   0-None                     (    0)
[222] [     3770649]   0-None                     (    0)
[223] [     3783149]   0-None                     (    0)
[224] [     3795629]   0-None                     (    0)
[225] [     3808132]   0-None                     (    0)
[226] [     3820629]   0-None                     (    0)
[227] [     3833132]   0-None                     (    0)
[228] [     3845634]   0-None                     (    0)
[229] [     3858131]   0-None                     (    0)
[230] [     3870634]   0-None                     (    0)
[231] [     3883129]   0-None                     (    0)
[232] [     3895633]   0-None                     (    0)
[233] [     3908128]   0-None                     (    0)
[234] [     3920632]   0-None                     (    0)
[235] [     3933128]   0-None                     (    0)
[236] [     3945632]   0-None                     (    0)
[237] [     3958128]   0-None                     (    0)
[238] [     3970612]   0-None                     (    0)
[239] [     3983107]   0-None                     (    0)
[240] [     3995606]   0-None                     (    0)
[241] [     4008093]   0-None                     (    0)
[242] [     4020587]   0-None                     (    0)
[243] [     4033088]   0-None                     (    0)
[244] [     4045588]   0-None                     (    0)
[245] [     4058088]   0-None                     (    0)
[246] [     4070588]   0-None                     (    0)
[247] [     4083066]   0-None                     (    0)
[248] [     4095566]   0-None                     (    0)
[249] [     4108066]   0-None                     (    0)
[250] [     4120566]   0-None                     (    0)
[251] [     4133066]   0-None                     (    0)
[252] [     4145566]   0-None                     (    0)
[253] [     4158069]   0-None                     (    0)
[254] [     4170563]   0-None                     (    0)
[255] [     4183064]   0-None                     (    0)
[  0] [     4195538]   0-None                     (    0)
[  1] [     4208022]   0-None                     (    0)
[  2] [     4220523]   0-None                     (    0)
[  3] [     4233002]   0-None                     (    0)
[  4] [     4245519]   0-None                     (    0)
[  5] [     4257999]   0-None                     (    0)
[  6] [     4270505]   0-None                     (    0)
[  7] [     4283005]   0-None                     (    0)
[  8] [     4295504]   0-None                     (    0)
[  9] [     4308023]   0-None                     (    0)
[ 10] [     4320523]   0-None                     (    0)
[ 11] [     4333023]   0-None                     (    0)
[ 12] [     4345522]   0-None                     (    0)
[ 13] [     4358022]   0-None                     (    0)
[ 14] [     4370502]   0-None                     (    0)
[ 15] [     4382997]   0-None                     (    0)
[ 16] [     4395502]   0-None                     (    0)
[ 17] [     4408017]   0-None                     (    0)
[ 18] [     4420517]   0-None                     (    0)
[ 19] [     4433017]   0-None                     (    0)
[ 20] [     4445497]   0-None                     (    0)
[ 21] [     4457983]   0-None                     (    0)
[ 22] [     4470478]   0-None                     (    0)
[ 23] [     4482978]   0-None                     (    0)
[ 24] [     4495478]   0-None                     (    0)
[ 25] [     4507957]   0-None                     (    0)
[ 26] [     4520457]   0-None                     (    0)
[ 27] [     4532959]   0-None                     (    0)
[ 28] [     4545450]   0-None                     (    0)
[ 29] [     4557957]   0-None                     (    0)
[ 30] [     4570456]   0-None                     (    0)
[ 31] [     4582956]   0-None                     (    0)
[ 32] [     4595455]   0-None                     (    0)
[ 33] [     4607934]   0-None                     (    0)
[ 34] [     4620434]   0-None                     (    0)
[ 35] [     4632934]   0-None                     (    0)
[ 36] [     4645434]   0-None                     (    0)
[ 37] [     4657933]   0-None                     (    0)
[ 38] [     4670434]   0-None                     (    0)
[ 39] [     4682955]   0-None                     (    0)
[ 40] [     4695454]   0-None                     (    0)
[ 41] [     4707954]   0-None                     (    0)
[ 42] [     4720433]   0-None                     (    0)
[ 43] [     4732933]   0-None                     (    0)
[ 44] [     4745433]   0-None                     (    0)
[ 45] [     4757913]   0-None                     (    0)
[ 46] [     4770390]   0-None                     (    0)
[ 47] [     4782889]   0-None                     (    0)
[ 48] [     4795369]   0-None                     (    0)
[ 49] [     4807852]   0-None                     (    0)
[ 50] [     4820352]   0-None                     (    0)
[ 51] [     4832830]   0-None                     (    0)
[ 52] [     4845322]   0-None                     (    0)
[ 53] [     4857823]   0-None                     (    0)
[ 54] [     4870344]   0-None                     (    0)
[ 55] [     4882844]   0-None                     (    0)
[ 56] [     4895324]   0-None                     (    0)
[ 57] [     4907824]   0-None                     (    0)
[ 58] [     4920324]   0-None                     (    0)
[ 59] [     4932824]   0-None                     (    0)
[ 60] [     4945283]   0-None                     (    0)
[ 61] [     4957780]   0-None                     (    0)
[ 62] [     4970259]   0-None                     (    0)
[ 63] [     4982739]   0-None                     (    0)
[ 64] [     4995222]   0-None                     (    0)
[ 65] [     5007703]   0-None                     (    0)
[ 66] [     5020195]   0-None                     (    0)
[ 67] [     5032694]   0-None                     (    0)
[ 68] [     5045179]   0-None                     (    0)
[ 69] [     5057673]   0-None                     (    0)
[ 70] [     5070155]   0-None                     (    0)
[ 71] [     5082652]   0-None                     (    0)
[ 72] [     5095152]   0-None                     (    0)
[ 73] [     5107653]   0-None                     (    0)
[ 74] [     5120135]   0-None                     (    0)
[ 75] [     5132656]   0-None                     (    0)
[ 76] [     5145152]   0-None                     (    0)
[ 77] [     5157657]   0-None                     (    0)
[ 78] [     5170136]   0-None                     (    0)
[ 79] [     5182636]   0-None                     (    0)
[ 80] [     5195135]   0-None                     (    0)
[ 81] [     5207635]   0-None                     (    0)
[ 82] [     5220115]   0-None                     (    0)
[ 83] [     5232611]   0-None                     (    0)
[ 84] [     5245114]   0-None                     (    0)
[ 85] [     5257610]   0-None                     (    0)
[ 86] [     5270113]   0-None                     (    0)
[ 87] [     5282589]   0-None                     (    0)
[ 88] [     5295089]   0-None                     (    0)
[ 89] [     5307589]   0-None                     (    0)
[ 90] [     5320069]   0-None                     (    0)
[ 91] [     5332569]   0-None                     (    0)
[ 92] [     5345047]   0-None                     (    0)
[ 93] [     5357530]   0-None                     (    0)
[ 94] [     5370027]   0-None                     (    0)
[ 95] [     5382524]   0-None                     (    0)
[ 96] [     5395011]   0-None                     (    0)
[ 97] [     5407502]   0-None                     (    0)
[ 98] [     5419989]   0-None                     (    0)
[ 99] [     5432488]   0-None                     (    0)
[100] [     5444970]   0-None                     (    0)
[101] [     5457449]   0-None                     (    0)
[102] [     5469925]   0-None                     (    0)
[103] [     5482419]   0-None                     (    0)
[104] [     5494898]   0-None                     (    0)
[105] [     5507403]   0-None                     (    0)
[106] [     5519880]   0-None                     (    0)
[107] [     5532379]   0-None                     (    0)
[108] [     5544859]   0-None                     (    0)
[109] [     5557356]   0-None                     (    0)
[110] [     5569840]   0-None                     (    0)
[111] [     5582321]   0-None                     (    0)
[112] [     5594813]   0-None                     (    0)
[113] [     5607312]   0-None                     (    0)
[114] [     5619797]   0-None                     (    0)
[115] [     5632290]   0-None                     (    0)
[116] [     5644772]   0-None                     (    0)
[117] [     5657270]   0-None                     (    0)
[118] [     5669769]   0-None                     (    0)
[119] [     5682249]   0-None                     (    0)
[120] [     5694749]   0-None                     (    0)
[121] [     5707249]   0-None                     (    0)
[122] [     5719729]   0-None                     (    0)
[123] [     5732212]   0-None                     (    0)
[124] [     5744694]   0-None                     (    0)
[125] [     5757186]   0-None                     (    0)
[126] [     5769668]   0-None                     (    0)
[127] [     5782144]   0-None                     (    0)
[128] [     5794629]   0-None                     (    0)
[129] [     5807124]   0-None                     (    0)
[130] [     5819604]   0-None                     (    0)
[131] [     5832087]   0-None                     (    0)
[132] [     5844588]   0-None                     (    0)
[133] [     5857068]   0-None                     (    0)
[134] [     5869538]   0-None                     (    0)
[135] [     5882023]   0-None                     (    0)
[136] [     5894500]   0-None                     (    0)
[137] [     5907000]   0-None                     (    0)
[138] [     5919499]   0-None                     (    0)
[139] [     5931979]   0-None                     (    0)
[140] [     5944455]   0-None                     (    0)
[141] [     5956943]   0-None                     (    0)
[142] [     5969436]   0-None                     (    0)
[143] [     5981894]   0-None                     (    0)
[144] [     5994351]   0-None                     (    0)
[145] [     6006836]   0-None                     (    0)
[146] [     6019316]   0-None                     (    0)
[147] [     6031809]   0-None                     (    0)
[148] [     6044288]   0-None                     (    0)
[149] [     6056771]   0-None                     (    0)
[150] [     6069268]   0-None                     (    0)
[151] [     6081746]   0-None                     (    0)
[152] [     6094208]   0-None                     (    0)
[153] [     6106685]   0-None                     (    0)
[154] [     6119166]   0-None                     (    0)
[155] [     6131645]   0-None                     (    0)
[156] [     6144141]   0-None                     (    0)
[157] [     6156619]   0-None                     (    0)
[158] [     6169120]   0-None                     (    0)
[159] [     6181600]   0-None                     (    0)
[160] [     6194084]   0-None                     (    0)
[161] [     6206598]   0-None                     (    0)
[162] [     6219101]   0-None                     (    0)
[163] [     6231577]   0-None                     (    0)
[164] [     6244077]   0-None                     (    0)
[165] [     6256556]   0-None                     (    0)
[166] [     6269036]   0-None                     (    0)
[167] [     6281538]   0-None                     (    0)
[168] [     6294018]   0-None                     (    0)
[169] [     6306515]   0-None                     (    0)
[170] [     6318992]   0-None                     (    0)
[171] [     6331472]   0-None                     (    0)
[172] [     6343976]   0-None                     (    0)
[173] [     6356472]   0-None                     (    0)
[174] [     6368977]   0-None                     (    0)
[175] [     6381451]   0-None                     (    0)
[176] [     6393958]   0-None                     (    0)
[177] [     6406450]   0-None                     (    0)
[178] [     6418936]   0-None                     (    0)
[179] [     6431428]   0-None                     (    0)
[180] [     6443949]   0-None                     (    0)
[181] [     6456431]   0-None                     (    0)
[182] [     6468931]   0-None                     (    0)
[183] [     6481410]   0-None                     (    0)
[184] [     6493910]   0-None                     (    0)
[185] [     6506389]   0-None                     (    0)
[186] [     6518867]   0-None                     (    0)
[187] [     6531367]   0-None                     (    0)
[188] [     6543846]   0-None                     (    0)
[189] [     6556323]   0-None                     (    0)
[190] [     6568802]   0-None                     (    0)
[191] [     6581281]   0-None                     (    0)
[192] [     6593784]   0-None                     (    0)
[193] [     6606244]   0-None                     (    0)
[194] [     6618724]   0-None                     (    0)
[195] [     6631222]   0-None                     (    0)
[196] [     6643718]   0-None                     (    0)
[197] [     6656222]   0-None                     (    0)
[198] [     6668718]   0-None                     (    0)
[199] [     6681202]   0-None                     (    0)
[200] [     6693702]   0-None                     (    0)
[201] [     6706202]   0-None                     (    0)
[202] [     6718682]   0-None                     (    0)
[203] [     6731174]   0-None                     (    0)
[204] [     6743674]   0-None                     (    0)
[205] [     6756153]   0-None                     (    0)
[206] [     6768652]   0-None                     (    0)
[207] [     6781134]   0-None                     (    0)
[208] [     6793630]   0-None                     (    0)
[209] [     6806110]   0-None                     (    0)
[210] [     6818610]   0-None                     (    0)
[211] [     6831109]   0-None                     (    0)
[212] [     6843590]   0-None                     (    0)
[213] [     6856093]   0-None                     (    0)
[214] [     6868590]   0-None                     (    0)
[215] [     6881072]   0-None                     (    0)
[216] [     6893570]   0-None                     (    0)
[217] [     6906070]   0-None                     (    0)
[218] [     6918549]   0-None                     (    0)
[219] [     6931051]   0-None                     (    0)
[220] [     6943529]   0-None                     (    0)
[221] [     6956029]   0-None                     (    0)
[222] [     6968529]   0-None                     (    0)
[223] [     6981009]   0-None                     (    0)
[224] [     6993506]   0-None                     (    0)
[225] [     7005984]   0-None                     (    0)
[226] [     7018484]   0-None                     (    0)
[227] [     7030984]   0-None                     (    0)
[228] [     7043464]   0-None                     (    0)
[229] [     7055968]   0-None                     (    0)
[230] [     7068462]   0-None                     (    0)
[231] [     7080966]   0-None                     (    0)
[232] [     7093462]   0-None                     (    0)
[233] [     7105949]   0-None                     (    0)
[234] [     7118445]   0-None                     (    0)
[235] [     7130945]   0-None                     (    0)
[236] [     7143445]   0-None                     (    0)
[237] [     7155945]   0-None                     (    0)
[238] [     7168446]   0-None                     (    0)
[239] [     7180925]   0-None                     (    0)
[240] [     7193437]   0-None                     (    0)
[241] [     7205924]   0-None                     (    0)
[242] [     7218437]   0-None                     (    0)
[243] [     7230923]   0-None                     (    0)
[244] [     7243415]   0-None                     (    0)
[245] [     7255900]   0-None                     (    0)
[246] [     7268380]   0-None                     (    0)
[247] [     7280877]   0-None                     (    0)
[248] [     7293375]   0-None                     (    0)
[249] [     7305873]   0-None                     (    0)
[250] [     7318373]   0-None                     (    0)
[251] [     7330873]   0-None                     (    0)
[252] [     7343360]   0-None                     (    0)
[253] [     7355859]   0-None                     (    0)
[254] [     7368359]   0-None                     (    0)
[255] [     7380858]   0-None                     (    0)
[  0] [     7393358]   0-None                     (    0)
[  1] [     7405834]   0-None                     (    0)
[  2] [     7418337]   0-None                     (    0)
[  3] [     7430815]   0-None                     (    0)
[  4] [     7443294]   0-None                     (    0)
[  5] [     7455793]   0-None                     (    0)
[  6] [     7468272]   0-None                     (    0)
[  7] [     7480772]   0-None                     (    0)
[  8] [     7493252]   0-None                     (    0)
[  9] [     7505729]   0-None                     (    0)
[ 10] [     7518209]   0-None                     (    0)
[ 11] [     7530685]   0-None                     (    0)
[ 12] [     7543172]   0-None                     (    0)
[ 13] [     7555644]   0-None                     (    0)
[ 14] [     7568126]   0-None                     (    0)
[ 15] [     7580604]   0-None                     (    0)
[ 16] [     7593083]   0-None                     (    0)
[ 17] [     7605586]   0-None                     (    0)
[ 18] [     7618065]   0-None                     (    0)
[ 19] [     7630544]   0-None                     (    0)
[ 20] [     7643037]   0-None                     (    0)
[ 21] [     7655515]   0-None                     (    0)
[ 22] [     7667997]   0-None                     (    0)
[ 23] [     7680480]   0-None                     (    0)
[ 24] [     7692959]   0-None                     (    0)
[ 25] [     7705453]   0-None                     (    0)
[ 26] [     7717938]   0-None                     (    0)
[ 27] [     7730418]   0-None                     (    0)
[ 28] [     7742887]   0-None                     (    0)
[ 29] [     7755370]   0-None                     (    0)
[ 30] [     7767847]   0-None                     (    0)
[ 31] [     7780327]   0-None                     (    0)
[ 32] [     7792811]   0-None                     (    0)
[ 33] [     7805313]   0-None                     (    0)
[ 34] [     7817792]   0-None                     (    0)
[ 35] [     7830263]   0-None                     (    0)
[ 36] [     7842745]   0-None                     (    0)
[ 37] [     7855242]   0-None                     (    0)
[ 38] [     7867741]   0-None                     (    0)
[ 39] [     7880221]   0-None                     (    0)
[ 40] [     7892721]   0-None                     (    0)
[ 41] [     7905220]   0-None                     (    0)
[ 42] [     7917701]   0-None                     (    0)
[ 43] [     7930184]   0-None                     (    0)
[ 44] [     7942686]   0-None                     (    0)
[ 45] [     7955166]   0-None                     (    0)
[ 46] [     7967659]   0-None                     (    0)
[ 47] [     7980160]   0-None                     (    0)
[ 48] [     7992660]   0-None                     (    0)
[ 49] [     8005141]   0-None                     (    0)
[ 50] [     8017637]   0-None                     (    0)
[ 51] [     8030120]   0-None                     (    0)
[ 52] [     8042618]   0-None                     (    0)
[ 53] [     8055096]   0-None                     (    0)
[ 54] [     8067595]   0-None                     (    0)
[ 55] [     8080094]   0-None                     (    0)
[ 56] [     8092595]   0-None                     (    0)
[ 57] [     8105096]   0-None                     (    0)
[ 58] [     8117595]   0-None                     (    0)
[ 59] [     8130075]   0-None                     (    0)
[ 60] [     8142579]   0-None                     (    0)
[ 61] [     8155058]   0-None                     (    0)
[ 62] [     8167537]   0-None                     (    0)
[ 63] [     8180029]   0-None                     (    0)
[ 64] [     8192529]   0-None                     (    0)
[ 65] [     8205013]   0-None                     (    0)
[ 66] [     8217506]   0-None                     (    0)
[ 67] [     8229988]   0-None                     (    0)
[ 68] [     8242486]   0-None                     (    0)
[ 69] [     8254974]   0-None                     (    0)
[ 70] [     8267446]   0-None                     (    0)
[ 71] [     8279949]   0-None                     (    0)
[ 72] [     8292446]   0-None                     (    0)
[ 73] [     8304929]   0-None                     (    0)
[ 74] [     8317431]   0-None                     (    0)
[ 75] [     8329909]   0-None                     (    0)
[ 76] [     8342385]   0-None                     (    0)
[ 77] [     8354888]   0-None                     (    0)
[ 78] [     8367382]   0-None                     (    0)
[ 79] [     8379882]   0-None                     (    0)
[ 80] [     8392362]   0-None                     (    0)
[ 81] [     8404860]   0-None                     (    0)
[ 82] [     8417359]   0-None                     (    0)
[ 83] [     8429839]   0-None                     (    0)
[ 84] [     8442319]   0-None                     (    0)
[ 85] [     8454802]   0-None                     (    0)
[ 86] [     8467284]   0-None                     (    0)
[ 87] [     8479756]   0-None                     (    0)
[ 88] [     8492259]   0-None                     (    0)
[ 89] [     8504739]   0-None                     (    0)
[ 90] [     8517216]   0-None                     (    0)
[ 91] [     8529696]   0-None                     (    0)
[ 92] [     8542172]   0-None                     (    0)
[ 93] [     8554672]   0-None                     (    0)
[ 94] [     8567151]   0-None                     (    0)
[ 95] [     8579631]   0-None                     (    0)
[ 96] [     8592133]   0-None                     (    0)
[ 97] [     8604633]   0-None                     (    0)
[ 98] [     8617113]   0-None                     (    0)
[ 99] [     8629589]   0-None                     (    0)
[100] [     8642088]   0-None                     (    0)
[101] [     8654568]   0-None                     (    0)
[102] [     8667051]   0-None                     (    0)
[103] [     8679552]   0-None                     (    0)
[104] [     8692031]   0-None                     (    0)
[105] [     8704522]   0-None                     (    0)
[106] [     8717008]   0-None                     (    0)
[107] [     8729480]   0-None                     (    0)
[108] [     8741968]   0-None                     (    0)
[109] [     8754459]   0-None                     (    0)
[110] [     8766947]   0-None                     (    0)
[111] [     8779426]   0-None                     (    0)
[112] [     8791907]   0-None                     (    0)
[113] [     8804401]   0-None                     (    0)
[114] [     8816880]   0-None                     (    0)
[115] [     8829380]   0-None                     (    0)
[116] [     8841879]   0-None                     (    0)
[117] [     8854359]   0-None                     (    0)
[118] [     8866857]   0-None                     (    0)
[119] [     8879354]   0-None                     (    0)
[120] [     8891853]   0-None                     (    0)
[121] [     8904353]   0-None                     (    0)
[122] [     8916832]   0-None                     (    0)
[123] [     8929332]   0-None                     (    0)
[124] [     8941812]   0-None                     (    0)
[125] [     8954296]   0-None                     (    0)
[126] [     8966795]   0-None                     (    0)
[127] [     8979295]   0-None                     (    0)
[128] [     8991774]   0-None                     (    0)
[129] [     9004254]   0-None                     (    0)
[130] [     9016755]   0-None                     (    0)
[131] [     9029227]   0-None                     (    0)
[132] [     9041693]   0-None                     (    0)
[133] [     9054172]   0-None                     (    0)
[134] [     9066646]   0-None                     (    0)
[135] [     9079146]   0-None                     (    0)
[136] [     9091624]   0-None                     (    0)
[137] [     9104126]   0-None                     (    0)
[138] [     9116606]   0-None                     (    0)
[139] [     9129103]   0-None                     (    0)
[140] [     9141600]   0-None                     (    0)
[141] [     9154079]   0-None                     (    0)
[142] [     9166579]   0-None                     (    0)
[143] [     9179079]   0-None                     (    0)
[144] [     9191579]   0-None                     (    0)
[145] [     9204059]   0-None                     (    0)
[146] [     9216562]   0-None                     (    0)
[147] [     9229038]   0-None                     (    0)
[148] [     9241518]   0-None                     (    0)
[149] [     9253997]   0-None                     (    0)
[150] [     9266479]   0-None                     (    0)
[151] [     9278956]   0-None                     (    0)
[152] [     9291416]   0-None                     (    0)
[153] [     9303897]   0-None                     (    0)
[154] [     9316370]   0-None                     (    0)
[155] [     9328851]   0-None                     (    0)
[156] [     9341313]   0-None                     (    0)
[157] [     9353809]   0-None                     (    0)
[158] [     9366273]   0-None                     (    0)
[159] [     9378766]   0-None                     (    0)
[160] [     9391266]   0-None                     (    0)
[161] [     9403745]   0-None                     (    0)
[162] [     9416227]   0-None                     (    0)
[163] [     9428705]   0-None                     (    0)
[164] [     9441184]   0-None                     (    0)
[165] [     9453660]   0-None                     (    0)
[166] [     9466140]   0-None                     (    0)
[167] [     9478619]   0-None                     (    0)
[168] [     9491101]   0-None                     (    0)
[169] [     9503598]   0-None                     (    0)
[170] [     9516075]   0-None                     (    0)
[171] [     9528555]   0-None                     (    0)
[172] [     9541039]   0-None                     (    0)
[173] [     9553539]   0-None                     (    0)
[174] [     9566019]   0-None                     (    0)
[175] [     9578512]   0-None                     (    0)
[176] [     9590990]   0-None                     (    0)
[177] [     9603474]   0-None                     (    0)
[178] [     9615955]   0-None                     (    0)
[179] [     9628435]   0-None                     (    0)
[180] [     9640932]   0-None                     (    0)
[181] [     9653415]   0-None                     (    0)
[182] [     9665875]   0-None                     (    0)
[183] [     9678368]   0-None                     (    0)
[184] [     9690869]   0-None                     (    0)
[185] [     9703348]   0-None                     (    0)
[186] [     9715846]   0-None                     (    0)
[187] [     9728322]   0-None                     (    0)
[188] [     9740822]   0-None                     (    0)
[189] [     9753302]   0-None                     (    0)
[190] [     9765785]   0-None                     (    0)
[191] [     9778283]   0-None                     (    0)
[192] [     9790762]   0-None                     (    0)
[193] [     9803240]   0-None                     (    0)
[194] [     9815722]   0-None                     (    0)
[195] [     9828219]   0-None                     (    0)
[196] [     9840699]   0-None                     (    0)
[197] [     9853178]   0-None                     (    0)
[198] [     9865655]   0-None                     (    0)
[199] [     9878134]   0-None                     (    0)
[200] [     9890635]   0-None                     (    0)
[201] [     9903135]   0-None                     (    0)
[202] [     9915613]   0-None                     (    0)
[203] [     9928118]   0-None                     (    0)
[204] [     9940591]   0-None                     (    0)
[205] [     9953088]   0-None                     (    0)
[206] [     9965573]   0-None                     (    0)
[207] [     9978055]   0-None                     (    0)
[208] [     9990531]   0-None                     (    0)
[209] [    10003011]   0-None                     (    0)
[210] [    10015489]   0-None                     (    0)
[211] [    10027950]   0-None                     (    0)
[212] [    10040450]   0-None                     (    0)
[213] [    10052929]   0-None                     (    0)
[214] [    10065428]   0-None                     (    0)
[215] [    10077924]   0-None                     (    0)
[216] [    10090388]   0-None                     (    0)
[217] [    10102880]   0-None                     (    0)
[218] [    10115357]   0-None                     (    0)
[219] [    10127858]   0-None                     (    0)
[220] [    10140343]   0-None                     (    0)
[221] [    10152820]   0-None                     (    0)
[222] [    10165319]   0-None                     (    0)
[223] [    10177799]   0-None                     (    0)
[224] [    10190296]   0-None                     (    0)
[225] [    10202760]   0-None                     (    0)
[226] [    10215252]   0-None                     (    0)
[227] [    10227737]   0-None                     (    0)
[228] [    10240212]   0-None                     (    0)
[229] [    10252694]   0-None                     (    0)
[230] [    10265175]   0-None                     (    0)
[231] [    10277650]   0-None                     (    0)
[232] [    10290131]   0-None                     (    0)
