[ 94] [    20028563] 1 | True  True 00 ( 1214,  262)   4   714  1572
[ 95] [    20041067] 1 | True  True 00 ( 1216,  263)   4   681  1740
[ 96] [    20053565] 1 | True  True 00 ( 1225,  266)   5   773  1572
[ 97] [    20066062] 1 | True  True 00 ( 1239,  273)   5   748  1180
[ 98] [    20078565] 1 | True  True 00 ( 1255,  283)   4   754  1036
[ 99] [    20091068] 1 | True  True 00 ( 1271,  295)   5   796   976
[100] [    20103562] 1 | True  True 00 ( 1287,  310)   4   758  1288
[101] [    20116063] 1 | True  True 00 ( 1300,  326)   5   813  1640
[102] [    20128562] 1 | True  True 00 ( 1312,  341)   5   760  1732
[103] [    20141055] 1 | True  True 00 ( 1326,  360)   5   776  1488
[104] [    20153563] 1 | True  True 00 ( 1340,  381)   4   782  1228
[105] [    20166057] 1 | True  True 00 ( 1350,  400)   5   786   948
[106] [    20178536] 1 | True  True 00 ( 1361,  419)   4   705  1040
[107] [    20191035] 1 | True  True 00 ( 1371,  439)   6   854  1168
[108] [    20203535] 1 | True  True 00 ( 1377,  460)   6   879  1188
[109] [    20216035] 1 | True  True 00 ( 1384,  482)   4   712   952
[110] [    20228535] 1 | True  True 00 ( 1390,  503)   4   788   832
[111] [    20241035] 1 | True  True 00 ( 1394,  524)   4   788  1036
[112] [    20253535] 1 | True  True 00 ( 1396,  545)   5   770  1168
[113] [    20266034] 1 | True  True 00 ( 1397,  567)   5   805  1184
[114] [    20278534] 1 | True  True 00 ( 1396,  591)   4   699   916
[115] [    20291034] 1 | True  True 00 ( 1392,  615)   4   744  1032
[116] [    20303534] 1 | True  True 00 ( 1387,  639)   4   724  1284
[117] [    20316034] 1 | True  True 00 ( 1379,  660)   5   745  1536
[118] [    20328534] 1 | True  True 00 ( 1368,  681)   5   729  1640
[119] [    20341034] 1 | True  True 00 ( 1356,  701)   4   740  1504
[120] [    20353533] 1 | True  True 00 ( 1345,  721)   4   747  1136
[121] [    20366033] 1 | True  True 00 ( 1334,  741)   4   777  1044
[122] [    20378533] 1 | True  True 00 ( 1322,  759)   4   750  1116
[123] [    20391033] 1 | True  True 00 ( 1309,  776)   4   703  1220
[124] [    20403529] 1 | True  True 00 ( 1292,  792)   5   745  1556
[125] [    20416028] 1 | True  True 00 ( 1272,  806)   5   753  1676
[126] [    20428536] 1 | True  True 00 ( 1253,  820)   4   751  1512
[127] [    20441036] 1 | True  True 00 ( 1235,  832)   4   769  1220
[128] [    20453534] 1 | True  True 00 ( 1217,  843)   4   730   992
[129] [    20466014] 1 | True  True 00 ( 1196,  852)   5   742  1136
[130] [    20478528] 1 | True  True 00 ( 1174,  860)   4   728  1256
[131] [    20491013] 1 | True  True 00 ( 1152,  867)   4   747  1036
[132] [    20503506] 1 | True  True 00 ( 1130,  872)   4   752   844
[133] [    20516008] 1 | True  True 00 ( 1109,  876)   4   739   936
[134] [    20528512] 1 | True  True 00 ( 1087,  878)   6   784  1084
[135] [    20541011] 1 | True  True 00 ( 1062,  879)   4   741  1168
[136] [    20553492] 1 | True  True 00 ( 1040,  879)   4   722  1056
[137] [    20565989] 1 | True  True 00 ( 1019,  876)   4   728   896
[138] [    20578486] 1 | True  True 00 (  998,  873)   4   692  1032
[139] [    20590985] 1 | True  True 00 (  977,  868)   4   690  1416
[140] [    20603485] 1 | True  True 00 (  954,  861)   4   668  1572
[141] [    20615965] 1 | True  True 00 (  934,  853)   4   649  1484
[142] [    20628465] 1 | True  True 00 (  916,  843)   4   676  1328
[143] [    20640945] 1 | True  True 00 (  898,  832)   4   706  1048
[144] [    20653448] 1 | True  True 00 (  880,  820)   5   711  1016
[145] [    20665944] 1 | True  True 00 (  860,  806)   6   746  1016
[146] [    20678448] 1 | True  True 00 (  841,  790)   4   666  1316
[147] [    20690945] 1 | True  True 00 (  824,  773)   3   610  1508
[148] [    20703447] 1 | True  True 00 (  811,  755)   4   642  1508
[149] [    20715943] 1 | True  True 00 (  799,  737)   4   674  1316
[150] [    20728426] 1 | True  True 00 (  788,  718)   4   709   948
[151] [    20740925] 1 | True  True 00 (  779,  698)   4   702   880
[152] [    20753423] 1 | True  True 00 (  771,  676)   5   752  1072
[153] [    20765922] 1 | True  True 00 (  764,  653)   4   707  1168
[154] [    20778424] 1 | True  True 00 (  760,  631)   4   718  1028
[155] [    20790923] 1 | True  True 00 (  754,  610)   4   700   892
[156] [    20803422] 1 | True  True 00 (  750,  587)   5   804   988
[157] [    20815922] 1 | True  True 00 (  749,  565)   4   630   972
[158] [    20828422] 1 | True  True 00 (  750,  542)   4   625  1096
[159] [    20840922] 1 | True  True 00 (  752,  521)   4   770  1240
[160] [    20853421] 1 | True  True 00 (  755,  499)   4   690   944
[161] [    20865901] 1 | True  True 00 (  759,  475)   4   685  1016
[162] [    20878402] 1 | True  True 00 (  763,  454)   4   728  1356
[163] [    20890880] 1 | True  True 00 (  769,  432)   3   606  1588
[164] [    20903382] 1 | True  True 00 (  776,  413)   3   636  1588
[165] [    20915882] 1 | True  True 00 (  783,  394)   3   629  1444
[166] [    20928382] 1 | True  True 00 (  795,  377)   5   725  1072
[167] [    20940882] 1 | True  True 00 (  809,  359)   4   682   928
[168] [    20953361] 1 | True  True 00 (  825,  342)   4   695  1028
[169] [    20965859] 1 | True  True 00 (  842,  326)   4   687  1324
[170] [    20978357] 1 | True  True 00 (  858,  310)   4   673  1576
[171] [    20990863] 1 | True  True 00 (  874,  296)   5   703  1532
[172] [    21003339] 1 | True  True 00 (  893,  284)   4   670  1296
[173] [    21015838] 1 | True  True 00 (  915,  273)   4   663   932
[174] [    21028338] 1 | True  True 00 (  936,  264)   4   687  1132
[175] [    21040818] 1 | True  True 00 (  957,  256)   4   709  1304
[176] [    21053300] 1 | True  True 00 (  975,  250)   5   737  1304
[177] [       12041] 1 | True  True 00 (  998,  244)   4   703  1088
[178] [       24519] 1 | True  True 00 ( 1021,  240)   4   743   896
[179] [       37011] 1 | True  True 00 ( 1045,  238)   4   727  1088
[180] [       49511] 1 | True  True 00 ( 1066,  236)   4   739  1276
[181] [       61989] 1 | True  True 00 ( 1087,  236)   4   677  1308
[182] [       74493] 1 | True  True 00 ( 1109,  238)   4   705  1160
[183] [       86993] 1 | True  True 00 ( 1134,  240)   4   723  1072
[184] [       99473] 1 | True  True 00 ( 1157,  245)   4   736  1452
[185] [      111970] 1 | True  True 00 ( 1177,  251)   3   666  1680
[186] [      124466] 1 | True  True 00 ( 1195,  257)   5   732  1664
[187] [      136946] 1 | True  True 00 ( 1215,  266)   5   773  1344
[188] [      149426] 1 | True  True 00 ( 1236,  276)   4   746  1072
[189] [      161930] 1 | True  True 00 ( 1257,  288)   5   804  1024
[190] [      174406] 1 | True  True 00 ( 1275,  302)   4   748   980
[191] [      186905] 1 | True  True 00 ( 1291,  317)   5   825  1440
[192] [      199385] 1 | True  True 00 ( 1305,  333)   6   828  1716
[193] [      211885] 1 | True  True 00 ( 1318,  349)   5   740  1640
[194] [      224385] 1 | True  True 00 ( 1332,  366)   5   742  1396
[195] [      236885] 1 | True  True 00 ( 1344,  383)   5   733  1072
[196] [      249363] 1 | True  True 00 ( 1356,  404)   4   735   964
[197] [      261866] 1 | True  True 00 ( 1368,  424)   6   770   948
[198] [      274346] 1 | True  True 00 ( 1378,  447)   4   643  1024
[199] [      286843] 1 | True  True 00 ( 1384,  469)   4   743  1128
[200] [      299342] 1 | True  True 00 ( 1389,  490)   4   817  1040
[201] [      311844] 1 | True  True 00 ( 1394,  514)   4   718   916
[202] [      324339] 1 | True  True 00 ( 1398,  538)   4   707  1124
[203] [      336838] 1 | True  True 00 ( 1399,  560)   5   756  1140
[204] [      349342] 1 | True  True 00 ( 1397,  582)   5   802  1048
[205] [      361838] 1 | True  True 00 ( 1395,  605)   4   744   916
[206] [      374323] 1 | True  True 00 ( 1391,  627)   4   737  1092
[207] [      386823] 1 | True  True 00 ( 1384,  649)   3   646  1460
[208] [      399304] 1 | True  True 00 ( 1374,  669)   6   806  1608
[209] [      411799] 1 | True  True 00 ( 1363,  690)   4   713  1640
[210] [      424283] 1 | True  True 00 ( 1352,  710)   4   751  1372
[211] [      436758] 1 | True  True 00 ( 1341,  729)   4   755  1048
[212] [      449236] 1 | True  True 00 ( 1329,  748)   4   725  1044
[213] [      461738] 1 | True  True 00 ( 1317,  766)   4   754  1116
[214] [      474237] 1 | True  True 00 ( 1301,  782)   5   756  1424
[215] [      486738] 1 | True  True 00 ( 1282,  798)   5   756  1676
[216] [      499218] 1 | True  True 00 ( 1263,  813)   4   692  1588
[217] [      511695] 1 | True  True 00 ( 1245,  826)   4   733  1368
[218] [      524214] 1 | True  True 00 ( 1228,  837)   4   739  1072
[219] [      536711] 1 | True  True 00 ( 1210,  847)   4   730  1020
[220] [      549191] 1 | True  True 00 ( 1187,  856)   4   704  1212
[221] [      561691] 1 | True  True 00 ( 1164,  863)   4   753  1168
[222] [      574191] 1 | True  True 00 ( 1142,  869)   4   753   932
[223] [      586671] 1 | True  True 00 ( 1122,  874)   4   756   768
[224] [      599154] 1 | True  True 00 ( 1101,  877)   4   720   984
[225] [      611635] 1 | True  True 00 ( 1076,  880)   5   752  1140
[226] [      624128] 1 | True  True 00 ( 1053,  880)   4   730  1112
[227] [      636630] 1 | True  True 00 ( 1031,  879)   4   736   996
[228] [      649109] 1 | True  True 00 ( 1011,  876)   4   736   896
[229] [      661590] 1 | True  True 00 (  989,  871)   4   681  1160
[230] [      674067] 1 | True  True 00 (  966,  866)   4   671  1500
[231] [      686546] 1 | True  True 00 (  945,  859)   4   672  1572
[232] [      699029] 1 | True  True 00 (  926,  849)   4   650  1400
[233] [      711509] 1 | True  True 00 (  908,  838)   4   686  1216
[234] [      723980] 1 | True  True 00 (  890,  827)   4   687  1028
[235] [      736462] 1 | True  True 00 (  871,  814)   5   716  1040
[236] [      748939] 1 | True  True 00 (  851,  800)   5   692  1096
[237] [      761420] 1 | True  True 00 (  832,  783)   4   679  1412
[238] [      773925] 1 | True  True 00 (  817,  766)   3   592  1496
[239] [      786404] 1 | True  True 00 (  805,  749)   4   636  1440
[240] [      798903] 1 | True  True 00 (  795,  731)   4   685  1220
[241] [      811383] 1 | True  True 00 (  785,  711)   4   703   824
[242] [      823875] 1 | True  True 00 (  776,  691)   4   694   920
[243] [      836353] 1 | True  True 00 (  768,  669)   4   690  1072
[244] [      848833] 1 | True  True 00 (  762,  648)   3   574  1016
[245] [      861312] 1 | True  True 00 (  758,  628)   4   701  1028
[246] [      873792] 1 | True  True 00 (  754,  606)   5   758   876
[247] [      886275] 1 | True  True 00 (  750,  582)   5   829  1112
[248] [      898756] 1 | True  True 00 (  747,  558)   5   768  1128
[249] [      911249] 1 | True  True 00 (  749,  535)   4   648  1124
[250] [      923727] 1 | True  True 00 (  751,  513)   4   708  1000
[251] [      936189] 1 | True  True 00 (  753,  490)   4   683   756
[252] [      948669] 1 | True  True 00 (  759,  469)   4   738  1144
[253] [      961171] 1 | True  True 00 (  765,  446)   3   613  1444
[254] [      973646] 1 | True  True 00 (  772,  426)   4   681  1660
[255] [      986146] 1 | True  True 00 (  779,  406)   3   628  1500
[  0] [      998626] 1 | True  True 00 (  788,  388)   4   669  1300
[  1] [     1011126] 1 | True  True 00 (  800,  370)   4   693   984
[  2] [     1023604] 1 | True  True 00 (  816,  352)   4   702   956
[  3] [     1036086] 1 | True  True 00 (  832,  334)   4   683  1124
[  4] [     1048583] 1 | True  True 00 (  849,  318)   4   657  1448
[  5] [     1061060] 1 | True  True 00 (  865,  303)   4   669  1604
[  6] [     1073541] 1 | True  True 00 (  881,  290)   4   651  1448
[  7] [     1086005] 1 | True  True 00 (  901,  278)   4   672  1140
[  8] [     1098498] 1 | True  True 00 (  923,  268)   4   697  1048
[  9] [     1110957] 1 | True  True 00 (  944,  259)   4   706  1188
[ 10] [     1123434] 1 | True  True 00 (  964,  253)   4   699  1348
[ 11] [     1135915] 1 | True  True 00 (  984,  247)   5   698  1232
[ 12] [     1148393] 1 | True  True 00 ( 1007,  242)   4   712   988
[ 13] [     1160873] 1 | True  True 00 ( 1031,  239)   4   711   956
[ 14] [     1173351] 1 | True  True 00 ( 1053,  237)   4   724  1204
[ 15] [     1185833] 1 | True  True 00 ( 1074,  237)   4   732  1368
[ 16] [     1198311] 1 | True  True 00 ( 1095,  238)   5   738  1292
[ 17] [     1210810] 1 | True  True 00 ( 1119,  241)   4   725  1088
[ 18] [     1223290] 1 | True  True 00 ( 1142,  244)   4   727  1208
[ 19] [     1235767] 1 | True  True 00 ( 1164,  249)   4   714  1556
[ 20] [     1248247] 1 | True  True 00 ( 1184,  254)   4   705  1724
[ 21] [     1260729] 1 | True  True 00 ( 1203,  261)   5   774  1588
[ 22] [     1273201] 1 | True  True 00 ( 1224,  270)   3   659  1256
[ 23] [     1285686] 1 | True  True 00 ( 1246,  281)   4   755  1068
[ 24] [     1298186] 1 | True  True 00 ( 1266,  293)   4   762  1036
[ 25] [     1310661] 1 | True  True 00 ( 1283,  307)   4   737  1180
[ 26] [     1323144] 1 | True  True 00 ( 1298,  323)   5   819  1596
[ 27] [     1335627] 1 | True  True 00 ( 1310,  338)   4   704  1732
[ 28] [     1348120] 1 | True  True 00 ( 1323,  354)   5   701  1548
[ 29] [     1360579] 1 | True  True 00 ( 1334,  373)   5   799  1256
[ 30] [     1373063] 1 | True  True 00 ( 1346,  393)   4   732  1008
[ 31] [     1385535] 1 | True  True 00 ( 1358,  414)   5   830  1144
[ 32] [     1398019] 1 | True  True 00 ( 1370,  434)   4   707  1096
[ 33] [     1410500] 1 | True  True 00 ( 1381,  455)   4   782  1356
[ 34] [     1422971] 1 | True  True 00 ( 1388,  478)   4   669   924
[ 35] [     1435453] 1 | True  True 00 ( 1393,  499)   4   784   904
[ 36] [     1447950] 1 | True  True 00 ( 1396,  519)   4   758   976
[ 37] [     1460429] 1 | True  True 00 ( 1398,  540)   6   864  1288
[ 38] [     1472909] 1 | True  True 00 ( 1398,  562)   4   712  1152
[ 39] [     1485373] 1 | True  True 00 ( 1397,  586)   4   721   988
[ 40] [     1497865] 1 | True  True 00 ( 1394,  610)   4   741   960
[ 41] [     1510330] 1 | True  True 00 ( 1388,  633)   4   726  1240
[ 42] [     1522827] 1 | True  True 00 ( 1380,  655)   4   694  1504
[ 43] [     1535304] 1 | True  True 00 ( 1369,  676)   5   740  1652
[ 44] [     1547765] 1 | True  True 00 ( 1358,  697)   4   711  1548
[ 45] [     1560243] 1 | True  True 00 ( 1347,  717)   4   744  1240
[ 46] [     1572721] 1 | True  True 00 ( 1336,  737)   4   758  1072
[ 47] [     1585183] 1 | True  True 00 ( 1324,  756)   4   757  1116
[ 48] [     1597682] 1 | True  True 00 ( 1312,  773)   4   738  1188
[ 49] [     1610162] 1 | True  True 00 ( 1296,  788)   5   767  1500
[ 50] [     1622617] 1 | True  True 00 ( 1275,  803)   5   737  1676
[ 51] [     1635097] 1 | True  True 00 ( 1257,  817)   4   717  1556
[ 52] [     1647577] 1 | True  True 00 ( 1240,  829)   4   735  1292
[ 53] [     1660074] 1 | True  True 00 ( 1222,  840)   4   749   932
[ 54] [     1672551] 1 | True  True 00 ( 1202,  850)   5   771  1108
[ 55] [     1685019] 1 | True  True 00 ( 1178,  859)   4   728  1256
[ 56] [     1697514] 1 | True  True 00 ( 1155,  866)   4   768  1092
[ 57] [     1709971] 1 | True  True 00 ( 1134,  871)   4   749   860
[ 58] [     1722452] 1 | True  True 00 ( 1113,  875)   4   725   824
[ 59] [     1734929] 1 | True  True 00 ( 1091,  878)   4   689  1064
[ 60] [     1747409] 1 | True  True 00 ( 1066,  879)   4   734  1184
[ 61] [     1759885] 1 | True  True 00 ( 1045,  879)   4   715  1068
[ 62] [     1772365] 1 | True  True 00 ( 1024,  877)   4   729   940
[ 63] [     1784844] 1 | True  True 00 ( 1003,  874)   4   710   960
[ 64] [     1797326] 1 | True  True 00 (  982,  869)   4   668  1272
[ 65] [     1809823] 1 | True  True 00 (  960,  863)   4   684  1584
[ 66] [     1822319] 1 | True  True 00 (  939,  855)   3   610  1556
[ 67] [     1834799] 1 | True  True 00 (  921,  846)   4   646  1372
[ 68] [     1847299] 1 | True  True 00 (  903,  835)   4   678  1088
[ 69] [     1859779] 1 | True  True 00 (  884,  824)   4   682  1096
[ 70] [     1872263] 1 | True  True 00 (  865,  810)   5   688  1016
[ 71] [     1884744] 1 | True  True 00 (  846,  794)   4   665  1236
[ 72] [     1897238] 1 | True  True 00 (  828,  777)   4   666  1496
[ 73] [     1909718] 1 | True  True 00 (  814,  759)   4   623  1484
[ 74] [     1922214] 1 | True  True 00 (  802,  742)   4   670  1412
[ 75] [     1934695] 1 | True  True 00 (  791,  724)   4   688  1056
[ 76] [     1947173] 1 | True  True 00 (  781,  704)   5   744   780
[ 77] [     1959652] 1 | True  True 00 (  773,  682)   4   698  1056
[ 78] [     1972159] 1 | True  True 00 (  767,  660)   5   721  1140
[ 79] [     1984635] 1 | True  True 00 (  760,  637)   5   806  1072
[ 80] [     1997134] 1 | True  True 00 (  755,  618)   5   650   848
[ 81] [     2009633] 1 | True  True 00 (  751,  596)   4   702   860
[ 82] [     2022091] 1 | True  True 00 (  750,  573)   4   675   972
[ 83] [     2034592] 1 | True  True 00 (  751,  550)   4   601  1012
[ 84] [     2047073] 1 | True  True 00 (  752,  528)   5   798  1224
[ 85] [     2059550] 1 | True  True 00 (  754,  506)   4   669   900
[ 86] [     2072049] 1 | True  True 00 (  757,  483)   4   684   900
[ 87] [     2084529] 1 | True  True 00 (  763,  459)   4   671  1228
[ 88] [     2097013] 1 | True  True 00 (  769,  437)   4   648  1528
[ 89] [     2109488] 1 | True  True 00 (  776,  417)   4   688  1660
[ 90] [     2121987] 1 | True  True 00 (  783,  399)   4   695  1460
[ 91] [     2134488] 1 | True  True 00 (  793,  381)   5   734  1188
[ 92] [     2146966] 1 | True  True 00 (  807,  364)   4   693   956
[ 93] [     2159446] 1 | True  True 00 (  822,  346)   4   691   900
[ 94] [     2171944] 1 | True  True 00 (  838,  329)   4   676  1224
[ 95] [     2184423] 1 | True  True 00 (  855,  314)   3   586  1448
[ 96] [     2196923] 1 | True  True 00 (  871,  299)   5   692  1604
[ 97] [     2209422] 1 | True  True 00 (  890,  285)   4   676  1392
[ 98] [     2221921] 1 | True  True 00 (  910,  275)   4   672  1040
[ 99] [     2234400] 1 | True  True 00 (  931,  266)   4   715  1120
[100] [     2246903] 1 | True  True 00 (  951,  258)   4   706  1248
[101] [     2259379] 1 | True  True 00 (  970,  251)   4   711  1392
[102] [     2271860] 1 | True  True 00 (  991,  246)   4   666  1148
[103] [     2284359] 1 | True  True 00 ( 1014,  241)   4   713   904
[104] [     2296839] 1 | True  True 00 ( 1037,  238)   4   707   968
[105] [     2309319] 1 | True  True 00 ( 1059,  237)   4   717  1220
[106] [     2321817] 1 | True  True 00 ( 1080,  237)   5   753  1352
[107] [     2334297] 1 | True  True 00 ( 1102,  238)   5   755  1204
[108] [     2346796] 1 | True  True 00 ( 1126,  240)   4   712  1000
[109] [     2359275] 1 | True  True 00 ( 1151,  245)   4   710  1360
[110] [     2371772] 1 | True  True 00 ( 1172,  249)   4   715  1620
[111] [     2384276] 1 | True  True 00 ( 1192,  255)   5   777  1756
[112] [     2396773] 1 | True  True 00 ( 1212,  263)   5   740  1436
[113] [     2409276] 1 | True  True 00 ( 1233,  273)   5   780  1120
[114] [     2421772] 1 | True  True 00 ( 1254,  284)   4   747  1036
[115] [     2434255] 1 | True  True 00 ( 1272,  298)   5   831   980
[116] [     2446756] 1 | True  True 00 ( 1288,  313)   4   776  1380
[117] [     2459236] 1 | True  True 00 ( 1302,  329)   4   721  1624
[118] [     2471729] 1 | True  True 00 ( 1315,  344)   4   686  1672
[119] [     2484228] 1 | True  True 00 ( 1328,  363)   4   775  1472
[120] [     2496712] 1 | True  True 00 ( 1340,  383)   6   830  1120
[121] [     2509212] 1 | True  True 00 ( 1352,  401)   4   664   860
[122] [     2521691] 1 | True  True 00 ( 1362,  420)   5   752  1084
[123] [     2534189] 1 | True  True 00 ( 1373,  441)   5   827  1328
[124] [     2546667] 1 | True  True 00 ( 1383,  464)   4   671  1124
[125] [     2559146] 1 | True  True 00 ( 1389,  486)   4   735   876
[126] [     2571629] 1 | True  True 00 ( 1391,  508)   5   820   844
[127] [     2584128] 1 | True  True 00 ( 1394,  535)   4   660  1080
[128] [     2596628] 1 | True  True 00 ( 1395,  556)   4   738  1196
[129] [     2609128] 1 | True  True 00 ( 1395,  577)   6   843  1064
[130] [     2621611] 1 | True  True 00 ( 1394,  599)   4   754   960
[131] [     2634104] 1 | True  True 00 ( 1390,  621)   4   726  1076
[132] [     2646604] 1 | True  True 00 ( 1385,  644)   5   737  1312
[133] [     2659104] 1 | True  True 00 ( 1375,  665)   5   732  1548
[134] [     2671603] 1 | True  True 00 ( 1364,  686)   3   607  1592
[135] [     2684103] 1 | True  True 00 ( 1353,  706)   4   740  1448
[136] [     2696582] 1 | True  True 00 ( 1342,  726)   4   747  1076
[137] [     2709084] 1 | True  True 00 ( 1331,  744)   4   769  1088
[138] [     2721584] 1 | True  True 00 ( 1319,  762)   4   746  1088
[139] [     2734064] 1 | True  True 00 ( 1306,  779)   3   651  1292
[140] [     2746561] 1 | True  True 00 ( 1289,  794)   5   746  1556
[141] [     2759078] 1 | True  True 00 ( 1271,  809)   4   704  1732
[142] [     2771561] 1 | True  True 00 ( 1252,  822)   4   736  1468
[143] [     2784058] 1 | True  True 00 ( 1234,  833)   4   754  1176
[144] [     2796557] 1 | True  True 00 ( 1215,  844)   4   727   992
[145] [     2809044] 1 | True  True 00 ( 1193,  854)   5   746  1152
[146] [     2821556] 1 | True  True 00 ( 1170,  862)   4   738  1212
[147] [     2834044] 1 | True  True 00 ( 1148,  868)   4   737   972
[148] [     2846556] 1 | True  True 00 ( 1127,  874)   4   763   828
[149] [     2859044] 1 | True  True 00 ( 1106,  877)   4   731   936
[150] [     2871516] 1 | True  True 00 ( 1082,  879)   6   783  1092
[151] [     2883998] 1 | True  True 00 ( 1058,  880)   4   730  1124
[152] [     2896498] 1 | True  True 00 ( 1037,  879)   4   726  1040
[153] [     2908978] 1 | True  True 00 ( 1016,  877)   4   714   868
[154] [     2921478] 1 | True  True 00 (  995,  873)   4   717  1088
[155] [     2933956] 1 | True  True 00 (  973,  867)   4   661  1388
[156] [     2946436] 1 | True  True 00 (  950,  860)   4   676  1544
[157] [     2958913] 1 | True  True 00 (  930,  852)   4   655  1456
[158] [     2971413] 1 | True  True 00 (  912,  842)   4   676  1272
[159] [     2983912] 1 | True  True 00 (  894,  830)   4   684   988
[160] [     2996391] 1 | True  True 00 (  876,  818)   4   665  1056
[161] [     3008889] 1 | True  True 00 (  857,  803)   6   772  1072
[162] [     3021373] 1 | True  True 00 (  838,  787)   3   604  1344
[163] [     3033874] 1 | True  True 00 (  822,  769)   3   599  1524
[164] [     3046374] 1 | True  True 00 (  810,  751)   3   598  1508
[165] [     3058854] 1 | True  True 00 (  798,  735)   4   681  1292
[166] [     3071346] 1 | True  True 00 (  787,  717)   4   712   960
[167] [     3083823] 1 | True  True 00 (  778,  696)   4   687   892
[168] [     3096324] 1 | True  True 00 (  770,  675)   4   699  1096
[169] [     3108809] 1 | True  True 00 (  764,  651)   6   804  1096
[170] [     3121306] 1 | True  True 00 (  759,  628)   4   733  1000
[171] [     3133783] 1 | True  True 00 (  754,  605)   5   799   836
[172] [     3146264] 1 | True  True 00 (  750,  584)   4   666   872
[173] [     3158762] 1 | True  True 00 (  749,  561)   4   701  1128
[174] [     3171266] 1 | True  True 00 (  748,  539)   5   777  1180
[175] [     3183742] 1 | True  True 00 (  748,  518)   4   693  1000
[176] [     3196241] 1 | True  True 00 (  750,  496)   4   715   788
[177] [     3208704] 1 | True  True 00 (  754,  476)   4   788  1100
[178] [     3221200] 1 | True  True 00 (  759,  455)   4   719  1416
[179] [     3233680] 1 | True  True 00 (  767,  436)   5   742  1600
[180] [     3246158] 1 | True  True 00 (  775,  416)   4   712  1616
[181] [     3258657] 1 | True  True 00 (  785,  396)   4   673  1344
[182] [     3271137] 1 | True  True 00 (  797,  377)   4   672  1000
[183] [     3283621] 1 | True  True 00 (  812,  358)   4   717   956
[184] [     3296121] 1 | True  True 00 (  828,  340)   4   716  1068
[185] [     3308600] 1 | True  True 00 (  845,  324)   4   661  1324
[186] [     3321093] 1 | True  True 00 (  861,  308)   4   659  1548
[187] [     3333592] 1 | True  True 00 (  877,  294)   4   651  1560
[188] [     3346076] 1 | True  True 00 (  896,  281)   3   617  1252
[189] [     3358569] 1 | True  True 00 (  917,  271)   4   674   976
[190] [     3371031] 1 | True  True 00 (  938,  262)   4   708  1188
[191] [     3383511] 1 | True  True 00 (  959,  255)   4   705  1332
[192] [     3396017] 1 | True  True 00 (  979,  249)   4   650  1292
[193] [     3408496] 1 | True  True 00 ( 1001,  244)   4   692  1060
[194] [     3420997] 1 | True  True 00 ( 1025,  241)   4   707   868
[195] [     3433491] 1 | True  True 00 ( 1047,  238)   4   742  1116
[196] [     3445970] 1 | True  True 00 ( 1068,  237)   4   735  1368
[197] [     3458471] 1 | True  True 00 ( 1089,  238)   4   691  1336
[198] [     3470949] 1 | True  True 00 ( 1112,  240)   4   694  1100
[199] [     3483449] 1 | True  True 00 ( 1137,  243)   4   717  1136
[200] [     3495929] 1 | True  True 00 ( 1160,  247)   4   744  1480
[201] [     3508427] 1 | True  True 00 ( 1180,  252)   3   647  1692
[202] [     3520922] 1 | True  True 00 ( 1199,  259)   5   758  1632
[203] [     3533407] 1 | True  True 00 ( 1221,  268)   4   713  1256
[204] [     3545907] 1 | True  True 00 ( 1242,  278)   4   740  1060
[205] [     3558388] 1 | True  True 00 ( 1261,  291)   4   755   992
[206] [     3570864] 1 | True  True 00 ( 1278,  304)   4   779  1088
[207] [     3583347] 1 | True  True 00 ( 1294,  320)   4   766  1564
[208] [     3595840] 1 | True  True 00 ( 1309,  335)   5   762  1700
[209] [     3608318] 1 | True  True 00 ( 1322,  351)   5   720  1596
[210] [     3620802] 1 | True  True 00 ( 1335,  370)   5   801  1364
[211] [     3633260] 1 | True  True 00 ( 1347,  389)   4   743  1072
[212] [     3645736] 1 | True  True 00 ( 1359,  409)   5   769  1008
[213] [     3658215] 1 | True  True 00 ( 1368,  429)   5   712   948
[214] [     3670715] 1 | True  True 00 ( 1376,  450)   5   724  1052
[215] [     3683194] 1 | True  True 00 ( 1381,  471)   5   835  1096
[216] [     3695676] 1 | True  True 00 ( 1387,  494)   4   725   792
[217] [     3708174] 1 | True  True 00 ( 1392,  520)   4   692   948
[218] [     3720674] 1 | True  True 00 ( 1395,  544)   3   649  1196
[219] [     3733171] 1 | True  True 00 ( 1397,  567)   3   653  1212
[220] [     3745649] 1 | True  True 00 ( 1396,  588)   4   728  1048
[221] [     3758149] 1 | True  True 00 ( 1394,  609)   5   790   904
[222] [     3770649] 1 | True  True 00 ( 1390,  631)   4   719  1152
[223] [     3783149] 1 | True  True 00 ( 1382,  652)   4   695  1492
[224] [     3795629] 1 | True  True 00 ( 1371,  673)   5   736  1652
[225] [     3808132] 1 | True  True 00 ( 1360,  693)   4   723  1640
[226] [     3820629] 1 | True  True 00 ( 1349,  713)   4   740  1328
[227] [     3833132] 1 | True  True 00 ( 1338,  731)   4   762  1000
[228] [     3845634] 1 | True  True 00 ( 1327,  750)   4   750  1116
[229] [     3858131] 1 | True  True 00 ( 1315,  768)   4   735  1088
[230] [     3870634] 1 | True  True 00 ( 1301,  784)   5   749  1396
[231] [     3883129] 1 | True  True 00 ( 1282,  800)   5   764  1660
[232] [     3895633] 1 | True  True 00 ( 1263,  814)   4   703  1616
[233] [     3908128] 1 | True  True 00 ( 1245,  826)   4   725  1336
[234] [     3920632] 1 | True  True 00 ( 1227,  838)   4   752  1012
[235] [     3933128] 1 | True  True 00 ( 1208,  848)   4   730  1036
[236] [     3945632] 1 | True  True 00 ( 1184,  858)   5   762  1212
[237] [     3958128] 1 | True  True 00 ( 1161,  865)   4   751  1124
[238] [     3970612] 1 | True  True 00 ( 1139,  871)   4   745   904
[239] [     3983107] 1 | True  True 00 ( 1119,  875)   4   744   780
[240] [     3995606] 1 | True  True 00 ( 1098,  878)   4   705   996
[241] [     4008093] 1 | True  True 00 ( 1073,  879)   4   710  1156
[242] [     4020587] 1 | True  True 00 ( 1050,  879)   4   739  1124
[243] [     4033088] 1 | True  True 00 ( 1028,  878)   4   775  1056
[244] [     4045588] 1 | True  True 00 ( 1008,  875)   4   713   904
[245] [     4058088] 1 | True  True 00 (  986,  870)   4   645  1116
[246] [     4070588] 1 | True  True 00 (  963,  865)   4   657  1500
[247] [     4083066] 1 | True  True 00 (  942,  857)   3   621  1572
[248] [     4095566] 1 | True  True 00 (  923,  848)   3   592  1428
[249] [     4108066] 1 | True  True 00 (  906,  838)   4   664  1172
[250] [     4120566] 1 | True  True 00 (  888,  826)   4   683  1056
[251] [     4133066] 1 | True  True 00 (  869,  813)   4   646  1068
[252] [     4145566] 1 | True  True 00 (  849,  797)   4   644  1208
[253] [     4158069] 1 | True  True 00 (  831,  780)   3   603  1400
[254] [     4170563] 1 | True  True 00 (  816,  762)   3   612  1580
[255] [     4183064] 1 | True  True 00 (  804,  744)   4   670  1428
[  0] [     4195538] 1 | True  True 00 (  792,  726)   4   699  1112
[  1] [     4208022] 1 | True  True 00 (  782,  707)   4   678   740
[  2] [     4220523] 1 | True  True 00 (  774,  686)   4   695   988
[  3] [     4233002] 1 | True  True 00 (  766,  663)   4   677  1084
[  4] [     4245519] 1 | True  True 00 (  760,  642)   3   617  1044
[  5] [     4257999] 1 | True  True 00 (  756,  619)   5   792   932
[  6] [     4270505] 1 | True  True 00 (  751,  596)   4   740   944
[  7] [     4283005] 1 | True  True 00 (  749,  574)   4   707  1016
[  8] [     4295504] 1 | True  True 00 (  749,  552)   4   593   956
[  9] [     4308023] 1 | True  True 00 (  750,  532)   4   695  1124
[ 10] [     4320523] 1 | True  True 00 (  752,  510)   4   651   844
[ 11] [     4333023] 1 | True  True 00 (  754,  486)   4   689   816
[ 12] [     4345522] 1 | True  True 00 (  758,  462)   4   654  1188
[ 13] [     4358022] 1 | True  True 00 (  764,  443)   5   813  1560
[ 14] [     4370502] 1 | True  True 00 (  771,  423)   3   643  1660
[ 15] [     4382997] 1 | True  True 00 (  779,  404)   3   650  1560
[ 16] [     4395502] 1 | True  True 00 (  789,  386)   4   681  1228
[ 17] [     4408017] 1 | True  True 00 (  802,  368)   4   692  1000
[ 18] [     4420517] 1 | True  True 00 (  818,  350)   4   703   916
[ 19] [     4433017] 1 | True  True 00 (  834,  333)   4   690  1168
[ 20] [     4445497] 1 | True  True 00 (  850,  317)   3   608  1436
[ 21] [     4457983] 1 | True  True 00 (  866,  302)   4   648  1588
[ 22] [     4470478] 1 | True  True 00 (  883,  289)   4   655  1492
[ 23] [     4482978] 1 | True  True 00 (  904,  277)   4   684  1112
[ 24] [     4495478] 1 | True  True 00 (  926,  268)   4   686  1088
[ 25] [     4507957] 1 | True  True 00 (  948,  260)   4   724  1292
[ 26] [     4520457] 1 | True  True 00 (  968,  253)   4   681  1332
[ 27] [     4532959] 1 | True  True 00 (  989,  247)   3   613  1204
[ 28] [     4545450] 1 | True  True 00 ( 1012,  243)   4   701   932
[ 29] [     4557957] 1 | True  True 00 ( 1035,  240)   4   716  1000
[ 30] [     4570456] 1 | True  True 00 ( 1057,  238)   4   728  1248
[ 31] [     4582956] 1 | True  True 00 ( 1077,  238)   4   696  1368
[ 32] [     4595455] 1 | True  True 00 ( 1099,  238)   4   690  1248
[ 33] [     4607934] 1 | True  True 00 ( 1124,  241)   4   718  1028
[ 34] [     4620434] 1 | True  True 00 ( 1148,  244)   4   716  1284
[ 35] [     4632934] 1 | True  True 00 ( 1170,  249)   4   714  1604
[ 36] [     4645434] 1 | True  True 00 ( 1189,  255)   5   747  1708
[ 37] [     4657933] 1 | True  True 00 ( 1208,  262)   5   728  1496
[ 38] [     4670434] 1 | True  True 00 ( 1229,  272)   4   734  1224
[ 39] [     4682955] 1 | True  True 00 ( 1250,  282)   4   738  1036
[ 40] [     4695454] 1 | True  True 00 ( 1269,  295)   4   759   992
[ 41] [     4707954] 1 | True  True 00 ( 1286,  310)   5   805  1304
[ 42] [     4720433] 1 | True  True 00 ( 1300,  327)   6   866  1640
[ 43] [     4732933] 1 | True  True 00 ( 1313,  346)   6   853  1688
[ 44] [     4745433] 1 | True  True 00 ( 1326,  365)   5   779  1548
[ 45] [     4757913] 1 | True  True 00 ( 1339,  384)   5   818  1256
[ 46] [     4770390] 1 | True  True 00 ( 1352,  402)   5   760   920
[ 47] [     4782889] 1 | True  True 00 ( 1364,  420)   5   738   980
[ 48] [     4795369] 1 | True  True 00 ( 1374,  440)   5   798  1216
[ 49] [     4807852] 1 | True  True 00 ( 1381,  461)   5   765  1112
[ 50] [     4820352] 1 | True  True 00 ( 1387,  481)   4   783  1052
[ 51] [     4832830] 1 | True  True 00 ( 1390,  503)   4   759   860
[ 52] [     4845322] 1 | True  True 00 ( 1394,  528)   4   689  1036
[ 53] [     4857823] 1 | True  True 00 ( 1396,  550)   5   765  1212
[ 54] [     4870344] 1 | True  True 00 ( 1396,  571)   6   833  1096
[ 55] [     4882844] 1 | True  True 00 ( 1395,  593)   5   798   976
[ 56] [     4895324] 1 | True  True 00 ( 1392,  616)   4   704   960
[ 57] [     4907824] 1 | True  True 00 ( 1386,  639)   5   745  1284
[ 58] [     4920324] 1 | True  True 00 ( 1378,  659)   5   779  1564
[ 59] [     4932824] 1 | True  True 00 ( 1368,  681)   4   702  1684
[ 60] [     4945283] 1 | True  True 00 ( 1357,  702)   4   722  1492
[ 61] [     4957780] 1 | True  True 00 ( 1346,  722)   4   765  1180
[ 62] [     4970259] 1 | True  True 00 ( 1335,  741)   4   755  1088
[ 63] [     4982739] 1 | True  True 00 ( 1323,  760)   4   746  1116
[ 64] [     4995222] 1 | True  True 00 ( 1310,  777)   5   768  1204
[ 65] [     5007703] 1 | True  True 00 ( 1293,  792)   5   756  1572
[ 66] [     5020195] 1 | True  True 00 ( 1274,  807)   4   669  1676
[ 67] [     5032694] 1 | True  True 00 ( 1256,  820)   4   715  1484
[ 68] [     5045179] 1 | True  True 00 ( 1237,  832)   4   739  1176
[ 69] [     5057673] 1 | True  True 00 ( 1219,  843)   4   730   932
[ 70] [     5070155] 1 | True  True 00 ( 1198,  853)   4   704  1152
[ 71] [     5082652] 1 | True  True 00 ( 1174,  861)   4   745  1224
[ 72] [     5095152] 1 | True  True 00 ( 1152,  868)   4   755  1052
[ 73] [     5107653] 1 | True  True 00 ( 1130,  873)   4   733   784
[ 74] [     5120135] 1 | True  True 00 ( 1109,  877)   4   718   896
[ 75] [     5132656] 1 | True  True 00 ( 1086,  879)   6   798  1108
[ 76] [     5145152] 1 | True  True 00 ( 1063,  880)   4   717  1156
[ 77] [     5157657] 1 | True  True 00 ( 1041,  879)   4   743  1068
[ 78] [     5170136] 1 | True  True 00 ( 1019,  877)   4   728   896
[ 79] [     5182636] 1 | True  True 00 (  998,  873)   4   704  1020
[ 80] [     5195135] 1 | True  True 00 (  976,  869)   4   678  1344
[ 81] [     5207635] 1 | True  True 00 (  953,  862)   3   625  1572
[ 82] [     5220115] 1 | True  True 00 (  933,  854)   3   598  1484
[ 83] [     5232611] 1 | True  True 00 (  915,  843)   4   653  1260
[ 84] [     5245114] 1 | True  True 00 (  898,  832)   4   689  1048
[ 85] [     5257610] 1 | True  True 00 (  880,  820)   4   671  1068
[ 86] [     5270113] 1 | True  True 00 (  861,  806)   6   757  1040
[ 87] [     5282589] 1 | True  True 00 (  842,  790)   4   654  1276
[ 88] [     5295089] 1 | True  True 00 (  825,  773)   3   610  1484
[ 89] [     5307589] 1 | True  True 00 (  811,  755)   3   578  1508
[ 90] [     5320069] 1 | True  True 00 (  799,  738)   4   663  1292
[ 91] [     5332569] 1 | True  True 00 (  789,  720)   4   688   988
[ 92] [     5345047] 1 | True  True 00 (  780,  699)   4   680   852
[ 93] [     5357530] 1 | True  True 00 (  771,  678)   4   668   988
[ 94] [     5370027] 1 | True  True 00 (  765,  657)   3   581  1072
[ 95] [     5382524] 1 | True  True 00 (  759,  634)   4   733  1028
[ 96] [     5395011] 1 | True  True 00 (  754,  611)   4   722   876
[ 97] [     5407502] 1 | True  True 00 (  750,  590)   4   650   832
[ 98] [     5419989] 1 | True  True 00 (  747,  567)   5   766  1168
[ 99] [     5432488] 1 | True  True 00 (  746,  545)   5   787  1224
[100] [     5444970] 1 | True  True 00 (  748,  524)   5   822  1252
[101] [     5457449] 1 | True  True 00 (  751,  501)   4   654   772
[102] [     5469925] 1 | True  True 00 (  754,  479)   4   744   972
[103] [     5482419] 1 | True  True 00 (  760,  456)   4   689  1344
[104] [     5494898] 1 | True  True 00 (  767,  437)   5   743  1588
[105] [     5507403] 1 | True  True 00 (  774,  417)   3   646  1628
[106] [     5519880] 1 | True  True 00 (  783,  398)   4   692  1416
[107] [     5532379] 1 | True  True 00 (  795,  379)   4   691  1088
[108] [     5544859] 1 | True  True 00 (  810,  361)   4   707   944
[109] [     5557356] 1 | True  True 00 (  826,  343)   4   723  1028
[110] [     5569840] 1 | True  True 00 (  842,  326)   4   673  1308
[111] [     5582321] 1 | True  True 00 (  858,  310)   4   647  1520
[112] [     5594813] 1 | True  True 00 (  875,  296)   5   664  1532
[113] [     5607312] 1 | True  True 00 (  893,  284)   4   660  1324
[114] [     5619797] 1 | True  True 00 (  914,  274)   4   673  1000
[115] [     5632290] 1 | True  True 00 (  934,  265)   4   701  1120
[116] [     5644772] 1 | True  True 00 (  956,  257)   4   703  1320
[117] [     5657270] 1 | True  True 00 (  975,  250)   5   726  1304
[118] [     5669769] 1 | True  True 00 (  997,  245)   4   674  1120
[119] [     5682249] 1 | True  True 00 ( 1021,  241)   4   732   880
[120] [     5694749] 1 | True  True 00 ( 1045,  239)   4   701  1100
[121] [     5707249] 1 | True  True 00 ( 1066,  237)   4   732  1276
[122] [     5719729] 1 | True  True 00 ( 1086,  237)   4   696  1324
[123] [     5732212] 1 | True  True 00 ( 1109,  239)   5   774  1176
[124] [     5744694] 1 | True  True 00 ( 1133,  242)   4   735  1164
[125] [     5757186] 1 | True  True 00 ( 1156,  247)   4   706  1392
[126] [     5769668] 1 | True  True 00 ( 1177,  252)   3   666  1724
[127] [     5782144] 1 | True  True 00 ( 1196,  258)   5   773  1692
[128] [     5794629] 1 | True  True 00 ( 1217,  267)   5   774  1392
[129] [     5807124] 1 | True  True 00 ( 1238,  277)   4   712  1012
[130] [     5819604] 1 | True  True 00 ( 1258,  288)   4   748  1008
[131] [     5832087] 1 | True  True 00 ( 1276,  303)   4   760  1072
[132] [     5844588] 1 | True  True 00 ( 1292,  318)   4   766  1472
[133] [     5857068] 1 | True  True 00 ( 1306,  333)   4   730  1716
[134] [     5869538] 1 | True  True 00 ( 1320,  349)   5   757  1640
[135] [     5882023] 1 | True  True 00 ( 1333,  366)   4   711  1424
[136] [     5894500] 1 | True  True 00 ( 1345,  385)   6   853  1136
[137] [     5907000] 1 | True  True 00 ( 1358,  405)   4   709   888
[138] [     5919499] 1 | True  True 00 ( 1369,  425)   4   658   964
[139] [     5931979] 1 | True  True 00 ( 1377,  446)   5   772  1188
[140] [     5944455] 1 | True  True 00 ( 1385,  468)   4   713  1112
[141] [     5956943] 1 | True  True 00 ( 1388,  490)   5   773   888
[142] [     5969436] 1 | True  True 00 ( 1390,  514)   5   738   916
[143] [     5981894] 1 | True  True 00 ( 1393,  536)   4   766  1152
[144] [     5994351] 1 | True  True 00 ( 1394,  557)   4   719  1152
[145] [     6006836] 1 | True  True 00 ( 1395,  579)   5   779  1004
[146] [     6019316] 1 | True  True 00 ( 1393,  602)   4   744   960
[147] [     6031809] 1 | True  True 00 ( 1390,  624)   5   774  1060
[148] [     6044288] 1 | True  True 00 ( 1383,  646)   4   701  1432
[149] [     6056771] 1 | True  True 00 ( 1374,  668)   5   749  1624
[150] [     6069268] 1 | True  True 00 ( 1363,  690)   3   657  1640
[151] [     6081746] 1 | True  True 00 ( 1352,  710)   4   746  1356
[152] [     6094208] 1 | True  True 00 ( 1341,  729)   4   740  1004
[153] [     6106685] 1 | True  True 00 ( 1329,  748)   4   735  1072
[154] [     6119166] 1 | True  True 00 ( 1317,  766)   4   728  1056
[155] [     6131645] 1 | True  True 00 ( 1303,  783)   5   757  1380
[156] [     6144141] 1 | True  True 00 ( 1284,  798)   5   713  1572
[157] [     6156619] 1 | True  True 00 ( 1265,  812)   4   694  1632
[158] [     6169120] 1 | True  True 00 ( 1247,  824)   4   714  1380
[159] [     6181600] 1 | True  True 00 ( 1229,  835)   4   724  1056
[160] [     6194084] 1 | True  True 00 ( 1210,  845)   4   730  1064
[161] [     6206598] 1 | True  True 00 ( 1187,  855)   6   809  1180
[162] [     6219101] 1 | True  True 00 ( 1164,  863)   4   741  1136
[163] [     6231577] 1 | True  True 00 ( 1143,  869)   4   743   948
[164] [     6244077] 1 | True  True 00 ( 1123,  874)   4   747   768
[165] [     6256556] 1 | True  True 00 ( 1101,  878)   4   720   980
[166] [     6269036] 1 | True  True 00 ( 1076,  880)   5   760  1140
[167] [     6281538] 1 | True  True 00 ( 1052,  880)   4   730  1140
[168] [     6294018] 1 | True  True 00 ( 1031,  879)   4   729   984
[169] [     6306515] 1 | True  True 00 ( 1011,  876)   4   722   884
[170] [     6318992] 1 | True  True 00 (  990,  871)   4   699  1172
[171] [     6331472] 1 | True  True 00 (  967,  866)   4   675  1428
[172] [     6343976] 1 | True  True 00 (  946,  858)   4   644  1556
[173] [     6356472] 1 | True  True 00 (  928,  849)   4   641  1472
[174] [     6368977] 1 | True  True 00 (  910,  839)   4   668  1188
[175] [     6381451] 1 | True  True 00 (  892,  827)   4   677  1016
[176] [     6393958] 1 | True  True 00 (  873,  814)   4   660  1056
[177] [     6406450] 1 | True  True 00 (  853,  799)   5   704  1112
[178] [     6418936] 1 | True  True 00 (  835,  782)   4   667  1428
[179] [     6431428] 1 | True  True 00 (  820,  765)   3   596  1508
[180] [     6443949] 1 | True  True 00 (  807,  748)   3   598  1456
[181] [     6456431] 1 | True  True 00 (  796,  731)   4   667  1192
[182] [     6468931] 1 | True  True 00 (  786,  713)   4   692   864
[183] [     6481410] 1 | True  True 00 (  777,  692)   4   688   932
[184] [     6493910] 1 | True  True 00 (  769,  670)   4   665  1096
[185] [     6506389] 1 | True  True 00 (  764,  647)   4   684  1072
[186] [     6518867] 1 | True  True 00 (  760,  623)   4   765  1000
[187] [     6531367] 1 | True  True 00 (  755,  603)   4   659   792
[188] [     6543846] 1 | True  True 00 (  752,  580)   5   808  1072
[189] [     6556323] 1 | True  True 00 (  751,  557)   4   725  1168
[190] [     6568802] 1 | True  True 00 (  750,  535)   3   669  1184
[191] [     6581281] 1 | True  True 00 (  753,  514)   4   702  1068
[192] [     6593784] 1 | True  True 00 (  754,  493)   4   726   772
[193] [     6606244] 1 | True  True 00 (  758,  470)   4   697  1116
[194] [     6618724] 1 | True  True 00 (  764,  450)   4   743  1500
[195] [     6631222] 1 | True  True 00 (  771,  429)   3   618  1588
[196] [     6643718] 1 | True  True 00 (  778,  409)   3   639  1544
[197] [     6656222] 1 | True  True 00 (  787,  390)   4   676  1328
[198] [     6668718] 1 | True  True 00 (  800,  371)   4   683  1000
[199] [     6681202] 1 | True  True 00 (  815,  352)   4   706   956
[200] [     6693702] 1 | True  True 00 (  831,  335)   4   687  1124
[201] [     6706202] 1 | True  True 00 (  848,  319)   4   668  1408
[202] [     6718682] 1 | True  True 00 (  864,  305)   4   673  1620
[203] [     6731174] 1 | True  True 00 (  879,  292)   4   644  1520
[204] [     6743674] 1 | True  True 00 (  899,  280)   3   613  1180
[205] [     6756153] 1 | True  True 00 (  921,  270)   4   699  1016
[206] [     6768652] 1 | True  True 00 (  942,  261)   4   697  1188
[207] [     6781134] 1 | True  True 00 (  964,  254)   4   688  1392
[208] [     6793630] 1 | True  True 00 (  984,  248)   3   601  1248
[209] [     6806110] 1 | True  True 00 ( 1007,  243)   4   678   960
[210] [     6818610] 1 | True  True 00 ( 1030,  239)   4   718   896
[211] [     6831109] 1 | True  True 00 ( 1053,  237)   4   716  1188
[212] [     6843590] 1 | True  True 00 ( 1074,  236)   4   710  1352
[213] [     6856093] 1 | True  True 00 ( 1096,  237)   5   735  1220
[214] [     6868590] 1 | True  True 00 ( 1119,  239)   4   703  1012
[215] [     6881072] 1 | True  True 00 ( 1143,  242)   4   728  1196
[216] [     6893570] 1 | True  True 00 ( 1164,  247)   4   736  1528
[217] [     6906070] 1 | True  True 00 ( 1183,  252)   3   648  1740
[218] [     6918549] 1 | True  True 00 ( 1203,  260)   5   746  1556
[219] [     6931051] 1 | True  True 00 ( 1224,  269)   5   781  1272
[220] [     6943529] 1 | True  True 00 ( 1245,  280)   4   755  1024
[221] [     6956029] 1 | True  True 00 ( 1265,  293)   4   763   992
[222] [     6968529] 1 | True  True 00 ( 1282,  308)   4   765  1212
[223] [     6981009] 1 | True  True 00 ( 1297,  323)   4   774  1596
[224] [     6993506] 1 | True  True 00 ( 1310,  338)   4   709  1748
[225] [     7005984] 1 | True  True 00 ( 1324,  353)   5   739  1580
[226] [     7018484] 1 | True  True 00 ( 1337,  372)   4   736  1304
[227] [     7030984] 1 | True  True 00 ( 1350,  392)   4   712   996
[228] [     7043464] 1 | True  True 00 ( 1363,  411)   4   719   920
[229] [     7055968] 1 | True  True 00 ( 1373,  433)   4   755  1276
[230] [     7068462] 1 | True  True 00 ( 1381,  455)   5   840  1300
[231] [     7080966] 1 | True  True 00 ( 1387,  478)   4   724   980
[232] [     7093462] 1 | True  True 00 ( 1391,  499)   4   769   876
[233] [     7105949] 1 | True  True 00 ( 1394,  522)   5   801  1036
[234] [     7118445] 1 | True  True 00 ( 1397,  546)   5   743  1196
[235] [     7130945] 1 | True  True 00 ( 1398,  569)   5   741  1108
[236] [     7143445] 1 | True  True 00 ( 1396,  591)   4   739  1032
[237] [     7155945] 1 | True  True 00 ( 1393,  613)   4   748   944
[238] [     7168446] 1 | True  True 00 ( 1388,  635)   5   768  1240
[239] [     7180925] 1 | True  True 00 ( 1380,  656)   4   679  1504
[240] [     7193437] 1 | True  True 00 ( 1370,  677)   5   716  1640
[241] [     7205924] 1 | True  True 00 ( 1359,  697)   4   718  1548
[242] [     7218437] 1 | True  True 00 ( 1348,  717)   4   744  1256
[243] [     7230923] 1 | True  True 00 ( 1336,  736)   4   744  1000
[244] [     7243415] 1 | True  True 00 ( 1325,  755)   4   732  1100
[245] [     7255900] 1 | True  True 00 ( 1312,  772)   4   724  1188
[246] [     7268380] 1 | True  True 00 ( 1296,  788)   5   746  1484
[247] [     7280877] 1 | True  True 00 ( 1276,  803)   5   733  1688
[248] [     7293375] 1 | True  True 00 ( 1258,  817)   4   722  1572
[249] [     7305873] 1 | True  True 00 ( 1240,  830)   4   743  1232
[250] [     7318373] 1 | True  True 00 ( 1221,  841)   4   731   904
[251] [     7330873] 1 | True  True 00 ( 1202,  850)   4   686  1052
[252] [     7343360] 1 | True  True 00 ( 1178,  859)   4   707  1196
[253] [     7355859] 1 | True  True 00 ( 1156,  867)   4   747  1080
[254] [     7368359] 1 | True  True 00 ( 1135,  872)   4   727   844
[255] [     7380858] 1 | True  True 00 ( 1115,  876)   4   736   864
[  0] [     7393358] 1 | True  True 00 ( 1092,  879)   5   746  1064
[  1] [     7405834] 1 | True  True 00 ( 1067,  881)   4   716  1124
[  2] [     7418337] 1 | True  True 00 ( 1045,  880)   4   734  1112
[  3] [     7430815] 1 | True  True 00 ( 1024,  878)   4   750   984
[  4] [     7443294] 1 | True  True 00 ( 1003,  875)   4   709   988
[  5] [     7455793] 1 | True  True 00 (  980,  869)   4   672  1316
[  6] [     7468272] 1 | True  True 00 (  956,  863)   3   625  1572
[  7] [     7480772] 1 | True  True 00 (  936,  854)   5   724  1572
[  8] [     7493252] 1 | True  True 00 (  918,  845)   4   652  1372
[  9] [     7505729] 1 | True  True 00 (  901,  834)   4   688  1088
[ 10] [     7518209] 1 | True  True 00 (  883,  822)   4   668  1040
[ 11] [     7530685] 1 | True  True 00 (  865,  809)   4   642   988
[ 12] [     7543172] 1 | True  True 00 (  845,  793)   4   653  1248
[ 13] [     7555644] 1 | True  True 00 (  828,  776)   3   606  1468
[ 14] [     7568126] 1 | True  True 00 (  814,  758)   4   633  1536
[ 15] [     7580604] 1 | True  True 00 (  801,  741)   4   683  1316
[ 16] [     7593083] 1 | True  True 00 (  790,  723)   4   684  1028
[ 17] [     7605586] 1 | True  True 00 (  781,  702)   4   704   852
[ 18] [     7618065] 1 | True  True 00 (  773,  682)   4   682  1016
[ 19] [     7630544] 1 | True  True 00 (  767,  659)   5   728  1140
[ 20] [     7643037] 1 | True  True 00 (  762,  636)   5   759  1056
[ 21] [     7655515] 1 | True  True 00 (  757,  618)   4   636   932
[ 22] [     7667997] 1 | True  True 00 (  753,  595)   4   746   928
[ 23] [     7680480] 1 | True  True 00 (  750,  571)   4   641   944
[ 24] [     7692959] 1 | True  True 00 (  749,  548)   4   612  1000
[ 25] [     7705453] 1 | True  True 00 (  750,  527)   4   677  1084
[ 26] [     7717938] 1 | True  True 00 (  752,  507)   4   747  1028
[ 27] [     7730418] 1 | True  True 00 (  755,  483)   4   666   928
[ 28] [     7742887] 1 | True  True 00 (  760,  459)   4   666  1288
[ 29] [     7755370] 1 | True  True 00 (  767,  436)   2   539  1528
[ 30] [     7767847] 1 | True  True 00 (  774,  416)   3   650  1672
[ 31] [     7780327] 1 | True  True 00 (  781,  398)   3   624  1428
[ 32] [     7792811] 1 | True  True 00 (  792,  380)   4   684  1144
[ 33] [     7805313] 1 | True  True 00 (  807,  363)   4   700   956
[ 34] [     7817792] 1 | True  True 00 (  823,  345)   4   717   956
[ 35] [     7830263] 1 | True  True 00 (  839,  329)   4   690  1280
[ 36] [     7842745] 1 | True  True 00 (  856,  313)   4   655  1504
[ 37] [     7855242] 1 | True  True 00 (  871,  299)   4   630  1548
[ 38] [     7867741] 1 | True  True 00 (  889,  286)   4   645  1352
[ 39] [     7880221] 1 | True  True 00 (  910,  275)   4   694  1084
[ 40] [     7892721] 1 | True  True 00 (  931,  266)   4   718  1160
[ 41] [     7905220] 1 | True  True 00 (  951,  258)   4   709  1276
[ 42] [     7917701] 1 | True  True 00 (  971,  251)   4   685  1364
[ 43] [     7930184] 1 | True  True 00 (  993,  246)   4   695  1176
[ 44] [     7942686] 1 | True  True 00 ( 1016,  241)   4   691   876
[ 45] [     7955166] 1 | True  True 00 ( 1040,  239)   4   708  1072
[ 46] [     7967659] 1 | True  True 00 ( 1062,  239)   4   705  1264
[ 47] [     7980160] 1 | True  True 00 ( 1082,  239)   4   686  1380
[ 48] [     7992660] 1 | True  True 00 ( 1105,  240)   4   690  1176
[ 49] [     8005141] 1 | True  True 00 ( 1130,  243)   4   745  1088
[ 50] [     8017637] 1 | True  True 00 ( 1153,  246)   4   721  1344
[ 51] [     8030120] 1 | True  True 00 ( 1174,  251)   4   718  1648
[ 52] [     8042618] 1 | True  True 00 ( 1192,  257)   5   754  1724
[ 53] [     8055096] 1 | True  True 00 ( 1212,  265)   5   743  1420
[ 54] [     8067595] 1 | True  True 00 ( 1234,  275)   4   730  1104
[ 55] [     8080094] 1 | True  True 00 ( 1254,  286)   4   759  1008
[ 56] [     8092595] 1 | True  True 00 ( 1272,  299)   4   764   948
[ 57] [     8105096] 1 | True  True 00 ( 1288,  314)   5   812  1348
[ 58] [     8117595] 1 | True  True 00 ( 1302,  329)   4   751  1700
[ 59] [     8130075] 1 | True  True 00 ( 1314,  344)   4   678  1672
[ 60] [     8142579] 1 | True  True 00 ( 1327,  360)   4   675  1488
[ 61] [     8155058] 1 | True  True 00 ( 1342,  377)   4   700  1196
[ 62] [     8167537] 1 | True  True 00 ( 1355,  398)   4   752  1008
[ 63] [     8180029] 1 | True  True 00 ( 1364,  419)   5   742  1040
[ 64] [     8192529] 1 | True  True 00 ( 1375,  440)   4   709  1256
[ 65] [     8205013] 1 | True  True 00 ( 1381,  462)   5   796  1128
[ 66] [     8217506] 1 | True  True 00 ( 1387,  485)   4   750   924
[ 67] [     8229988] 1 | True  True 00 ( 1393,  510)   4   684   872
[ 68] [     8242486] 1 | True  True 00 ( 1396,  535)   4   734  1140
[ 69] [     8254974] 1 | True  True 00 ( 1397,  555)   5   788  1196
[ 70] [     8267446] 1 | True  True 00 ( 1397,  576)   5   776  1048
[ 71] [     8279949] 1 | True  True 00 ( 1395,  598)   4   732   944
[ 72] [     8292446] 1 | True  True 00 ( 1391,  622)   4   704  1032
[ 73] [     8304929] 1 | True  True 00 ( 1385,  644)   4   698  1344
[ 74] [     8317431] 1 | True  True 00 ( 1375,  665)   5   730  1580
[ 75] [     8329909] 1 | True  True 00 ( 1363,  685)   5   771  1652
[ 76] [     8342385] 1 | True  True 00 ( 1352,  705)   4   743  1432
[ 77] [     8354888] 1 | True  True 00 ( 1342,  725)   4   755  1108
[ 78] [     8367382] 1 | True  True 00 ( 1331,  744)   4   753  1072
[ 79] [     8379882] 1 | True  True 00 ( 1319,  762)   4   761  1088
[ 80] [     8392362] 1 | True  True 00 ( 1306,  779)   4   717  1308
[ 81] [     8404860] 1 | True  True 00 ( 1289,  794)   5   753  1616
[ 82] [     8417359] 1 | True  True 00 ( 1269,  809)   3   634  1644
[ 83] [     8429839] 1 | True  True 00 ( 1250,  822)   4   748  1468
[ 84] [     8442319] 1 | True  True 00 ( 1233,  835)   4   744  1160
[ 85] [     8454802] 1 | True  True 00 ( 1215,  845)   4   745  1008
[ 86] [     8467284] 1 | True  True 00 ( 1193,  854)   5   771  1152
[ 87] [     8479756] 1 | True  True 00 ( 1169,  862)   4   763  1212
[ 88] [     8492259] 1 | True  True 00 ( 1147,  868)   4   751  1008
[ 89] [     8504739] 1 | True  True 00 ( 1126,  873)   4   712   760
[ 90] [     8517216] 1 | True  True 00 ( 1105,  877)   4   696   896
[ 91] [     8529696] 1 | True  True 00 ( 1081,  880)   5   737  1108
[ 92] [     8542172] 1 | True  True 00 ( 1057,  880)   4   731  1156
[ 93] [     8554672] 1 | True  True 00 ( 1036,  879)   4   722   996
[ 94] [     8567151] 1 | True  True 00 ( 1015,  877)   4   714   856
[ 95] [     8579631] 1 | True  True 00 (  994,  873)   4   720  1104
[ 96] [     8592133] 1 | True  True 00 (  972,  868)   4   672  1388
[ 97] [     8604633] 1 | True  True 00 (  949,  861)   3   632  1544
[ 98] [     8617113] 1 | True  True 00 (  930,  852)   4   672  1472
[ 99] [     8629589] 1 | True  True 00 (  911,  841)   4   656  1216
[100] [     8642088] 1 | True  True 00 (  894,  830)   4   705  1016
[101] [     8654568] 1 | True  True 00 (  876,  818)   4   674  1096
[102] [     8667051] 1 | True  True 00 (  856,  803)   4   637  1084
[103] [     8679552] 1 | True  True 00 (  838,  786)   3   611  1344
[104] [     8692031] 1 | True  True 00 (  822,  769)   3   610  1564
[105] [     8704522] 1 | True  True 00 (  809,  751)   3   584  1440
[106] [     8717008] 1 | True  True 00 (  798,  734)   4   692  1292
[107] [     8729480] 1 | True  True 00 (  787,  715)   4   695   892
[108] [     8741968] 1 | True  True 00 (  778,  695)   4   680   864
[109] [     8754459] 1 | True  True 00 (  770,  673)   4   658  1056
[110] [     8766947] 1 | True  True 00 (  764,  651)   4   648  1084
[111] [     8779426] 1 | True  True 00 (  759,  631)   4   649   944
[112] [     8791907] 1 | True  True 00 (  755,  608)   4   746   876
[113] [     8804401] 1 | True  True 00 (  751,  586)   4   689   944
[114] [     8816880] 1 | True  True 00 (  750,  563)   4   627   984
[115] [     8829380] 1 | True  True 00 (  749,  540)   5   775  1240
[116] [     8841879] 1 | True  True 00 (  750,  519)   4   755  1124
[117] [     8854359] 1 | True  True 00 (  753,  498)   4   790  1000
[118] [     8866857] 1 | True  True 00 (  757,  477)   4   776  1100
[119] [     8879354] 1 | True  True 00 (  762,  457)   4   753  1400
[120] [     8891853] 1 | True  True 00 (  769,  436)   4   676  1600
[121] [     8904353] 1 | True  True 00 (  776,  415)   4   691  1572
[122] [     8916832] 1 | True  True 00 (  784,  395)   4   696  1388
[123] [     8929332] 1 | True  True 00 (  796,  376)   4   687  1072
[124] [     8941812] 1 | True  True 00 (  811,  358)   4   696   956
[125] [     8954296] 1 | True  True 00 (  828,  340)   4   691  1084
[126] [     8966795] 1 | True  True 00 (  845,  323)   4   665  1364
[127] [     8979295] 1 | True  True 00 (  861,  307)   4   645  1548
[128] [     8991774] 1 | True  True 00 (  876,  293)   4   651  1576
[129] [     9004254] 1 | True  True 00 (  895,  281)   5   699  1252
[130] [     9016755] 1 | True  True 00 (  917,  270)   4   703   988
[131] [     9029227] 1 | True  True 00 (  938,  262)   4   705  1148
[132] [     9041693] 1 | True  True 00 (  959,  255)   4   720  1348
[133] [     9054172] 1 | True  True 00 (  978,  248)   5   745  1320
[134] [     9066646] 1 | True  True 00 ( 1000,  244)   4   686  1032
[135] [     9079146] 1 | True  True 00 ( 1024,  240)   4   718   912
[136] [     9091624] 1 | True  True 00 ( 1048,  238)   4   723  1116
[137] [     9104126] 1 | True  True 00 ( 1069,  237)   4   727  1336
[138] [     9116606] 1 | True  True 00 ( 1089,  237)   4   655  1264
[139] [     9129103] 1 | True  True 00 ( 1113,  239)   4   710  1072
[140] [     9141600] 1 | True  True 00 ( 1137,  242)   4   727  1148
[141] [     9154079] 1 | True  True 00 ( 1160,  246)   4   730  1512
[142] [     9166579] 1 | True  True 00 ( 1181,  251)   3   659  1724
[143] [     9179079] 1 | True  True 00 ( 1199,  259)   5   733  1620
[144] [     9191579] 1 | True  True 00 ( 1220,  268)   4   709  1316
[145] [     9204059] 1 | True  True 00 ( 1241,  277)   4   723  1060
[146] [     9216562] 1 | True  True 00 ( 1260,  290)   4   770  1036
[147] [     9229038] 1 | True  True 00 ( 1278,  304)   4   780  1136
[148] [     9241518] 1 | True  True 00 ( 1293,  320)   5   811  1516
[149] [     9253997] 1 | True  True 00 ( 1306,  336)   5   764  1656
[150] [     9266479] 1 | True  True 00 ( 1319,  351)   5   719  1608
[151] [     9278956] 1 | True  True 00 ( 1331,  370)   5   829  1396
[152] [     9291416] 1 | True  True 00 ( 1343,  390)   5   816  1044
[153] [     9303897] 1 | True  True 00 ( 1355,  411)   4   787  1172
[154] [     9316370] 1 | True  True 00 ( 1366,  432)   5   823  1260
[155] [     9328851] 1 | True  True 00 ( 1377,  452)   4   697  1196
[156] [     9341313] 1 | True  True 00 ( 1385,  473)   5   825  1140
[157] [     9353809] 1 | True  True 00 ( 1391,  495)   4   711   780
[158] [     9366273] 1 | True  True 00 ( 1394,  517)   4   810   960
[159] [     9378766] 1 | True  True 00 ( 1397,  538)   4   729  1168
[160] [     9391266] 1 | True  True 00 ( 1398,  559)   4   724  1212
[161] [     9403745] 1 | True  True 00 ( 1397,  581)   5   783  1004
[162] [     9416227] 1 | True  True 00 ( 1394,  604)   4   737   916
[163] [     9428705] 1 | True  True 00 ( 1390,  628)   4   720  1152
[164] [     9441184] 1 | True  True 00 ( 1382,  650)   4   713  1460
[165] [     9453660] 1 | True  True 00 ( 1370,  672)   5   742  1640
[166] [     9466140] 1 | True  True 00 ( 1359,  693)   3   633  1592
[167] [     9478619] 1 | True  True 00 ( 1349,  712)   4   736  1312
[168] [     9491101] 1 | True  True 00 ( 1338,  732)   4   729   956
[169] [     9503598] 1 | True  True 00 ( 1327,  751)   4   757  1100
[170] [     9516075] 1 | True  True 00 ( 1315,  768)   4   717  1044
[171] [     9528555] 1 | True  True 00 ( 1300,  785)   5   768  1396
[172] [     9541039] 1 | True  True 00 ( 1281,  800)   5   742  1704
[173] [     9553539] 1 | True  True 00 ( 1262,  814)   4   710  1600
[174] [     9566019] 1 | True  True 00 ( 1244,  827)   4   751  1352
[175] [     9578512] 1 | True  True 00 ( 1226,  838)   4   749  1012
[176] [     9590990] 1 | True  True 00 ( 1207,  848)   4   719  1052
[177] [     9603474] 1 | True  True 00 ( 1183,  858)   6   809  1240
[178] [     9615955] 1 | True  True 00 ( 1160,  865)   4   762  1108
[179] [     9628435] 1 | True  True 00 ( 1139,  871)   4   728   884
[180] [     9640932] 1 | True  True 00 ( 1119,  875)   4   741   768
[181] [     9653415] 1 | True  True 00 ( 1097,  878)   5   744   956
[182] [     9665875] 1 | True  True 00 ( 1072,  879)   4   710  1140
[183] [     9678368] 1 | True  True 00 ( 1049,  879)   4   726  1112
[184] [     9690869] 1 | True  True 00 ( 1028,  877)   4   722   956
[185] [     9703348] 1 | True  True 00 ( 1007,  874)   4   735   976
[186] [     9715846] 1 | True  True 00 (  986,  870)   4   667  1144
[187] [     9728322] 1 | True  True 00 (  963,  865)   4   677  1484
[188] [     9740822] 1 | True  True 00 (  942,  857)   3   632  1628
[189] [     9753302] 1 | True  True 00 (  924,  847)   4   657  1428
[190] [     9765785] 1 | True  True 00 (  906,  837)   4   672  1104
[191] [     9778283] 1 | True  True 00 (  888,  826)   4   672  1028
[192] [     9790762] 1 | True  True 00 (  869,  812)   4   653  1028
[193] [     9803240] 1 | True  True 00 (  850,  797)   4   658  1208
[194] [     9815722] 1 | True  True 00 (  832,  780)   4   659  1412
[195] [     9828219] 1 | True  True 00 (  817,  762)   3   592  1552
[196] [     9840699] 1 | True  True 00 (  805,  745)   4   647  1428
[197] [     9853178] 1 | True  True 00 (  794,  728)   4   672  1140
[198] [     9865655] 1 | True  True 00 (  784,  708)   4   682   768
[199] [     9878134] 1 | True  True 00 (  775,  687)   4   708  1000
[200] [     9890635] 1 | True  True 00 (  768,  665)   4   635  1084
[201] [     9903135] 1 | True  True 00 (  763,  642)   4   707  1096
[202] [     9915613] 1 | True  True 00 (  758,  622)   4   666   916
[203] [     9928118] 1 | True  True 00 (  754,  599)   4   740   860
[204] [     9940591] 1 | True  True 00 (  751,  577)   5   709   900
[205] [     9953088] 1 | True  True 00 (  751,  554)   4   618  1012
[206] [     9965573] 1 | True  True 00 (  752,  531)   4   638  1096
[207] [     9978055] 1 | True  True 00 (  754,  509)   4   654   828
[208] [     9990531] 1 | True  True 00 (  755,  488)   4   765   816
[209] [    10003011] 1 | True  True 00 (  758,  468)   4   752  1200
[210] [    10015489] 1 | True  True 00 (  763,  444)   3   592  1460
[211] [    10027950] 1 | True  True 00 (  770,  423)   5   749  1644
[212] [    10040450] 1 | True  True 00 (  778,  404)   3   646  1588
[213] [    10052929] 1 | True  True 00 (  788,  386)   4   652  1216
[214] [    10065428] 1 | True  True 00 (  802,  368)   4   707   972
[215] [    10077924] 1 | True  True 00 (  818,  350)   4   698   928
[216] [    10090388] 1 | True  True 00 (  834,  333)   4   694  1208
[217] [    10102880] 1 | True  True 00 (  851,  317)   3   607  1420
[218] [    10115357] 1 | True  True 00 (  866,  303)   4   652  1576
[219] [    10127858] 1 | True  True 00 (  883,  289)   4   673  1436
[220] [    10140343] 1 | True  True 00 (  903,  277)   4   655  1096
[221] [    10152820] 1 | True  True 00 (  925,  268)   4   714  1104
[222] [    10165319] 1 | True  True 00 (  947,  260)   4   701  1276
[223] [    10177799] 1 | True  True 00 (  967,  252)   4   704  1348
[224] [    10190296] 1 | True  True 00 (  988,  247)   5   744  1248
[225] [    10202760] 1 | True  True 00 ( 1010,  242)   4   683   960
[226] [    10215252] 1 | True  True 00 ( 1030,  239)   4   716   844
[227] [    10227737] 1 | True  True 00 ( 1045,  237)   4   717   852
[228] [    10240212] 1 | True  True 00 ( 1055,  236)   4   736   860
[229] [    10252694] 1 | True  True 00 ( 1061,  235)   4   720   860
[230] [    10265175] 1 | True  True 00 ( 1065,  235)   4   725   868
[231] [    10277650] 1 |False  True 00 ( 1065,  235)   4   725   868
[232] [    10290131] 0 
