[ 57] [    16333597]   0-None                     (    0)
[ 58] [    16346096]   0-None                     (    0)
[ 59] [    16358596]   0-None                     (    0)
[ 60] [    16371115]   0-None                     (    0)
[ 61] [    16383617]   0-None                     (    0)
[ 62] [    16396133]   0-None                     (    0)
[ 63] [    16408631]   0-None                     (    0)
[ 64] [    16421129]   0-None                     (    0)
[ 65] [    16433645]   0-None                     (    0)
[ 66] [    16446145]   0-None                     (    0)
[ 67] [    16458666]   0-None                     (    0)
[ 68] [    16471152]   0-None                     (    0)
[ 69] [    16483643]   0-None                     (    0)
[ 70] [    16496144]   0-None                     (    0)
[ 71] [    16508645]   0-None                     (    0)
[ 72] [    16521126]   0-None                     (    0)
[ 73] [    16533630]   0-None                     (    0)
[ 74] [    16546126]   0-None                     (    0)
[ 75] [    16558609]   0-None                     (    0)
[ 76] [    16571103]   0-None                     (    0)
[ 77] [    16583601]   0-None                     (    0)
[ 78] [    16596088]   0-None                     (    0)
[ 79] [    16608584]   0-None                     (    0)
[ 80] [    16621089]   0-None                     (    0)
[ 81] [    16633585]   0-None                     (    0)
[ 82] [    16646070]   0-None                     (    0)
[ 83] [    16658578]   0-None                     (    0)
[ 84] [    16671069]   0-None                     (    0)
[ 85] [    16683558]   0-None                     (    0)
[ 86] [    16696039]   0-None                     (    0)
[ 87] [    16708516]   0-None                     (    0)
[ 88] [    16721017]   0-None                     (    0)
[ 89] [    16733497]   0-None                     (    0)
[ 90] [    16746000]   0-None                     (    0)
[ 91] [    16758495]   0-None                     (    0)
[ 92] [    16770998]   0-None                     (    0)
[ 93] [    16783481]   0-None                     (    0)
[ 94] [    16795975]   0-None                     (    0)
[ 95] [    16808474]   0-None                     (    0)
[ 96] [    16820981]   0-None                     (    0)
[ 97] [    16833474]   0-None                     (    0)
[ 98] [    16845953]   0-None                     (    0)
[ 99] [    16858456]   0-None                     (    0)
[100] [    16870954]   0-None                     (    0)
[101] [    16883436]   0-None                     (    0)
[102] [    16895932]   0-None                     (    0)
[103] [    16908430]   0-None                     (    0)
[104] [    16920915]   0-None                     (    0)
[105] [    16933393]   0-None                     (    0)
[106] [    16945889]   0-None                     (    0)
[107] [    16958369]   0-None                     (    0)
[108] [    16970851]   0-None                     (    0)
[109] [    16983334]   0-None                     (    0)
[110] [    16995811]   0-None                     (    0)
[111] [    17008306]   0-None                     (    0)
[112] [    17020782]   0-None                     (    0)
[113] [    17033262]   0-None                     (    0)
[114] [    17045722]   0-None                     (    0)
[115] [    17058203]   0-None                     (    0)
[116] [    17070681]   0-None                     (    0)
[117] [    17083164]   0-None                     (    0)
[118] [    17095660]   0-None                     (    0)
[119] [    17108143]   0-None                     (    0)
[120] [    17120635]   0-None                     (    0)
[121] [    17133136]   0-None                     (    0)
[122] [    17145616]   0-None                     (    0)
[123] [    17158119]   0-None                     (    0)
[124] [    17170614]   0-None                     (    0)
[125] [    17183118]   0-None                     (    0)
[126] [    17195621]   0-None                     (    0)
[127] [    17208117]   0-None                     (    0)
[128] [    17220621]   0-None                     (    0)
[129] [    17233122]   0-None                     (    0)
[130] [    17245620]   0-None                     (    0)
[131] [    17258115]   0-None                     (    0)
[132] [    17270599]   0-None                     (    0)
[133] [    17283079]   0-None                     (    0)
[134] [    17295575]   0-None                     (    0)
[135] [    17308060]   0-None                     (    0)
[136] [    17320549]   0-None                     (    0)
[137] [    17333050]   0-None                     (    0)
[138] [    17345553]   0-None                     (    0)
[139] [    17358070]   0-None                     (    0)
[140] [    17370552]   0-None                     (    0)
[141] [    17383049]   0-None                     (    0)
[142] [    17395550]   0-None                     (    0)
[143] [    17408033]   0-None                     (    0)
[144] [    17420549]   0-None                     (    0)
[145] [    17433031]   0-None                     (    0)
[146] [    17445527]   0-None                     (    0)
[147] [    17458026]   0-None                     (    0)
[148] [    17470532]   0-None                     (    0)
[149] [    17483008]   0-None                     (    0)
[150] [    17495508]   0-None                     (    0)
[151] [    17508010]   0-None                     (    0)
[152] [    17520490]   0-None                     (    0)
[153] [    17533006]   0-None                     (    0)
[154] [    17545486]   0-None                     (    0)
[155] [    17557969]   0-None                     (    0)
[156] [    17570467]   0-None                     (    0)
[157] [    17582965]   0-None                     (    0)
[158] [    17595450]   0-None                     (    0)
[159] [    17607926]   0-None                     (    0)
[160] [    17620401]   0-None                     (    0)
[161] [    17632884]   0-None                     (    0)
[162] [    17645364]   0-None                     (    0)
[163] [    17657860]   0-None                     (    0)
[164] [    17670343]   0-None                     (    0)
[165] [    17682824]   0-None                     (    0)
[166] [    17695301]   0-None                     (    0)
[167] [    17707797]   0-None                     (    0)
[168] [    17720273]   0-None                     (    0)
[169] [    17732773]   0-None                     (    0)
[170] [    17745259]   0-None                     (    0)
[171] [    17757758]   0-None                     (    0)
[172] [    17770239]   0-None                     (    0)
[173] [    17782735]   0-None                     (    0)
[174] [    17795218]   0-None                     (    0)
[175] [    17807712]   0-None                     (    0)
[176] [    17820198]   0-None                     (    0)
[177] [    17832675]   0-None                     (    0)
[178] [    17845170]   0-None                     (    0)
[179] [    17857652]   0-None                     (    0)
[180] [    17870128]   0-None                     (    0)
[181] [    17882628]   0-None                     (    0)
[182] [    17895107]   0-None                     (    0)
[183] [    17907592]   0-None                     (    0)
[184] [    17920070]   0-None                     (    0)
[185] [    17932553]   0-None                     (    0)
[186] [    17945042]   0-None                     (    0)
[187] [    17957525]   0-None                     (    0)
[188] [    17970021]   0-None                     (    0)
[189] [    17982500]   0-None                     (    0)
[190] [    17994981]   0-None                     (    0)
[191] [    18007464]   0-None                     (    0)
[192] [    18019925]   0-None                     (    0)
[193] [    18032400]   0-None                     (    0)
[194] [    18044876]   0-None                     (    0)
[195] [    18057356]   0-None                     (    0)
[196] [    18069838]   0-None                     (    0)
[197] [    18082319]   0-None                     (    0)
[198] [    18094816]   0-None                     (    0)
[199] [    18107294]   0-None                     (    0)
[200] [    18119770]   0-None                     (    0)
[201] [    18132248]   0-None                     (    0)
[202] [    18144749]   0-None                     (    0)
[203] [    18157209]   0-None                     (    0)
[204] [    18169689]   0-None                     (    0)
[205] [    18182188]   0-None                     (    0)
[206] [    18194673]   0-None                     (    0)
[207] [    18207148]   0-None                     (    0)
[208] [    18219625]   0-None                     (    0)
[209] [    18232104]   0-None                     (    0)
[210] [    18244587]   0-None                     (    0)
[211] [    18257065]   0-None                     (    0)
[212] [    18269542]   0-None                     (    0)
[213] [    18282037]   0-None                     (    0)
[214] [    18294520]   0-None                     (    0)
[215] [    18307018]   0-None                     (    0)
[216] [    18319496]   0-None                     (    0)
[217] [    18331996]   0-None                     (    0)
[218] [    18344497]   0-None                     (    0)
[219] [    18356997]   0-None                     (    0)
[220] [    18369497]   0-None                     (    0)
[221] [    18381998]   0-None                     (    0)
[222] [    18394499]   0-None                     (    0)
[223] [    18407000]   0-None                     (    0)
[224] [    18419500]   0-None                     (    0)
[225] [    18432020]   0-None                     (    0)
[226] [    18444516]   0-None                     (    0)
[227] [    18457014]   0-None                     (    0)
[228] [    18469520]   0-None                     (    0)
[229] [    18482015]   0-None                     (    0)
[230] [    18494535]   0-None                     (    0)
[231] [    18507014]   0-None                     (    0)
[232] [    18519513]   0-None                     (    0)
[233] [    18532019]   0-None                     (    0)
[234] [    18544517]   0-None                     (    0)
[235] [    18557015]   0-None                     (    0)
[236] [    18569515]   0-None                     (    0)
[237] [    18581993]   0-None                     (    0)
[238] [    18594477]   0-None                     (    0)
[239] [    18606974]   0-None                     (    0)
[240] [    18619477]   0-None                     (    0)
[241] [    18631953]   0-None                     (    0)
[242] [    18644453]   0-None                     (    0)
[243] [    18656953]   0-None                     (    0)
[244] [    18669453]   0-None                     (    0)
[245] [    18681953]   0-None                     (    0)
[246] [    18694454]   0-None                     (    0)
[247] [    18706953]   0-None                     (    0)
[248] [    18719453]   0-None                     (    0)
[249] [    18731953]   0-None                     (    0)
[250] [    18744453]   0-None                     (    0)
[251] [    18756953]   0-None                     (    0)
[252] [    18769454]   0-None                     (    0)
[253] [    18781935]   0-None                     (    0)
[254] [    18794433]   0-None                     (    0)
[255] [    18806910]   0-None                     (    0)
[  0] [    18819386]   0-None                     (    0)
[  1] [    18831864]   0-None                     (    0)
[  2] [    18844345]   0-None                     (    0)
[  3] [    18856828]   0-None                     (    0)
[  4] [    18869329]   0-None                     (    0)
[  5] [    18881829]   0-None                     (    0)
[  6] [    18894323]   0-None                     (    0)
[  7] [    18906809]   0-None                     (    0)
[  8] [    18919304]   0-None                     (    0)
[  9] [    18931787]   0-None                     (    0)
[ 10] [    18944282]   0-None                     (    0)
[ 11] [    18956778]   0-None                     (    0)
[ 12] [    18969262]   0-None                     (    0)
[ 13] [    18981757]   0-None                     (    0)
[ 14] [    18994257]   0-None                     (    0)
[ 15] [    19006763]   0-None                     (    0)
[ 16] [    19019241]   0-None                     (    0)
[ 17] [    19031742]   0-None                     (    0)
[ 18] [    19044222]   0-None                     (    0)
[ 19] [    19056718]   0-None                     (    0)
[ 20] [    19069200]   0-None                     (    0)
[ 21] [    19081681]   0-None                     (    0)
[ 22] [    19094159]   0-None                     (    0)
[ 23] [    19106633]   0-None                     (    0)
[ 24] [    19119119]   0-None                     (    0)
[ 25] [    19131611]   0-None                     (    0)
[ 26] [    19144091]   0-None                     (    0)
[ 27] [    19156574]   0-None                     (    0)
[ 28] [    19169056]   0-None                     (    0)
[ 29] [    19181553]   0-None                     (    0)
[ 30] [    19194051]   0-None                     (    0)
[ 31] [    19206535]   0-None                     (    0)
[ 32] [    19219032]   0-None                     (    0)
[ 33] [    19231508]   0-None                     (    0)
[ 34] [    19244007]   0-None                     (    0)
[ 35] [    19256509]   0-None                     (    0)
[ 36] [    19268984]   0-None                     (    0)
[ 37] [    19281483]   0-None                     (    0)
[ 38] [    19293963]   0-None                     (    0)
[ 39] [    19306466]   0-None                     (    0)
[ 40] [    19318970]   0-None                     (    0)
[ 41] [    19331464]   0-None                     (    0)
[ 42] [    19343947]   0-None                     (    0)
[ 43] [    19356448]   0-None                     (    0)
[ 44] [    19368908]   0-None                     (    0)
[ 45] [    19381405]   0-None                     (    0)
[ 46] [    19393879]   0-None                     (    0)
[ 47] [    19406377]   0-None                     (    0)
[ 48] [    19418857]   0-None                     (    0)
[ 49] [    19431357]   0-None                     (    0)
[ 50] [    19443837]   0-None                     (    0)
[ 51] [    19456320]   0-None                     (    0)
[ 52] [    19468801]   0-None                     (    0)
[ 53] [    19481279]   0-None                     (    0)
[ 54] [    19493775]   0-None                     (    0)
[ 55] [    19506272]   0-None                     (    0)
[ 56] [    19518775]   0-None                     (    0)
[ 57] [    19531272]   0-None                     (    0)
[ 58] [    19543754]   0-None                     (    0)
[ 59] [    19556230]   0-None                     (    0)
[ 60] [    19568736]   0-None                     (    0)
[ 61] [    19581215]   0-None                     (    0)
[ 62] [    19593710]   0-None                     (    0)
[ 63] [    19606213]   0-None                     (    0)
[ 64] [    19618716]   0-None                     (    0)
[ 65] [    19631211]   0-None                     (    0)
[ 66] [    19643714]   0-None                     (    0)
[ 67] [    19656210]   0-None                     (    0)
[ 68] [    19668713]   0-None                     (    0)
[ 69] [    19681215]   0-None                     (    0)
[ 70] [    19693690]   0-None                     (    0)
[ 71] [    19706191]   0-None                     (    0)
[ 72] [    19718690]   0-None                     (    0)
[ 73] [    19731190]   0-None                     (    0)
[ 74] [    19743670]   0-None                     (    0)
[ 75] [    19756148]   0-None                     (    0)
[ 76] [    19768644]   0-None                     (    0)
[ 77] [    19781125]   0-None                     (    0)
[ 78] [    19793602]   0-None                     (    0)
[ 79] [    19806103]   0-None                     (    0)
[ 80] [    19818583]   0-None                     (    0)
[ 81] [    19831065]   0-None                     (    0)
[ 82] [    19843567]   0-None                     (    0)
[ 83] [    19856047]   0-None                     (    0)
[ 84] [    19868564]   0-None                     (    0)
[ 85] [    19881044]   0-None                     (    0)
[ 86] [    19893546]   0-None                     (    0)
[ 87] [    19906041]   0-None                     (    0)
[ 88] [    19918526]   0-None                     (    0)
[ 89] [    19930997]   0-None                     (    0)
[ 90] [    19943480]   0-None                     (    0)
[ 91] [    19955981]   0-None                     (    0)
[ 92] [    19968474]   0-None                     (    0)
[ 93] [    19980976]   0-None                     (    0)
[ 94] [    19993456]   0-None                     (    0)
[ 95] [    20005958]   0-None                     (    0)
[ 96] [    20018421]   0-None                     (    0)
[ 97] [    20030917]   0-None                     (    0)
[ 98] [    20043395]   0-None                     (    0)
[ 99] [    20055892]   0-None                     (    0)
[100] [    20068369]   0-None                     (    0)
[101] [    20080828]   0-None                     (    0)
[102] [    20093311]   0-None                     (    0)
[103] [    20105791]   0-None                     (    0)
[104] [    20118288]   0-None                     (    0)
[105] [    20130771]   0-None                     (    0)
[106] [    20143244]   0-None                     (    0)
[107] [    20155743]   0-None                     (    0)
[108] [    20168222]   0-None                     (    0)
[109] [    20180703]   0-None                     (    0)
[110] [    20193166]   0-None                     (    0)
[111] [    20205621]   0-None                     (    0)
[112] [    20218106]   0-None                     (    0)
[113] [    20230598]   0-None                     (    0)
[114] [    20243079]   0-None                     (    0)
[115] [    20255542]   0-None                     (    0)
[116] [    20268018]   0-None                     (    0)
[117] [    20280492]   0-None                     (    0)
[118] [    20292975]   0-None                     (    0)
[119] [    20305455]   0-None                     (    0)
[120] [    20317937]   0-None                     (    0)
[121] [    20330410]   0-None                     (    0)
[122] [    20342893]   0-None                     (    0)
[123] [    20355388]   0-None                     (    0)
[124] [    20367871]   0-None                     (    0)
[125] [    20380347]   0-None                     (    0)
[126] [    20392826]   0-None                     (    0)
[127] [    20405329]   0-None                     (    0)
[128] [    20417811]   0-None                     (    0)
[129] [    20430304]   0-None                     (    0)
[130] [    20442791]   0-None                     (    0)
[131] [    20455270]   0-None                     (    0)
[132] [    20467767]   0-None                     (    0)
[133] [    20480240]   0-None                     (    0)
[134] [    20492718]   0-None                     (    0)
[135] [    20505199]   0-None                     (    0)
[136] [    20517682]   0-None                     (    0)
[137] [    20530163]   0-None                     (    0)
[138] [    20542641]   0-None                     (    0)
[139] [    20555137]   0-None                     (    0)
[140] [    20567615]   0-None                     (    0)
[141] [    20580081]   0-None                     (    0)
[142] [    20592575]   0-None                     (    0)
[143] [    20605054]   0-None                     (    0)
[144] [    20617534]   0-None                     (    0)
[145] [    20630032]   0-None                     (    0)
[146] [    20642537]   0-None                     (    0)
[147] [    20655034]   0-None                     (    0)
[148] [    20667532]   0-None                     (    0)
[149] [    20680037]   0-None                     (    0)
[150] [    20692534]   0-None                     (    0)
[151] [    20705012]   0-None                     (    0)
[152] [    20717529]   0-None                     (    0)
[153] [    20730012]   0-None                     (    0)
[154] [    20742509]   0-None                     (    0)
[155] [    20754991]   0-None                     (    0)
[156] [    20767487]   0-None                     (    0)
[157] [    20779965]   0-None                     (    0)
[158] [    20792466]   0-None                     (    0)
[159] [    20804945]   0-None                     (    0)
[160] [    20817448]   0-None                     (    0)
[161] [    20829951]   0-None                     (    0)
[162] [    20842447]   0-None                     (    0)
[163] [    20854930]   0-None                     (    0)
[164] [    20867424]   0-None                     (    0)
[165] [    20879910]   0-None                     (    0)
[166] [    20892403]   0-None                     (    0)
[167] [    20904907]   0-None                     (    0)
[168] [    20917404]   0-None                     (    0)
[169] [    20929906]   0-None                     (    0)
[170] [    20942389]   0-None                     (    0)
[171] [    20954904]   0-None                     (    0)
[172] [    20967403]   0-None                     (    0)
[173] [    20979905]   0-None                     (    0)
[174] [    20992383]   0-None                     (    0)
[175] [    21004880]   0-None                     (    0)
[176] [    21017362]   0-None                     (    0)
[177] [    21029837]   0-None                     (    0)
[178] [    21042337]   0-None                     (    0)
[179] [        1056]   0-None                     (    0)
[180] [       13539]   0-None                     (    0)
[181] [       26020]   0-None                     (    0)
[182] [       38498]   0-None                     (    0)
[183] [       50993]   0-None                     (    0)
[184] [       63491]   0-None                     (    0)
[185] [       75970]   0-None                     (    0)
[186] [       88469]   0-None                     (    0)
[187] [      100975]   0-None                     (    0)
[188] [      113470]   0-None                     (    0)
[189] [      125968]   0-None                     (    0)
[190] [      138454]   0-None                     (    0)
[191] [      150935]   0-None                     (    0)
[192] [      163429]   0-None                     (    0)
[193] [      175912]   0-None                     (    0)
[194] [      188391]   0-None                     (    0)
[195] [      200868]   0-None                     (    0)
[196] [      213371]   0-None                     (    0)
[197] [      225866]   0-None                     (    0)
[198] [      238348]   0-None                     (    0)
[199] [      250843]   0-None                     (    0)
[200] [      263329]   0-None                     (    0)
[201] [      275828]   0-None                     (    0)
[202] [      288308]   0-None                     (    0)
[203] [      300803]   0-None                     (    0)
[204] [      313285]   0-None                     (    0)
[205] [      325787]   0-None                     (    0)
[206] [      338266]   0-None                     (    0)
[207] [      350744]   0-None                     (    0)
[208] [      363259]   0-None                     (    0)
[209] [      375742]   0-None                     (    0)
[210] [      388217]   0-None                     (    0)
[211] [      400715]   0-None                     (    0)
[212] [      413221]   0-None                     (    0)
[213] [      425717]   0-None                     (    0)
[214] [      438214]   0-None                     (    0)
[215] [      450720]   0-None                     (    0)
[216] [      463196]   0-None                     (    0)
[217] [      475695]   0-None                     (    0)
[218] [      488175]   0-None                     (    0)
[219] [      500657]   0-None                     (    0)
[220] [      513155]   0-None                     (    0)
[221] [      525633]   0-None                     (    0)
[222] [      538116]   0-None                     (    0)
[223] [      550612]   0-None                     (    0)
[224] [      563116]   0-None                     (    0)
[225] [      575612]   0-None                     (    0)
[226] [      588109]   0-None                     (    0)
[227] [      600610]   0-None                     (    0)
[228] [      613090]   0-None                     (    0)
[229] [      625588]   0-None                     (    0)
[230] [      638067]   0-None                     (    0)
[231] [      650568]   0-None                     (    0)
[232] [      663067]   0-None                     (    0)
[233] [      675567]   0-None                     (    0)
[234] [      688068]   0-None                     (    0)
[235] [      700547]   0-None                     (    0)
[236] [      713050]   0-None                     (    0)
[237] [      725533]   0-None                     (    0)
[238] [      738006]   0-None                     (    0)
[239] [      750509]   0-None                     (    0)
[240] [      762986]   0-None                     (    0)
[241] [      775462]   0-None                     (    0)
[242] [      787960]   0-None                     (    0)
[243] [      800445]   0-None                     (    0)
[244] [      812925]   0-None                     (    0)
[245] [      825421]   0-None                     (    0)
[246] [      837904]   0-None                     (    0)
[247] [      850382]   0-None                     (    0)
[248] [      862879]   0-None                     (    0)
[249] [      875363]   0-None                     (    0)
[250] [      887836]   0-None                     (    0)
[251] [      900319]   0-None                     (    0)
[252] [      912819]   0-None                     (    0)
[253] [      925298]   0-None                     (    0)
[254] [      937774]   0-None                     (    0)
[255] [      950255]   0-None                     (    0)
[  0] [      962739]   0-None                     (    0)
[  1] [      975236]   0-None                     (    0)
[  2] [      987731]   0-None                     (    0)
[  3] [     1000214]   0-None                     (    0)
[  4] [     1012709]   0-None                     (    0)
[  5] [     1025207]   0-None                     (    0)
[  6] [     1037693]   0-None                     (    0)
[  7] [     1050174]   0-None                     (    0)
[  8] [     1062670]   0-None                     (    0)
[  9] [     1075153]   0-None                     (    0)
[ 10] [     1087647]   0-None                     (    0)
[ 11] [     1100133]   0-None                     (    0)
[ 12] [     1112609]   0-None                     (    0)
[ 13] [     1125083]   0-None                     (    0)
[ 14] [     1137581]   0-None                     (    0)
[ 15] [     1150067]   0-None                     (    0)
[ 16] [     1162547]   0-None                     (    0)
[ 17] [     1175025]   0-None                     (    0)
[ 18] [     1187505]   0-None                     (    0)
[ 19] [     1199982]   0-None                     (    0)
[ 20] [     1212455]   0-None                     (    0)
[ 21] [     1224939]   0-None                     (    0)
[ 22] [     1237418]   0-None                     (    0)
[ 23] [     1249901]   0-None                     (    0)
[ 24] [     1262394]   0-None                     (    0)
[ 25] [     1274861]   0-None                     (    0)
[ 26] [     1287357]   0-None                     (    0)
[ 27] [     1299830]   0-None                     (    0)
[ 28] [     1312316]   0-None                     (    0)
[ 29] [     1324815]   0-None                     (    0)
[ 30] [     1337315]   0-None                     (    0)
[ 31] [     1349795]   0-None                     (    0)
[ 32] [     1362291]   0-None                     (    0)
[ 33] [     1374774]   0-None                     (    0)
[ 34] [     1387236]   0-None                     (    0)
[ 35] [     1399724]   0-None                     (    0)
[ 36] [     1412226]   0-None                     (    0)
[ 37] [     1424703]   0-None                     (    0)
[ 38] [     1437189]   0-None                     (    0)
[ 39] [     1449669]   0-None                     (    0)
[ 40] [     1462165]   0-None                     (    0)
[ 41] [     1474648]   0-None                     (    0)
[ 42] [     1487101]   0-None                     (    0)
[ 43] [     1499578]   0-None                     (    0)
[ 44] [     1512056]   0-None                     (    0)
[ 45] [     1524556]   0-None                     (    0)
[ 46] [     1537037]   0-None                     (    0)
[ 47] [     1549521]   0-None                     (    0)
[ 48] [     1562020]   0-None                     (    0)
[ 49] [     1574501]   0-None                     (    0)
[ 50] [     1586978]   0-None                     (    0)
[ 51] [     1599473]   0-None                     (    0)
[ 52] [     1611956]   0-None                     (    0)
[ 53] [     1624450]   0-None                     (    0)
[ 54] [     1636929]   0-None                     (    0)
[ 55] [     1649391]   0-None                     (    0)
[ 56] [     1661891]   0-None                     (    0)
[ 57] [     1674371]   0-None                     (    0)
[ 58] [     1686855]   0-None                     (    0)
[ 59] [     1699352]   0-None                     (    0)
[ 60] [     1711826]   0-None                     (    0)
[ 61] [     1724311]   0-None                     (    0)
[ 62] [     1736809]   0-None                     (    0)
[ 63] [     1749309]   0-None                     (    0)
[ 64] [     1761809]   0-None                     (    0)
[ 65] [     1774308]   0-None                     (    0)
[ 66] [     1786808]   0-None                     (    0)
[ 67] [     1799287]   0-None                     (    0)
[ 68] [     1811782]   0-None                     (    0)
[ 69] [     1824285]   0-None                     (    0)
[ 70] [     1836789]   0-None                     (    0)
[ 71] [     1849290]   0-None                     (    0)
[ 72] [     1861765]   0-None                     (    0)
[ 73] [     1874264]   0-None                     (    0)
[ 74] [     1886763]   0-None                     (    0)
[ 75] [     1899243]   0-None                     (    0)
[ 76] [     1911727]   0-None                     (    0)
[ 77] [     1924224]   0-None                     (    0)
[ 78] [     1936698]   0-None                     (    0)
[ 79] [     1949176]   0-None                     (    0)
[ 80] [     1961677]   0-None                     (    0)
[ 81] [     1974176]   0-None                     (    0)
[ 82] [     1986656]   0-None                     (    0)
[ 83] [     1999159]   0-None                     (    0)
[ 84] [     2011662]   0-None                     (    0)
[ 85] [     2024136]   0-None                     (    0)
[ 86] [     2036636]   0-None                     (    0)
[ 87] [     2049136]   0-None                     (    0)
[ 88] [     2061616]   0-None                     (    0)
[ 89] [     2074120]   0-None                     (    0)
[ 90] [     2086617]   0-None                     (    0)
[ 91] [     2099115]   0-None                     (    0)
[ 92] [     2111578]   0-None                     (    0)
[ 93] [     2124073]   0-None                     (    0)
[ 94] [     2136548]   0-None                     (    0)
[ 95] [     2149029]   0-None                     (    0)
[ 96] [     2161532]   0-None                     (    0)
[ 97] [     2174015]   0-None                     (    0)
[ 98] [     2186473]   0-None                     (    0)
[ 99] [     2198969]   0-None                     (    0)
[100] [     2211444]   0-None                     (    0)
[101] [     2223926]   0-None                     (    0)
[102] [     2236407]   0-None                     (    0)
[103] [     2248901]   0-None                     (    0)
[104] [     2261364]   0-None                     (    0)
[105] [     2273848]   0-None                     (    0)
[106] [     2286344]   0-None                     (    0)
[107] [     2298818]   0-None                     (    0)
[108] [     2311324]   0-None                     (    0)
[109] [     2323800]   0-None                     (    0)
[110] [     2336280]   0-None                     (    0)
[111] [     2348762]   0-None                     (    0)
[112] [     2361243]   0-None                     (    0)
[113] [     2373721]   0-None                     (    0)
[114] [     2386176]   0-None                     (    0)
[115] [     2398656]   0-None                     (    0)
[116] [     2411130]   0-None                     (    0)
[117] [     2423611]   0-None                     (    0)
[118] [     2436095]   0-None                     (    0)
[119] [     2448551]   0-None                     (    0)
[120] [     2461031]   0-None                     (    0)
[121] [     2473526]   0-None                     (    0)
[122] [     2486008]   0-None                     (    0)
[123] [     2498489]   0-None                     (    0)
[124] [     2510964]   0-None                     (    0)
[125] [     2523442]   0-None                     (    0)
[126] [     2535918]   0-None                     (    0)
[127] [     2548418]   0-None                     (    0)
[128] [     2560897]   0-None                     (    0)
[129] [     2573379]   0-None                     (    0)
[130] [     2585859]   0-None                     (    0)
[131] [     2598343]   0-None                     (    0)
[132] [     2610818]   0-None                     (    0)
[133] [     2623314]   0-None                     (    0)
[134] [     2635812]   0-None                     (    0)
[135] [     2648279]   0-None                     (    0)
[136] [     2660773]   0-None                     (    0)
[137] [     2673275]   0-None                     (    0)
[138] [     2685758]   0-None                     (    0)
[139] [     2698239]   0-None                     (    0)
[140] [     2710717]   0-None                     (    0)
[141] [     2723213]   0-None                     (    0)
[142] [     2735710]   0-None                     (    0)
[143] [     2748186]   0-None                     (    0)
[144] [     2760692]   0-None                     (    0)
[145] [     2773186]   0-None                     (    0)
[146] [     2785665]   0-None                     (    0)
[147] [     2798145]   0-None                     (    0)
[148] [     2810648]   0-None                     (    0)
[149] [     2823131]   0-None                     (    0)
[150] [     2835604]   0-None                     (    0)
[151] [     2848088]   0-None                     (    0)
[152] [     2860566]   0-None                     (    0)
[153] [     2873046]   0-None                     (    0)
[154] [     2885541]   0-None                     (    0)
[155] [     2898022]   0-None                     (    0)
[156] [     2910504]   0-None                     (    0)
[157] [     2923004]   0-None                     (    0)
[158] [     2935484]   0-None                     (    0)
[159] [     2947981]   0-None                     (    0)
[160] [     2960458]   0-None                     (    0)
[161] [     2972955]   0-None                     (    0)
[162] [     2985434]   0-None                     (    0)
[163] [     2997933]   0-None                     (    0)
[164] [     3010419]   0-None                     (    0)
[165] [     3022899]   0-None                     (    0)
[166] [     3035395]   0-None                     (    0)
[167] [     3047878]   0-None                     (    0)
[168] [     3060372]   0-None                     (    0)
[169] [     3072858]   0-None                     (    0)
[170] [     3085355]   0-None                     (    0)
[171] [     3097852]   0-None                     (    0)
[172] [     3110337]   0-None                     (    0)
[173] [     3122833]   0-None                     (    0)
[174] [     3135308]   0-None                     (    0)
[175] [     3147805]   0-None                     (    0)
[176] [     3160294]   0-None                     (    0)
[177] [     3172771]   0-None                     (    0)
[178] [     3185267]   0-None                     (    0)
[179] [     3197771]   0-None                     (    0)
[180] [     3210267]   0-None                     (    0)
[181] [     3222770]   0-None                     (    0)
[182] [     3235246]   0-None                     (    0)
[183] [     3247745]   0-None                     (    0)
[184] [     3260225]   0-None                     (    0)
[185] [     3272730]   0-None                     (    0)
[186] [     3285227]   0-None                     (    0)
[187] [     3297705]   0-None                     (    0)
[188] [     3310202]   0-None                     (    0)
[189] [     3322706]   0-None                     (    0)
[190] [     3335180]   0-None                     (    0)
[191] [     3347678]   0-None                     (    0)
[192] [     3360164]   0-None                     (    0)
[193] [     3372623]   0-None                     (    0)
[194] [     3385103]   0-None                     (    0)
[195] [     3397601]   0-None                     (    0)
[196] [     3410078]   0-None                     (    0)
[197] [     3422574]   0-None                     (    0)
[198] [     3435055]   0-None                     (    0)
[199] [     3447532]   0-None                     (    0)
[200] [     3460033]   0-None                     (    0)
[201] [     3472513]   0-None                     (    0)
[202] [     3484995]   0-None                     (    0)
[203] [     3497473]   0-None                     (    0)
[204] [     3509957]   0-None                     (    0)
[205] [     3522427]   0-None                     (    0)
[206] [     3534911]   0-None                     (    0)
[207] [     3547386]   0-None                     (    0)
[208] [     3559888]   0-None                     (    0)
[209] [     3572351]   0-None                     (    0)
[210] [     3584848]   0-None                     (    0)
[211] [     3597326]   0-None                     (    0)
[212] [     3609802]   0-None                     (    0)
[213] [     3622287]   0-None                     (    0)
[214] [     3634766]   0-None                     (    0)
[215] [     3647261]   0-None                     (    0)
[216] [     3659763]   0-None                     (    0)
[217] [     3672246]   0-None                     (    0)
[218] [     3684739]   0-None                     (    0)
[219] [     3697246]   0-None                     (    0)
[220] [     3709739]   0-None                     (    0)
[221] [     3722225]   0-None                     (    0)
[222] [     3734721]   0-None                     (    0)
[223] [     3747219]   0-None                     (    0)
[224] [     3759723]   0-None                     (    0)
[225] [     3772221]   0-None                     (    0)
[226] [     3784719]   0-None                     (    0)
[227] [     3797223]   0-None                     (    0)
[228] [     3809701]   0-None                     (    0)
[229] [     3822196]   0-None                     (    0)
[230] [     3834680]   0-None                     (    0)
[231] [     3847158]   0-None                     (    0)
[232] [     3859657]   0-None                     (    0)
[233] [     3872132]   0-None                     (    0)
[234] [     3884615]   0-None                     (    0)
[235] [     3897095]   0-None                     (    0)
[236] [     3909592]   0-None                     (    0)
[237] [     3922077]   0-None                     (    0)
[238] [     3934594]   0-None                     (    0)
[239] [     3947077]   0-None                     (    0)
[240] [     3959573]   0-None                     (    0)
[241] [     3972047]   0-None                     (    0)
[242] [     3984545]   0-None                     (    0)
[243] [     3997031]   0-None                     (    0)
[244] [     4009530]   0-None                     (    0)
[245] [     4021990]   0-None                     (    0)
[246] [     4034490]   0-None                     (    0)
[247] [     4046970]   0-None                     (    0)
[248] [     4059468]   0-None                     (    0)
[249] [     4071945]   0-None                     (    0)
[250] [     4084442]   0-None                     (    0)
[251] [     4096925]   0-None                     (    0)
[252] [     4109421]   0-None                     (    0)
[253] [     4121898]   0-None                     (    0)
[254] [     4134399]   0-None                     (    0)
[255] [     4146879]   0-None                     (    0)
[  0] [     4159362]   0-None                     (    0)
[  1] [     4171861]   0-None                     (    0)
[  2] [     4184359]   0-None                     (    0)
[  3] [     4196845]   0-None                     (    0)
[  4] [     4209320]   0-None                     (    0)
[  5] [     4221793]   0-None                     (    0)
[  6] [     4234277]   0-None                     (    0)
[  7] [     4246777]   0-None                     (    0)
[  8] [     4259256]   0-None                     (    0)
[  9] [     4271751]   0-None                     (    0)
[ 10] [     4284255]   0-None                     (    0)
[ 11] [     4296737]   0-None                     (    0)
[ 12] [     4309238]   0-None                     (    0)
[ 13] [     4321751]   0-None                     (    0)
[ 14] [     4334234]   0-None                     (    0)
[ 15] [     4346713]   0-None                     (    0)
[ 16] [     4359198]   0-None                     (    0)
[ 17] [     4371687]   0-None                     (    0)
[ 18] [     4384188]   0-None                     (    0)
[ 19] [     4396668]   0-None                     (    0)
[ 20] [     4409145]   0-None                     (    0)
[ 21] [     4421626]   0-None                     (    0)
[ 22] [     4434088]   0-None                     (    0)
[ 23] [     4446586]   0-None                     (    0)
[ 24] [     4459070]   0-None                     (    0)
[ 25] [     4471567]   0-None                     (    0)
[ 26] [     4484063]   0-None                     (    0)
[ 27] [     4496540]   0-None                     (    0)
[ 28] [     4509025]   0-None                     (    0)
[ 29] [     4521526]   0-None                     (    0)
[ 30] [     4534018]   0-None                     (    0)
[ 31] [     4546518]   0-None                     (    0)
[ 32] [     4558998]   0-None                     (    0)
[ 33] [     4571501]   0-None                     (    0)
[ 34] [     4584004]   0-None                     (    0)
[ 35] [     4596479]   0-None                     (    0)
[ 36] [     4608960]   0-None                     (    0)
[ 37] [     4621444]   0-None                     (    0)
[ 38] [     4633933]   0-None                     (    0)
[ 39] [     4646413]   0-None                     (    0)
[ 40] [     4658912]   0-None                     (    0)
[ 41] [     4671398]   0-None                     (    0)
[ 42] [     4683878]   0-None                     (    0)
[ 43] [     4696373]   0-None                     (    0)
[ 44] [     4708856]   0-None                     (    0)
[ 45] [     4721357]   0-None                     (    0)
[ 46] [     4733837]   0-None                     (    0)
[ 47] [     4746334]   0-None                     (    0)
[ 48] [     4758832]   0-None                     (    0)
[ 49] [     4771316]   0-None                     (    0)
[ 50] [     4783813]   0-None                     (    0)
[ 51] [     4796308]   0-None                     (    0)
[ 52] [     4808813]   0-None                     (    0)
[ 53] [     4821308]   0-None                     (    0)
[ 54] [     4833786]   0-None                     (    0)
[ 55] [     4846292]   0-None                     (    0)
[ 56] [     4858791]   0-None                     (    0)
[ 57] [     4871286]   0-None                     (    0)
[ 58] [     4883770]   0-None                     (    0)
[ 59] [     4896269]   0-None                     (    0)
[ 60] [     4908768]   0-None                     (    0)
[ 61] [     4921268]   0-None                     (    0)
[ 62] [     4933748]   0-None                     (    0)
[ 63] [     4946251]   0-None                     (    0)
[ 64] [     4958746]   0-None                     (    0)
[ 65] [     4971229]   0-None                     (    0)
[ 66] [     4983723]   0-None                     (    0)
[ 67] [     4996229]   0-None                     (    0)
[ 68] [     5008723]   0-None                     (    0)
[ 69] [     5021209]   0-None                     (    0)
[ 70] [     5033705]   0-None                     (    0)
[ 71] [     5046183]   0-None                     (    0)
[ 72] [     5058681]   0-None                     (    0)
[ 73] [     5071157]   0-None                     (    0)
[ 74] [     5083623]   0-None                     (    0)
[ 75] [     5096117]   0-None                     (    0)
[ 76] [     5108600]   0-None                     (    0)
[ 77] [     5121102]   0-None                     (    0)
[ 78] [     5133576]   0-None                     (    0)
[ 79] [     5146059]   0-None                     (    0)
[ 80] [     5158535]   0-None                     (    0)
[ 81] [     5171033]   0-None                     (    0)
[ 82] [     5183516]   0-None                     (    0)
[ 83] [     5196012]   0-None                     (    0)
[ 84] [     5208511]   0-None                     (    0)
[ 85] [     5221010]   0-None                     (    0)
[ 86] [     5233490]   0-None                     (    0)
[ 87] [     5245973]   0-None                     (    0)
[ 88] [     5258472]   0-None                     (    0)
[ 89] [     5270952]   0-None                     (    0)
[ 90] [     5283450]   0-None                     (    0)
[ 91] [     5295935]   0-None                     (    0)
[ 92] [     5308431]   0-None                     (    0)
[ 93] [     5320927]   0-None                     (    0)
[ 94] [     5333389]   0-None                     (    0)
[ 95] [     5345869]   0-None                     (    0)
[ 96] [     5358364]   0-None                     (    0)
[ 97] [     5370847]   0-None                     (    0)
[ 98] [     5383328]   0-None                     (    0)
[ 99] [     5395826]   0-None                     (    0)
[100] [     5408324]   0-None                     (    0)
[101] [     5420808]   0-None                     (    0)
[102] [     5433305]   0-None                     (    0)
[103] [     5445801]   0-None                     (    0)
[104] [     5458285]   0-None                     (    0)
[105] [     5470784]   0-None                     (    0)
[106] [     5483260]   0-None                     (    0)
[107] [     5495738]   0-None                     (    0)
[108] [     5508222]   0-None                     (    0)
[109] [     5520720]   0-None                     (    0)
[110] [     5533198]   0-None                     (    0)
[111] [     5545702]   0-None                     (    0)
[112] [     5558200]   0-None                     (    0)
[113] [     5570697]   0-None                     (    0)
[114] [     5583183]   0-None                     (    0)
[115] [     5595671]   0-None                     (    0)
[116] [     5608173]   0-None                     (    0)
[117] [     5620656]   0-None                     (    0)
[118] [     5633152]   0-None                     (    0)
[119] [     5645649]   0-None                     (    0)
[120] [     5658135]   0-None                     (    0)
[121] [     5670616]   0-None                     (    0)
[122] [     5683110]   0-None                     (    0)
[123] [     5695593]   0-None                     (    0)
[124] [     5708094]   0-None                     (    0)
[125] [     5720574]   0-None                     (    0)
[126] [     5733072]   0-None                     (    0)
[127] [     5745549]   0-None                     (    0)
[128] [     5758025]   0-None                     (    0)
[129] [     5770523]   0-None                     (    0)
[130] [     5783029]   0-None                     (    0)
[131] [     5795524]   0-None                     (    0)
[132] [     5808003]   0-None                     (    0)
[133] [     5820488]   0-None                     (    0)
[134] [     5833004]   0-None                     (    0)
[135] [     5845484]   0-None                     (    0)
[136] [     5857962]   0-None                     (    0)
[137] [     5870462]   0-None                     (    0)
[138] [     5882943]   0-None                     (    0)
[139] [     5895447]   0-None                     (    0)
[140] [     5907944]   0-None                     (    0)
[141] [     5920442]   0-None                     (    0)
[142] [     5932946]   0-None                     (    0)
[143] [     5945444]   0-None                     (    0)
[144] [     5957922]   0-None                     (    0)
[145] [     5970417]   0-None                     (    0)
[146] [     5982919]   0-None                     (    0)
[147] [     5995396]   0-None                     (    0)
[148] [     6007882]   0-None                     (    0)
[149] [     6020381]   0-None                     (    0)
[150] [     6032881]   0-None                     (    0)
[151] [     6045361]   0-None                     (    0)
[152] [     6057856]   0-None                     (    0)
[153] [     6070339]   0-None                     (    0)
[154] [     6082820]   0-None                     (    0)
[155] [     6095317]   0-None                     (    0)
[156] [     6107795]   0-None                     (    0)
[157] [     6120292]   0-None                     (    0)
[158] [     6132769]   0-None                     (    0)
[159] [     6145256]   0-None                     (    0)
[160] [     6157735]   0-None                     (    0)
[161] [     6170230]   0-None                     (    0)
[162] [     6182714]   0-None                     (    0)
[163] [     6195211]   0-None                     (    0)
[164] [     6207691]   0-None                     (    0)
[165] [     6220189]   0-None                     (    0)
[166] [     6232673]   0-None                     (    0)
[167] [     6245169]   0-None                     (    0)
[168] [     6257644]   0-None                     (    0)
[169] [     6270142]   0-None                     (    0)
[170] [     6282628]   0-None                     (    0)
[171] [     6295128]   0-None                     (    0)
[172] [     6307608]   0-None                     (    0)
[173] [     6320103]   0-None                     (    0)
[174] [     6332585]   0-None                     (    0)
[175] [     6345087]   0-None                     (    0)
[176] [     6357566]   0-None                     (    0)
[177] [     6370064]   0-None                     (    0)
[178] [     6382541]   0-None                     (    0)
[179] [     6395057]   0-None                     (    0)
[180] [     6407560]   0-None                     (    0)
[181] [     6420062]   0-None                     (    0)
[182] [     6432565]   0-None                     (    0)
[183] [     6445062]   0-None                     (    0)
[184] [     6457559]   0-None                     (    0)
[185] [     6470042]   0-None                     (    0)
[186] [     6482539]   0-None                     (    0)
[187] [     6495056]   0-None                     (    0)
[188] [     6507546]   0-None                     (    0)
[189] [     6520037]   0-None                     (    0)
[190] [     6532542]   0-None                     (    0)
[191] [     6545037]   0-None                     (    0)
[192] [     6557539]   0-None                     (    0)
[193] [     6570015]   0-None                     (    0)
[194] [     6582513]   0-None                     (    0)
[195] [     6594999]   0-None                     (    0)
[196] [     6607498]   0-None                     (    0)
