[ 57] [    16333597] 1 | True  True 00 ( 1197,  254)   4   739  1284
[ 58] [    16346096] 1 | True  True 00 ( 1200,  255)   4   721  1556
[ 59] [    16358596] 1 | True  True 00 ( 1207,  258)   5   717  1664
[ 60] [    16371115] 1 | True  True 00 ( 1218,  264)   5   754  1496
[ 61] [    16383617] 1 | True  True 00 ( 1235,  272)   4   723  1196
[ 62] [    16396133] 1 | True  True 00 ( 1253,  283)   4   730  1036
[ 63] [    16408631] 1 | True  True 00 ( 1270,  295)   4   748   964
[ 64] [    16421129] 1 | True  True 00 ( 1286,  309)   4   761  1272
[ 65] [    16433645] 1 | True  True 00 ( 1300,  324)   5   784  1580
[ 66] [    16446145] 1 | True  True 00 ( 1313,  343)   6   841  1672
[ 67] [    16458666] 1 | True  True 00 ( 1325,  360)   5   712  1504
[ 68] [    16471152] 1 | True  True 00 ( 1339,  380)   5   813  1164
[ 69] [    16483643] 1 | True  True 00 ( 1351,  397)   4   656   888
[ 70] [    16496144] 1 | True  True 00 ( 1363,  417)   6   852  1096
[ 71] [    16508645] 1 | True  True 00 ( 1374,  437)   4   634   968
[ 72] [    16521126] 1 | True  True 00 ( 1382,  458)   4   746  1228
[ 73] [    16533630] 1 | True  True 00 ( 1389,  482)   4   709   952
[ 74] [    16546126] 1 | True  True 00 ( 1393,  506)   5   777   828
[ 75] [    16558609] 1 | True  True 00 ( 1395,  528)   5   844  1124
[ 76] [    16571103] 1 | True  True 00 ( 1398,  551)   4   671  1196
[ 77] [    16583601] 1 | True  True 00 ( 1397,  571)   6   843  1108
[ 78] [    16596088] 1 | True  True 00 ( 1396,  593)   4   725   944
[ 79] [    16608584] 1 | True  True 00 ( 1392,  617)   4   712   988
[ 80] [    16621089] 1 | True  True 00 ( 1386,  639)   5   765  1284
[ 81] [    16633585] 1 | True  True 00 ( 1378,  660)   5   734  1536
[ 82] [    16646070] 1 | True  True 00 ( 1367,  681)   5   722  1592
[ 83] [    16658578] 1 | True  True 00 ( 1356,  701)   4   711  1448
[ 84] [    16671069] 1 | True  True 00 ( 1345,  721)   4   733  1136
[ 85] [    16683558] 1 | True  True 00 ( 1334,  740)   4   739  1044
[ 86] [    16696039] 1 | True  True 00 ( 1322,  759)   4   739  1044
[ 87] [    16708516] 1 | True  True 00 ( 1308,  775)   4   698  1232
[ 88] [    16721017] 1 | True  True 00 ( 1291,  791)   5   768  1544
[ 89] [    16733497] 1 | True  True 00 ( 1271,  806)   4   693  1644
[ 90] [    16746000] 1 | True  True 00 ( 1253,  820)   4   729  1500
[ 91] [    16758495] 1 | True  True 00 ( 1235,  832)   4   757  1248
[ 92] [    16770998] 1 | True  True 00 ( 1217,  842)   4   745   976
[ 93] [    16783481] 1 | True  True 00 ( 1196,  852)   5   783  1168
[ 94] [    16795975] 1 | True  True 00 ( 1171,  860)   4   737  1196
[ 95] [    16808474] 1 | True  True 00 ( 1150,  867)   4   737  1036
[ 96] [    16820981] 1 | True  True 00 ( 1129,  872)   4   734   788
[ 97] [    16833474] 1 | True  True 00 ( 1108,  875)   4   714   884
[ 98] [    16845953] 1 | True  True 00 ( 1084,  877)   6   784  1096
[ 99] [    16858456] 1 | True  True 00 ( 1060,  879)   4   724  1112
[100] [    16870954] 1 | True  True 00 ( 1038,  878)   4   726  1056
[101] [    16883436] 1 | True  True 00 ( 1018,  876)   4   715   884
[102] [    16895932] 1 | True  True 00 (  997,  872)   4   685  1032
[103] [    16908430] 1 | True  True 00 (  974,  867)   4   675  1372
[104] [    16920915] 1 | True  True 00 (  952,  861)   3   604  1528
[105] [    16933393] 1 | True  True 00 (  932,  853)   3   609  1500
[106] [    16945889] 1 | True  True 00 (  914,  843)   4   669  1300
[107] [    16958369] 1 | True  True 00 (  897,  832)   4   670   960
[108] [    16970851] 1 | True  True 00 (  879,  820)   4   667  1040
[109] [    16983334] 1 | True  True 00 (  860,  805)   4   631  1000
[110] [    16995811] 1 | True  True 00 (  841,  789)   3   597  1304
[111] [    17008306] 1 | True  True 00 (  825,  771)   3   606  1496
[112] [    17020782] 1 | True  True 00 (  811,  754)   3   572  1456
[113] [    17033262] 1 | True  True 00 (  800,  737)   4   661  1292
[114] [    17045722] 1 | True  True 00 (  789,  719)   4   682   976
[115] [    17058203] 1 | True  True 00 (  779,  699)   4   652   780
[116] [    17070681] 1 | True  True 00 (  771,  677)   5   704  1016
[117] [    17083164] 1 | True  True 00 (  766,  656)   4   626  1084
[118] [    17095660] 1 | True  True 00 (  760,  635)   3   628   988
[119] [    17108143] 1 | True  True 00 (  754,  611)   5   822   892
[120] [    17120635] 1 | True  True 00 (  750,  589)   4   657   872
[121] [    17133136] 1 | True  True 00 (  748,  567)   4   647   956
[122] [    17145616] 1 | True  True 00 (  750,  544)   4   690  1268
[123] [    17158119] 1 | True  True 00 (  752,  522)   4   639   956
[124] [    17170614] 1 | True  True 00 (  754,  500)   4   758   944
[125] [    17183118] 1 | True  True 00 (  757,  476)   4   653   972
[126] [    17195621] 1 | True  True 00 (  763,  451)   4   643  1356
[127] [    17208117] 1 | True  True 00 (  769,  429)   3   603  1560
[128] [    17220621] 1 | True  True 00 (  776,  410)   3   613  1528
[129] [    17233122] 1 | True  True 00 (  784,  393)   4   695  1428
[130] [    17245620] 1 | True  True 00 (  795,  375)   4   672  1056
[131] [    17258115] 1 | True  True 00 (  809,  358)   4   700   956
[132] [    17270599] 1 | True  True 00 (  826,  341)   4   698  1028
[133] [    17283079] 1 | True  True 00 (  842,  324)   4   663  1296
[134] [    17295575] 1 | True  True 00 (  858,  309)   4   651  1520
[135] [    17308060] 1 | True  True 00 (  874,  295)   4   644  1548
[136] [    17320549] 1 | True  True 00 (  893,  282)   4   659  1268
[137] [    17333050] 1 | True  True 00 (  914,  272)   4   666   932
[138] [    17345553] 1 | True  True 00 (  935,  263)   4   697  1120
[139] [    17358070] 1 | True  True 00 (  956,  255)   4   710  1292
[140] [    17370552] 1 | True  True 00 (  976,  249)   5   711  1320
[141] [    17383049] 1 | True  True 00 (  998,  245)   4   678  1120
[142] [    17395550] 1 | True  True 00 ( 1021,  241)   4   702   836
[143] [    17408033] 1 | True  True 00 ( 1046,  239)   4   713  1132
[144] [    17420549] 1 | True  True 00 ( 1068,  238)   4   713  1276
[145] [    17433031] 1 | True  True 00 ( 1088,  238)   4   691  1292
[146] [    17445527] 1 | True  True 00 ( 1112,  240)   4   699  1088
[147] [    17458026] 1 | True  True 00 ( 1136,  242)   4   742  1120
[148] [    17470532] 1 | True  True 00 ( 1158,  247)   4   724  1452
[149] [    17483008] 1 | True  True 00 ( 1178,  252)   3   640  1648
[150] [    17495508] 1 | True  True 00 ( 1196,  258)   5   743  1632
[151] [    17508010] 1 | True  True 00 ( 1218,  267)   4   705  1332
[152] [    17520490] 1 | True  True 00 ( 1239,  277)   4   731  1060
[153] [    17533006] 1 | True  True 00 ( 1259,  288)   4   759  1008
[154] [    17545486] 1 | True  True 00 ( 1276,  302)   4   745  1012
[155] [    17557969] 1 | True  True 00 ( 1291,  317)   4   773  1440
[156] [    17570467] 1 | True  True 00 ( 1306,  332)   3   653  1716
[157] [    17582965] 1 | True  True 00 ( 1318,  348)   5   744  1640
[158] [    17595450] 1 | True  True 00 ( 1331,  366)   5   752  1412
[159] [    17607926] 1 | True  True 00 ( 1345,  384)   4   695  1088
[160] [    17620401] 1 | True  True 00 ( 1358,  404)   4   727   948
[161] [    17632884] 1 | True  True 00 ( 1369,  425)   4   654   936
[162] [    17645364] 1 | True  True 00 ( 1378,  446)   4   653   992
[163] [    17657860] 1 | True  True 00 ( 1385,  470)   4   655   924
[164] [    17670343] 1 | True  True 00 ( 1389,  494)   5   767   816
[165] [    17682824] 1 | True  True 00 ( 1391,  515)   4   763   888
[166] [    17695301] 1 | True  True 00 ( 1394,  537)   5   792  1152
[167] [    17707797] 1 | True  True 00 ( 1396,  558)   5   773  1168
[168] [    17720273] 1 | True  True 00 ( 1396,  580)   4   739  1048
[169] [    17732773] 1 | True  True 00 ( 1394,  603)   4   735   944
[170] [    17745259] 1 | True  True 00 ( 1390,  626)   5   801  1136
[171] [    17757758] 1 | True  True 00 ( 1382,  648)   4   694  1388
[172] [    17770239] 1 | True  True 00 ( 1371,  670)   5   722  1592
[173] [    17782735] 1 | True  True 00 ( 1360,  691)   5   741  1564
[174] [    17795218] 1 | True  True 00 ( 1349,  711)   4   755  1388
[175] [    17807712] 1 | True  True 00 ( 1338,  730)   4   754   972
[176] [    17820198] 1 | True  True 00 ( 1327,  749)   4   753  1056
[177] [    17832675] 1 | True  True 00 ( 1315,  766)   4   728  1044
[178] [    17845170] 1 | True  True 00 ( 1300,  782)   5   757  1380
[179] [    17857652] 1 | True  True 00 ( 1281,  798)   5   759  1616
[180] [    17870128] 1 | True  True 00 ( 1263,  812)   4   695  1644
[181] [    17882628] 1 | True  True 00 ( 1245,  824)   4   743  1396
[182] [    17895107] 1 | True  True 00 ( 1228,  836)   4   727  1012
[183] [    17907592] 1 | True  True 00 ( 1209,  847)   4   723   992
[184] [    17920070] 1 | True  True 00 ( 1186,  856)   6   815  1196
[185] [    17932553] 1 | True  True 00 ( 1163,  863)   4   738  1152
[186] [    17945042] 1 | True  True 00 ( 1142,  869)   4   754   920
[187] [    17957525] 1 | True  True 00 ( 1121,  874)   4   743   780
[188] [    17970021] 1 | True  True 00 ( 1100,  877)   4   717   956
[189] [    17982500] 1 | True  True 00 ( 1075,  879)   4   709  1168
[190] [    17994981] 1 | True  True 00 ( 1052,  879)   4   723  1112
[191] [    18007464] 1 | True  True 00 ( 1030,  878)   4   718   968
[192] [    18019925] 1 | True  True 00 ( 1010,  875)   4   708   864
[193] [    18032400] 1 | True  True 00 (  988,  871)   4   674  1172
[194] [    18044876] 1 | True  True 00 (  965,  866)   4   657  1456
[195] [    18057356] 1 | True  True 00 (  944,  858)   5   725  1572
[196] [    18069838] 1 | True  True 00 (  925,  848)   4   647  1444
[197] [    18082319] 1 | True  True 00 (  908,  838)   4   658  1188
[198] [    18094816] 1 | True  True 00 (  890,  827)   4   673  1028
[199] [    18107294] 1 | True  True 00 (  872,  814)   4   667  1056
[200] [    18119770] 1 | True  True 00 (  852,  798)   5   691  1112
[201] [    18132248] 1 | True  True 00 (  835,  782)   3   601  1412
[202] [    18144749] 1 | True  True 00 (  819,  764)   3   582  1456
[203] [    18157209] 1 | True  True 00 (  807,  748)   3   580  1412
[204] [    18169689] 1 | True  True 00 (  795,  730)   4   685  1168
[205] [    18182188] 1 | True  True 00 (  784,  711)   4   681   808
[206] [    18194673] 1 | True  True 00 (  776,  690)   5   726   904
[207] [    18207148] 1 | True  True 00 (  768,  669)   4   651  1028
[208] [    18219625] 1 | True  True 00 (  762,  648)   4   651  1056
[209] [    18232104] 1 | True  True 00 (  757,  624)   4   765  1000
[210] [    18244587] 1 | True  True 00 (  753,  600)   6   830   844
[211] [    18257065] 1 | True  True 00 (  749,  579)   4   622   872
[212] [    18269542] 1 | True  True 00 (  748,  557)   3   568   956
[213] [    18282037] 1 | True  True 00 (  749,  535)   4   613   956
[214] [    18294520] 1 | True  True 00 (  751,  512)   4   658   944
[215] [    18307018] 1 | True  True 00 (  754,  489)   4   673   784
[216] [    18319496] 1 | True  True 00 (  760,  467)   4   686  1144
[217] [    18331996] 1 | True  True 00 (  767,  447)   4   719  1444
[218] [    18344497] 1 | True  True 00 (  773,  429)   4   712  1616
[219] [    18356997] 1 | True  True 00 (  780,  410)   5   767  1588
[220] [    18369497] 1 | True  True 00 (  789,  391)   4   681  1272
[221] [    18381998] 1 | True  True 00 (  801,  372)   4   680   972
[222] [    18394499] 1 | True  True 00 (  816,  353)   4   709   956
[223] [    18407000] 1 | True  True 00 (  832,  335)   4   701  1152
[224] [    18419500] 1 | True  True 00 (  849,  319)   5   705  1420
[225] [    18432020] 1 | True  True 00 (  864,  305)   4   647  1560
[226] [    18444516] 1 | True  True 00 (  881,  290)   4   633  1408
[227] [    18457014] 1 | True  True 00 (  901,  278)   3   617  1140
[228] [    18469520] 1 | True  True 00 (  922,  268)   4   686  1032
[229] [    18482015] 1 | True  True 00 (  945,  260)   4   684  1220
[230] [    18494535] 1 | True  True 00 (  965,  253)   4   696  1320
[231] [    18507014] 1 | True  True 00 (  985,  247)   5   706  1220
[232] [    18519513] 1 | True  True 00 ( 1007,  242)   4   683   932
[233] [    18532019] 1 | True  True 00 ( 1030,  239)   4   711   940
[234] [    18544517] 1 | True  True 00 ( 1053,  237)   4   705  1132
[235] [    18557015] 1 | True  True 00 ( 1074,  236)   4   729  1352
[236] [    18569515] 1 | True  True 00 ( 1095,  237)   5   742  1220
[237] [    18581993] 1 | True  True 00 ( 1119,  239)   4   729  1056
[238] [    18594477] 1 | True  True 00 ( 1143,  243)   4   727  1224
[239] [    18606974] 1 | True  True 00 ( 1165,  247)   4   738  1544
[240] [    18619477] 1 | True  True 00 ( 1183,  253)   4   692  1692
[241] [    18631953] 1 | True  True 00 ( 1204,  260)   5   781  1588
[242] [    18644453] 1 | True  True 00 ( 1226,  270)   3   655  1224
[243] [    18656953] 1 | True  True 00 ( 1247,  280)   4   743  1036
[244] [    18669453] 1 | True  True 00 ( 1266,  293)   4   774   992
[245] [    18681953] 1 | True  True 00 ( 1282,  308)   4   765  1196
[246] [    18694454] 1 | True  True 00 ( 1298,  323)   4   747  1596
[247] [    18706953] 1 | True  True 00 ( 1310,  338)   4   735  1732
[248] [    18719453] 1 | True  True 00 ( 1324,  355)   5   747  1640
[249] [    18731953] 1 | True  True 00 ( 1337,  372)   5   744  1288
[250] [    18744453] 1 | True  True 00 ( 1349,  394)   5   872  1096
[251] [    18756953] 1 | True  True 00 ( 1359,  414)   5   739   980
[252] [    18769454] 1 | True  True 00 ( 1371,  435)   5   780  1168
[253] [    18781935] 1 | True  True 00 ( 1381,  457)   5   692  1052
[254] [    18794433] 1 | True  True 00 ( 1388,  480)   4   721   968
[255] [    18806910] 1 | True  True 00 ( 1394,  504)   4   677   768
[  0] [    18819386] 1 | True  True 00 ( 1396,  527)   4   727  1036
[  1] [    18831864] 1 | True  True 00 ( 1398,  550)   4   705  1212
[  2] [    18844345] 1 | True  True 00 ( 1398,  571)   6   787  1064
[  3] [    18856828] 1 | True  True 00 ( 1397,  593)   4   732   976
[  4] [    18869329] 1 | True  True 00 ( 1393,  615)   4   740   972
[  5] [    18881829] 1 | True  True 00 ( 1388,  638)   5   745  1224
[  6] [    18894323] 1 | True  True 00 ( 1379,  659)   4   704  1504
[  7] [    18906809] 1 | True  True 00 ( 1368,  679)   5   741  1652
[  8] [    18919304] 1 | True  True 00 ( 1356,  699)   4   714  1520
[  9] [    18931787] 1 | True  True 00 ( 1345,  718)   4   763  1224
[ 10] [    18944282] 1 | True  True 00 ( 1334,  737)   4   728   984
[ 11] [    18956778] 1 | True  True 00 ( 1322,  755)   4   750  1072
[ 12] [    18969262] 1 | True  True 00 ( 1309,  772)   4   709  1204
[ 13] [    18981757] 1 | True  True 00 ( 1293,  788)   5   753  1512
[ 14] [    18994257] 1 | True  True 00 ( 1275,  804)   5   729  1660
[ 15] [    19006763] 1 | True  True 00 ( 1256,  817)   4   725  1572
[ 16] [    19019241] 1 | True  True 00 ( 1238,  829)   4   725  1204
[ 17] [    19031742] 1 | True  True 00 ( 1221,  841)   4   750   920
[ 18] [    19044222] 1 | True  True 00 ( 1201,  851)   5   772  1124
[ 19] [    19056718] 1 | True  True 00 ( 1177,  860)   4   738  1240
[ 20] [    19069200] 1 | True  True 00 ( 1155,  866)   4   747  1108
[ 21] [    19081681] 1 | True  True 00 ( 1134,  871)   4   745   844
[ 22] [    19094159] 1 | True  True 00 ( 1113,  875)   4   728   868
[ 23] [    19106633] 1 | True  True 00 ( 1090,  877)   4   672  1056
[ 24] [    19119119] 1 | True  True 00 ( 1066,  878)   4   724  1156
[ 25] [    19131611] 1 | True  True 00 ( 1044,  878)   4   734  1096
[ 26] [    19144091] 1 | True  True 00 ( 1022,  876)   4   740   956
[ 27] [    19156574] 1 | True  True 00 ( 1002,  873)   4   713   988
[ 28] [    19169056] 1 | True  True 00 (  979,  869)   4   662  1260
[ 29] [    19181553] 1 | True  True 00 (  957,  862)   3   597  1544
[ 30] [    19194051] 1 | True  True 00 (  936,  854)   4   652  1500
[ 31] [    19206535] 1 | True  True 00 (  918,  844)   4   671  1372
[ 32] [    19219032] 1 | True  True 00 (  901,  834)   4   668  1032
[ 33] [    19231508] 1 | True  True 00 (  883,  822)   4   682  1040
[ 34] [    19244007] 1 | True  True 00 (  864,  808)   4   648  1040
[ 35] [    19256509] 1 | True  True 00 (  843,  792)   4   663  1276
[ 36] [    19268984] 1 | True  True 00 (  826,  775)   3   617  1484
[ 37] [    19281483] 1 | True  True 00 (  812,  756)   4   643  1508
[ 38] [    19293963] 1 | True  True 00 (  801,  739)   4   663  1316
[ 39] [    19306466] 1 | True  True 00 (  790,  721)   4   688  1016
[ 40] [    19318970] 1 | True  True 00 (  781,  702)   4   676   796
[ 41] [    19331464] 1 | True  True 00 (  772,  681)   4   668   976
[ 42] [    19343947] 1 | True  True 00 (  764,  657)   4   702  1096
[ 43] [    19356448] 1 | True  True 00 (  757,  634)   5   746  1056
[ 44] [    19368908] 1 | True  True 00 (  754,  613)   4   716   904
[ 45] [    19381405] 1 | True  True 00 (  751,  590)   4   764  1028
[ 46] [    19393879] 1 | True  True 00 (  749,  569)   4   644   888
[ 47] [    19406377] 1 | True  True 00 (  749,  548)   4   622  1000
[ 48] [    19418857] 1 | True  True 00 (  751,  526)   4   664  1084
[ 49] [    19431357] 1 | True  True 00 (  754,  505)   4   749  1040
[ 50] [    19443837] 1 | True  True 00 (  757,  484)   4   766   916
[ 51] [    19456320] 1 | True  True 00 (  763,  460)   3   623  1316
[ 52] [    19468801] 1 | True  True 00 (  770,  439)   5   728  1528
[ 53] [    19481279] 1 | True  True 00 (  776,  419)   3   621  1588
[ 54] [    19493775] 1 | True  True 00 (  783,  400)   3   625  1460
[ 55] [    19506272] 1 | True  True 00 (  793,  381)   5   729  1128
[ 56] [    19518775] 1 | True  True 00 (  807,  362)   4   692   984
[ 57] [    19531272] 1 | True  True 00 (  822,  345)   4   702   916
[ 58] [    19543754] 1 | True  True 00 (  839,  328)   4   676  1268
[ 59] [    19556230] 1 | True  True 00 (  855,  312)   4   659  1492
[ 60] [    19568736] 1 | True  True 00 (  870,  298)   4   653  1532
[ 61] [    19581215] 1 | True  True 00 (  887,  285)   4   634  1352
[ 62] [    19593710] 1 | True  True 00 (  908,  274)   4   687  1040
[ 63] [    19606213] 1 | True  True 00 (  930,  264)   4   690  1060
[ 64] [    19618716] 1 | True  True 00 (  951,  256)   4   709  1260
[ 65] [    19631211] 1 | True  True 00 (  971,  249)   5   740  1320
[ 66] [    19643714] 1 | True  True 00 (  992,  244)   5   718  1120
[ 67] [    19656210] 1 | True  True 00 ( 1016,  240)   4   699   876
[ 68] [    19668713] 1 | True  True 00 ( 1040,  238)   4   715  1028
[ 69] [    19681215] 1 | True  True 00 ( 1062,  237)   4   706  1248
[ 70] [    19693690] 1 | True  True 00 ( 1082,  237)   5   731  1324
[ 71] [    19706191] 1 | True  True 00 ( 1105,  239)   4   683  1144
[ 72] [    19718690] 1 | True  True 00 ( 1129,  241)   4   726  1012
[ 73] [    19731190] 1 | True  True 00 ( 1153,  245)   4   713  1344
[ 74] [    19743670] 1 | True  True 00 ( 1174,  250)   3   647  1632
[ 75] [    19756148] 1 | True  True 00 ( 1193,  256)   5   762  1724
[ 76] [    19768644] 1 | True  True 00 ( 1213,  264)   5   770  1452
[ 77] [    19781125] 1 | True  True 00 ( 1235,  274)   4   723  1104
[ 78] [    19793602] 1 | True  True 00 ( 1255,  285)   4   743   976
[ 79] [    19806103] 1 | True  True 00 ( 1273,  299)   5   804   980
[ 80] [    19818583] 1 | True  True 00 ( 1289,  314)   4   758  1380
[ 81] [    19831065] 1 | True  True 00 ( 1303,  330)   4   745  1688
[ 82] [    19843567] 1 | True  True 00 ( 1317,  346)   5   755  1640
[ 83] [    19856047] 1 | True  True 00 ( 1329,  366)   5   818  1456
[ 84] [    19868564] 1 | True  True 00 ( 1342,  383)   4   670  1104
[ 85] [    19881044] 1 | True  True 00 ( 1355,  401)   4   659   844
[ 86] [    19893546] 1 | True  True 00 ( 1367,  420)   4   694   936
[ 87] [    19906041] 1 | True  True 00 ( 1377,  442)   5   842  1276
[ 88] [    19918526] 1 | True  True 00 ( 1384,  464)   4   790  1240
[ 89] [    19930997] 1 | True  True 00 ( 1388,  486)   5   817   936
[ 90] [    19943480] 1 | True  True 00 ( 1391,  508)   4   754   856
[ 91] [    19955981] 1 | True  True 00 ( 1394,  530)   4   787  1108
[ 92] [    19968474] 1 | True  True 00 ( 1396,  552)   5   780  1244
[ 93] [    19980976] 1 | True  True 00 ( 1396,  575)   5   787  1048
[ 94] [    19993456] 1 | True  True 00 ( 1394,  598)   4   736   932
[ 95] [    20005958] 1 | True  True 00 ( 1390,  621)   4   712  1048
[ 96] [    20018421] 1 | True  True 00 ( 1384,  644)   5   742  1312
[ 97] [    20030917] 1 | True  True 00 ( 1375,  664)   5   763  1564
[ 98] [    20043395] 1 | True  True 00 ( 1364,  686)   5   738  1608
[ 99] [    20055892] 1 | True  True 00 ( 1353,  706)   4   744  1432
[100] [    20068369] 1 | True  True 00 ( 1342,  725)   4   728  1016
[101] [    20080828] 1 | True  True 00 ( 1330,  745)   4   749  1056
[102] [    20093311] 1 | True  True 00 ( 1318,  763)   4   745  1056
[103] [    20105791] 1 | True  True 00 ( 1305,  779)   5   745  1276
[104] [    20118288] 1 | True  True 00 ( 1286,  794)   5   733  1600
[105] [    20130771] 1 | True  True 00 ( 1267,  808)   5   752  1688
[106] [    20143244] 1 | True  True 00 ( 1250,  822)   4   722  1456
[107] [    20155743] 1 | True  True 00 ( 1232,  833)   4   746  1116
[108] [    20168222] 1 | True  True 00 ( 1213,  844)   4   715   976
[109] [    20180703] 1 | True  True 00 ( 1191,  853)   5   735  1168
[110] [    20193166] 1 | True  True 00 ( 1168,  861)   4   755  1224
[111] [    20205621] 1 | True  True 00 ( 1146,  868)   4   747   976
[112] [    20218106] 1 | True  True 00 ( 1126,  873)   4   738   804
[113] [    20230598] 1 | True  True 00 ( 1105,  876)   4   720   912
[114] [    20243079] 1 | True  True 00 ( 1081,  879)   6   782  1112
[115] [    20255542] 1 | True  True 00 ( 1057,  879)   4   737  1168
[116] [    20268018] 1 | True  True 00 ( 1035,  878)   4   723  1012
[117] [    20280492] 1 | True  True 00 ( 1014,  875)   4   710   896
[118] [    20292975] 1 | True  True 00 (  993,  872)   4   695  1144
[119] [    20305455] 1 | True  True 00 (  970,  866)   4   679  1444
[120] [    20317937] 1 | True  True 00 (  948,  859)   3   593  1512
[121] [    20330410] 1 | True  True 00 (  930,  851)   5   716  1512
[122] [    20342893] 1 | True  True 00 (  912,  841)   4   669  1260
[123] [    20355388] 1 | True  True 00 (  895,  830)   4   691   972
[124] [    20367871] 1 | True  True 00 (  877,  817)   4   651   988
[125] [    20380347] 1 | True  True 00 (  856,  801)   5   694  1072
[126] [    20392826] 1 | True  True 00 (  837,  785)   4   670  1360
[127] [    20405329] 1 | True  True 00 (  821,  768)   3   596  1484
[128] [    20417811] 1 | True  True 00 (  808,  750)   3   598  1468
[129] [    20430304] 1 | True  True 00 (  797,  732)   4   692  1236
[130] [    20442791] 1 | True  True 00 (  787,  714)   4   672   892
[131] [    20455270] 1 | True  True 00 (  777,  693)   4   683   864
[132] [    20467767] 1 | True  True 00 (  769,  672)   4   665  1016
[133] [    20480240] 1 | True  True 00 (  764,  653)   3   594  1124
[134] [    20492718] 1 | True  True 00 (  759,  633)   4   655  1000
[135] [    20505199] 1 | True  True 00 (  753,  612)   4   634   808
[136] [    20517682] 1 | True  True 00 (  750,  588)   5   808   956
[137] [    20530163] 1 | True  True 00 (  749,  564)   4   602   928
[138] [    20542641] 1 | True  True 00 (  749,  541)   4   679  1096
[139] [    20555137] 1 | True  True 00 (  750,  518)   4   660   900
[140] [    20567615] 1 | True  True 00 (  752,  496)   5   807   872
[141] [    20580081] 1 | True  True 00 (  758,  472)   4   682  1056
[142] [    20592575] 1 | True  True 00 (  764,  448)   3   602  1416
[143] [    20605054] 1 | True  True 00 (  771,  426)   3   604  1588
[144] [    20617534] 1 | True  True 00 (  777,  408)   6   798  1572
[145] [    20630032] 1 | True  True 00 (  786,  390)   4   652  1300
[146] [    20642537] 1 | True  True 00 (  798,  372)   4   683   972
[147] [    20655034] 1 | True  True 00 (  813,  355)   4   699   956
[148] [    20667532] 1 | True  True 00 (  829,  338)   4   699  1084
[149] [    20680037] 1 | True  True 00 (  846,  322)   5   727  1408
[150] [    20692534] 1 | True  True 00 (  862,  307)   4   645  1548
[151] [    20705012] 1 | True  True 00 (  877,  293)   4   630  1492
[152] [    20717529] 1 | True  True 00 (  897,  281)   3   607  1240
[153] [    20730012] 1 | True  True 00 (  918,  271)   4   674   976
[154] [    20742509] 1 | True  True 00 (  939,  262)   4   686  1132
[155] [    20754991] 1 | True  True 00 (  960,  255)   4   691  1304
[156] [    20767487] 1 | True  True 00 (  980,  248)   4   650  1260
[157] [    20779965] 1 | True  True 00 ( 1002,  243)   4   686  1004
[158] [    20792466] 1 | True  True 00 ( 1026,  239)   4   707   836
[159] [    20804945] 1 | True  True 00 ( 1049,  237)   4   702  1100
[160] [    20817448] 1 | True  True 00 ( 1070,  236)   4   698  1276
[161] [    20829951] 1 | True  True 00 ( 1091,  237)   4   673  1276
[162] [    20842447] 1 | True  True 00 ( 1114,  239)   4   698  1100
[163] [    20854930] 1 | True  True 00 ( 1139,  242)   4   720  1164
[164] [    20867424] 1 | True  True 00 ( 1161,  247)   4   710  1468
[165] [    20879910] 1 | True  True 00 ( 1181,  252)   3   644  1680
[166] [    20892403] 1 | True  True 00 ( 1200,  259)   5   746  1572
[167] [    20904907] 1 | True  True 00 ( 1221,  268)   4   701  1300
[168] [    20917404] 1 | True  True 00 ( 1242,  279)   4   727  1008
[169] [    20929906] 1 | True  True 00 ( 1262,  292)   4   751  1008
[170] [    20942389] 1 | True  True 00 ( 1279,  305)   4   748  1088
[171] [    20954904] 1 | True  True 00 ( 1295,  320)   4   758  1516
[172] [    20967403] 1 | True  True 00 ( 1308,  335)   5   772  1700
[173] [    20979905] 1 | True  True 00 ( 1320,  352)   7   875  1672
[174] [    20992383] 1 | True  True 00 ( 1334,  369)   4   665  1332
[175] [    21004880] 1 | True  True 00 ( 1346,  389)   5   822  1028
[176] [    21017362] 1 | True  True 00 ( 1357,  410)   5   831  1128
[177] [    21029837] 1 | True  True 00 ( 1368,  431)   4   768  1232
[178] [    21042337] 1 | True  True 00 ( 1376,  452)   6   781  1052
[179] [        1056] 1 | True  True 00 ( 1384,  473)   4   768  1124
[180] [       13539] 1 | True  True 00 ( 1389,  497)   4   707   772
[181] [       26020] 1 | True  True 00 ( 1393,  520)   4   736   948
[182] [       38498] 1 | True  True 00 ( 1395,  540)   5   818  1140
[183] [       50993] 1 | True  True 00 ( 1396,  560)   4   730  1196
[184] [       63491] 1 | True  True 00 ( 1396,  583)   4   722   976
[185] [       75970] 1 | True  True 00 ( 1393,  607)   5   770   884
[186] [       88469] 1 | True  True 00 ( 1388,  630)   5   774  1224
[187] [      100975] 1 | True  True 00 ( 1380,  652)   4   702  1492
[188] [      113470] 1 | True  True 00 ( 1368,  675)   5   726  1592
[189] [      125968] 1 | True  True 00 ( 1357,  695)   4   704  1580
[190] [      138454] 1 | True  True 00 ( 1347,  714)   4   737  1268
[191] [      150935] 1 | True  True 00 ( 1336,  734)   4   750  1000
[192] [      163429] 1 | True  True 00 ( 1324,  752)   4   754  1056
[193] [      175912] 1 | True  True 00 ( 1312,  769)   4   731  1144
[194] [      188391] 1 | True  True 00 ( 1297,  785)   5   745  1440
[195] [      200868] 1 | True  True 00 ( 1279,  800)   5   742  1644
[196] [      213371] 1 | True  True 00 ( 1261,  814)   4   700  1588
[197] [      225866] 1 | True  True 00 ( 1243,  826)   4   725  1324
[198] [      238348] 1 | True  True 00 ( 1225,  838)   4   737   968
[199] [      250843] 1 | True  True 00 ( 1205,  848)   4   705  1080
[200] [      263329] 1 | True  True 00 ( 1181,  857)   5   764  1240
[201] [      275828] 1 | True  True 00 ( 1159,  864)   4   762  1136
[202] [      288308] 1 | True  True 00 ( 1137,  870)   4   753   884
[203] [      300803] 1 | True  True 00 ( 1117,  875)   4   722   768
[204] [      313285] 1 | True  True 00 ( 1096,  878)   4   719  1008
[205] [      325787] 1 | True  True 00 ( 1071,  879)   4   727  1184
[206] [      338266] 1 | True  True 00 ( 1048,  879)   4   733  1112
[207] [      350744] 1 | True  True 00 ( 1027,  878)   4   740   984
[208] [      363259] 1 | True  True 00 ( 1006,  874)   4   717   932
[209] [      375742] 1 | True  True 00 (  985,  870)   5   722  1232
[210] [      388217] 1 | True  True 00 (  962,  864)   4   671  1528
[211] [      400715] 1 | True  True 00 (  941,  857)   4   664  1544
[212] [      413221] 1 | True  True 00 (  923,  848)   4   637  1388
[213] [      425717] 1 | True  True 00 (  905,  837)   4   689  1160
[214] [      438214] 1 | True  True 00 (  887,  825)   4   679  1068
[215] [      450720] 1 | True  True 00 (  868,  811)   5   712  1040
[216] [      463196] 1 | True  True 00 (  848,  796)   5   700  1208
[217] [      475695] 1 | True  True 00 (  830,  779)   4   667  1456
[218] [      488175] 1 | True  True 00 (  816,  762)   3   592  1496
[219] [      500657] 1 | True  True 00 (  803,  744)   4   668  1388
[220] [      513155] 1 | True  True 00 (  792,  726)   4   685  1084
[221] [      525633] 1 | True  True 00 (  782,  707)   4   679   768
[222] [      538116] 1 | True  True 00 (  774,  686)   4   698  1016
[223] [      550612] 1 | True  True 00 (  767,  663)   6   779  1084
[224] [      563116] 1 | True  True 00 (  763,  644)   3   574  1056
[225] [      575612] 1 | True  True 00 (  758,  621)   4   744   960
[226] [      588109] 1 | True  True 00 (  753,  598)   5   747   860
[227] [      600610] 1 | True  True 00 (  750,  574)   4   735  1044
[228] [      613090] 1 | True  True 00 (  751,  552)   3   601  1112
[229] [      625588] 1 | True  True 00 (  752,  530)   4   671  1068
[230] [      638067] 1 | True  True 00 (  754,  508)   4   671   944
[231] [      650568] 1 | True  True 00 (  756,  485)   4   652   844
[232] [      663067] 1 | True  True 00 (  760,  465)   5   817  1256
[233] [      675567] 1 | True  True 00 (  766,  443)   4   673  1516
[234] [      688068] 1 | True  True 00 (  772,  423)   4   703  1616
[235] [      700547] 1 | True  True 00 (  780,  403)   5   753  1488
[236] [      713050] 1 | True  True 00 (  789,  385)   5   712  1156
[237] [      725533] 1 | True  True 00 (  803,  366)   4   692   956
[238] [      738006] 1 | True  True 00 (  819,  348)   4   696   916
[239] [      750509] 1 | True  True 00 (  836,  331)   4   688  1240
[240] [      762986] 1 | True  True 00 (  852,  315)   4   661  1476
[241] [      775462] 1 | True  True 00 (  868,  300)   4   644  1588
[242] [      787960] 1 | True  True 00 (  886,  287)   4   655  1352
[243] [      800445] 1 | True  True 00 (  907,  276)   4   662  1040
[244] [      812925] 1 | True  True 00 (  928,  266)   4   693  1076
[245] [      825421] 1 | True  True 00 (  949,  258)   4   714  1248
[246] [      837904] 1 | True  True 00 (  968,  251)   4   688  1304
[247] [      850382] 1 | True  True 00 (  988,  245)   3   616  1204
[248] [      862879] 1 | True  True 00 ( 1012,  241)   4   724   948
[249] [      875363] 1 | True  True 00 ( 1035,  238)   4   700   940
[250] [      887836] 1 | True  True 00 ( 1058,  237)   4   717  1188
[251] [      900319] 1 | True  True 00 ( 1078,  236)   4   693  1324
[252] [      912819] 1 | True  True 00 ( 1100,  237)   4   675  1204
[253] [      925298] 1 | True  True 00 ( 1124,  240)   4   712  1000
[254] [      937774] 1 | True  True 00 ( 1148,  244)   4   717  1300
[255] [      950255] 1 | True  True 00 ( 1170,  248)   4   700  1544
[  0] [      962739] 1 | True  True 00 ( 1188,  254)   5   742  1692
[  1] [      975236] 1 | True  True 00 ( 1208,  262)   5   755  1512
[  2] [      987731] 1 | True  True 00 ( 1229,  272)   4   696  1136
[  3] [     1000214] 1 | True  True 00 ( 1250,  283)   4   735   992
[  4] [     1012709] 1 | True  True 00 ( 1269,  296)   4   736   900
[  5] [     1025207] 1 | True  True 00 ( 1286,  311)   5   806  1288
[  6] [     1037693] 1 | True  True 00 ( 1300,  327)   4   747  1596
[  7] [     1050174] 1 | True  True 00 ( 1313,  342)   6   815  1672
[  8] [     1062670] 1 | True  True 00 ( 1326,  360)   6   829  1516
[  9] [     1075153] 1 | True  True 00 ( 1338,  379)   5   814  1240
[ 10] [     1087647] 1 | True  True 00 ( 1349,  400)   5   837  1096
[ 11] [     1100133] 1 | True  True 00 ( 1362,  419)   4   699   888
[ 12] [     1112609] 1 | True  True 00 ( 1374,  439)   5   688   968
[ 13] [     1125083] 1 | True  True 00 ( 1383,  460)   4   745  1240
[ 14] [     1137581] 1 | True  True 00 ( 1385,  481)   5   829   992
[ 15] [     1150067] 1 | True  True 00 ( 1390,  502)   4   787   808
[ 16] [     1162547] 1 | True  True 00 ( 1394,  528)   4   711  1096
[ 17] [     1175025] 1 | True  True 00 ( 1398,  553)   4   687  1228
[ 18] [     1187505] 1 | True  True 00 ( 1399,  576)   4   694  1064
[ 19] [     1199982] 1 | True  True 00 ( 1397,  597)   4   740   988
[ 20] [     1212455] 1 | True  True 00 ( 1392,  619)   4   737  1032
[ 21] [     1224939] 1 | True  True 00 ( 1387,  640)   5   778  1312
[ 22] [     1237418] 1 | True  True 00 ( 1378,  660)   5   741  1564
[ 23] [     1249901] 1 | True  True 00 ( 1367,  681)   5   745  1608
[ 24] [     1262394] 1 | True  True 00 ( 1356,  701)   4   732  1520
[ 25] [     1274861] 1 | True  True 00 ( 1345,  721)   4   740  1152
[ 26] [     1287357] 1 | True  True 00 ( 1333,  740)   4   750  1056
[ 27] [     1299830] 1 | True  True 00 ( 1321,  759)   4   735  1028
[ 28] [     1312316] 1 | True  True 00 ( 1307,  776)   5   749  1232
[ 29] [     1324815] 1 | True  True 00 ( 1290,  791)   5   741  1500
[ 30] [     1337315] 1 | True  True 00 ( 1271,  806)   4   687  1676
[ 31] [     1349795] 1 | True  True 00 ( 1253,  819)   4   728  1512
[ 32] [     1362291] 1 | True  True 00 ( 1235,  831)   4   731  1160
[ 33] [     1374774] 1 | True  True 00 ( 1217,  842)   4   734   976
[ 34] [     1387236] 1 | True  True 00 ( 1196,  851)   5   757  1124
[ 35] [     1399724] 1 | True  True 00 ( 1173,  860)   4   715  1180
[ 36] [     1412226] 1 | True  True 00 ( 1151,  866)   4   751  1052
[ 37] [     1424703] 1 | True  True 00 ( 1130,  871)   4   741   812
[ 38] [     1437189] 1 | True  True 00 ( 1110,  876)   4   729   896
[ 39] [     1449669] 1 | True  True 00 ( 1087,  878)   5   735  1084
[ 40] [     1462165] 1 | True  True 00 ( 1063,  879)   4   730  1124
[ 41] [     1474648] 1 | True  True 00 ( 1040,  878)   4   747  1112
[ 42] [     1487101] 1 | True  True 00 ( 1019,  876)   4   732   912
[ 43] [     1499578] 1 | True  True 00 (  998,  872)   4   714  1076
[ 44] [     1512056] 1 | True  True 00 (  976,  867)   4   673  1388
[ 45] [     1524556] 1 | True  True 00 (  953,  860)   3   614  1556
[ 46] [     1537037] 1 | True  True 00 (  933,  853)   5   732  1512
[ 47] [     1549521] 1 | True  True 00 (  915,  843)   4   655  1300
[ 48] [     1562020] 1 | True  True 00 (  898,  832)   4   691  1004
[ 49] [     1574501] 1 | True  True 00 (  879,  820)   4   671  1084
[ 50] [     1586978] 1 | True  True 00 (  861,  805)   5   701  1016
[ 51] [     1599473] 1 | True  True 00 (  841,  789)   4   653  1304
[ 52] [     1611956] 1 | True  True 00 (  825,  772)   3   603  1484
[ 53] [     1624450] 1 | True  True 00 (  811,  754)   3   585  1496
[ 54] [     1636929] 1 | True  True 00 (  799,  737)   4   674  1316
[ 55] [     1649391] 1 | True  True 00 (  788,  718)   5   751   988
[ 56] [     1661891] 1 | True  True 00 (  779,  698)   4   687   852
[ 57] [     1674371] 1 | True  True 00 (  771,  677)   4   699  1044
[ 58] [     1686855] 1 | True  True 00 (  763,  655)   5   714  1028
[ 59] [     1699352] 1 | True  True 00 (  758,  631)   4   733  1000
[ 60] [     1711826] 1 | True  True 00 (  752,  611)   4   678   932
[ 61] [     1724311] 1 | True  True 00 (  749,  588)   5   838   956
[ 62] [     1736809] 1 | True  True 00 (  746,  565)   6   849  1112
[ 63] [     1749309] 1 | True  True 00 (  746,  543)   5   747  1156
[ 64] [     1761809] 1 | True  True 00 (  748,  522)   4   653  1012
[ 65] [     1774308] 1 | True  True 00 (  752,  501)   5   835  1068
[ 66] [     1786808] 1 | True  True 00 (  756,  481)   4   747   972
[ 67] [     1799287] 1 | True  True 00 (  761,  460)   4   746  1356
[ 68] [     1811782] 1 | True  True 00 (  767,  440)   5   761  1572
[ 69] [     1824285] 1 | True  True 00 (  774,  420)   4   702  1616
[ 70] [     1836789] 1 | True  True 00 (  782,  400)   4   698  1416
[ 71] [     1849290] 1 | True  True 00 (  794,  380)   4   684  1088
[ 72] [     1861765] 1 | True  True 00 (  808,  361)   4   689   972
[ 73] [     1874264] 1 | True  True 00 (  825,  343)   4   681   944
[ 74] [     1886763] 1 | True  True 00 (  842,  326)   4   673  1324
[ 75] [     1899243] 1 | True  True 00 (  858,  312)   4   651  1548
[ 76] [     1911727] 1 | True  True 00 (  873,  297)   4   621  1520
[ 77] [     1924224] 1 | True  True 00 (  892,  284)   4   652  1308
[ 78] [     1936698] 1 | True  True 00 (  914,  273)   4   681   948
[ 79] [     1949176] 1 | True  True 00 (  935,  264)   4   683  1120
[ 80] [     1961677] 1 | True  True 00 (  956,  256)   4   695  1260
[ 81] [     1974176] 1 | True  True 00 (  975,  249)   4   657  1276
[ 82] [     1986656] 1 | True  True 00 (  997,  243)   4   685  1088
[ 83] [     1999159] 1 | True  True 00 ( 1021,  240)   4   695   844
[ 84] [     2011662] 1 | True  True 00 ( 1044,  237)   4   723  1100
[ 85] [     2024136] 1 | True  True 00 ( 1066,  236)   4   732  1292
[ 86] [     2036636] 1 | True  True 00 ( 1086,  236)   4   684  1324
[ 87] [     2049136] 1 | True  True 00 ( 1109,  238)   4   709  1160
[ 88] [     2061616] 1 | True  True 00 ( 1133,  241)   4   723  1072
[ 89] [     2074120] 1 | True  True 00 ( 1156,  246)   4   714  1408
[ 90] [     2086617] 1 | True  True 00 ( 1177,  251)   3   652  1680
[ 91] [     2099115] 1 | True  True 00 ( 1195,  258)   5   736  1680
[ 92] [     2111578] 1 | True  True 00 ( 1216,  266)   5   757  1360
[ 93] [     2124073] 1 | True  True 00 ( 1237,  276)   5   778  1060
[ 94] [     2136548] 1 | True  True 00 ( 1257,  288)   4   748   992
[ 95] [     2149029] 1 | True  True 00 ( 1275,  302)   4   764  1028
[ 96] [     2161532] 1 | True  True 00 ( 1291,  317)   4   773  1424
[ 97] [     2174015] 1 | True  True 00 ( 1304,  334)   6   844  1688
[ 98] [     2186473] 1 | True  True 00 ( 1317,  348)   5   737  1672
[ 99] [     2198969] 1 | True  True 00 ( 1329,  367)   4   760  1472
[100] [     2211444] 1 | True  True 00 ( 1343,  384)   5   736  1104
[101] [     2223926] 1 | True  True 00 ( 1355,  403)   4   732  1024
[102] [     2236407] 1 | True  True 00 ( 1367,  423)   4   666   920
[103] [     2248901] 1 | True  True 00 ( 1377,  445)   4   696  1168
[104] [     2261364] 1 | True  True 00 ( 1386,  467)   4   778  1212
[105] [     2273848] 1 | True  True 00 ( 1392,  490)   4   703   852
[106] [     2286344] 1 | True  True 00 ( 1393,  513)   5   800   916
[107] [     2298818] 1 | True  True 00 ( 1395,  534)   4   763  1096
[108] [     2311324] 1 | True  True 00 ( 1396,  558)   3   653  1196
[109] [     2323800] 1 | True  True 00 ( 1396,  581)   4   705  1004
[110] [     2336280] 1 | True  True 00 ( 1394,  603)   4   741   932
[111] [     2348762] 1 | True  True 00 ( 1389,  627)   5   749  1120
[112] [     2361243] 1 | True  True 00 ( 1382,  649)   4   693  1372
[113] [     2373721] 1 | True  True 00 ( 1371,  669)   5   753  1640
[114] [     2386176] 1 | True  True 00 ( 1360,  689)   3   641  1592
[115] [     2398656] 1 | True  True 00 ( 1349,  709)   4   751  1388
[116] [     2411130] 1 | True  True 00 ( 1339,  729)   4   739   972
[117] [     2423611] 1 | True  True 00 ( 1328,  748)   4   735  1072
[118] [     2436095] 1 | True  True 00 ( 1316,  766)   4   750  1088
[119] [     2448551] 1 | True  True 00 ( 1302,  782)   5   723  1336
[120] [     2461031] 1 | True  True 00 ( 1284,  797)   5   738  1600
[121] [     2473526] 1 | True  True 00 ( 1264,  811)   5   759  1632
[122] [     2486008] 1 | True  True 00 ( 1246,  824)   4   747  1396
[123] [     2498489] 1 | True  True 00 ( 1228,  836)   4   742  1072
[124] [     2510964] 1 | True  True 00 ( 1210,  846)   4   730  1036
[125] [     2523442] 1 | True  True 00 ( 1188,  855)   5   751  1180
[126] [     2535918] 1 | True  True 00 ( 1164,  863)   4   744  1136
[127] [     2548418] 1 | True  True 00 ( 1143,  870)   4   722   944
[128] [     2560897] 1 | True  True 00 ( 1123,  875)   4   722   752
[129] [     2573379] 1 | True  True 00 ( 1102,  878)   4   717   956
[130] [     2585859] 1 | True  True 00 ( 1076,  880)   5   746  1124
[131] [     2598343] 1 | True  True 00 ( 1053,  880)   4   744  1168
[132] [     2610818] 1 | True  True 00 ( 1031,  878)   4   726   996
[133] [     2623314] 1 | True  True 00 ( 1011,  875)   4   728   868
[134] [     2635812] 1 | True  True 00 (  990,  871)   4   667  1132
[135] [     2648279] 1 | True  True 00 (  967,  865)   4   702  1484
[136] [     2660773] 1 | True  True 00 (  946,  857)   4   648  1572
[137] [     2673275] 1 | True  True 00 (  927,  849)   5   695  1428
[138] [     2685758] 1 | True  True 00 (  910,  839)   4   663  1244
[139] [     2698239] 1 | True  True 00 (  892,  828)   4   662   972
[140] [     2710717] 1 | True  True 00 (  874,  815)   5   720  1068
[141] [     2723213] 1 | True  True 00 (  854,  800)   4   654  1112
[142] [     2735710] 1 | True  True 00 (  836,  783)   4   650  1388
[143] [     2748186] 1 | True  True 00 (  820,  766)   3   592  1484
[144] [     2760692] 1 | True  True 00 (  806,  748)   4   649  1400
[145] [     2773186] 1 | True  True 00 (  795,  730)   4   698  1192
[146] [     2785665] 1 | True  True 00 (  784,  711)   4   686   824
[147] [     2798145] 1 | True  True 00 (  775,  690)   5   747   892
[148] [     2810648] 1 | True  True 00 (  767,  668)   4   665  1056
[149] [     2823131] 1 | True  True 00 (  761,  646)   6   761  1016
[150] [     2835604] 1 | True  True 00 (  755,  626)   4   669  1000
[151] [     2848088] 1 | True  True 00 (  751,  605)   4   684   780
[152] [     2860566] 1 | True  True 00 (  748,  584)   4   660   872
[153] [     2873046] 1 | True  True 00 (  747,  561)   4   670  1128
[154] [     2885541] 1 | True  True 00 (  748,  538)   4   667  1068
[155] [     2898022] 1 | True  True 00 (  749,  515)   4   686   944
[156] [     2910504] 1 | True  True 00 (  752,  491)   4   640   756
[157] [     2923004] 1 | True  True 00 (  757,  471)   5   816  1100
[158] [     2935484] 1 | True  True 00 (  763,  451)   4   740  1444
[159] [     2947981] 1 | True  True 00 (  770,  430)   3   624  1600
[160] [     2960458] 1 | True  True 00 (  777,  409)   3   646  1544
[161] [     2972955] 1 | True  True 00 (  785,  390)   5   710  1272
[162] [     2985434] 1 | True  True 00 (  799,  371)   4   699   984
[163] [     2997933] 1 | True  True 00 (  814,  353)   5   757   944
[164] [     3010419] 1 | True  True 00 (  831,  336)   4   688  1112
[165] [     3022899] 1 | True  True 00 (  848,  320)   4   661  1436
[166] [     3035395] 1 | True  True 00 (  864,  305)   4   651  1576
[167] [     3047878] 1 | True  True 00 (  880,  291)   4   680  1548
[168] [     3060372] 1 | True  True 00 (  900,  280)   3   635  1240
[169] [     3072858] 1 | True  True 00 (  921,  270)   4   685  1032
[170] [     3085355] 1 | True  True 00 (  943,  262)   4   691  1204
[171] [     3097852] 1 | True  True 00 (  964,  254)   4   691  1304
[172] [     3110337] 1 | True  True 00 (  983,  248)   4   658  1232
[173] [     3122833] 1 | True  True 00 ( 1006,  243)   4   682   960
[174] [     3135308] 1 | True  True 00 ( 1029,  240)   4   710   896
[175] [     3147805] 1 | True  True 00 ( 1052,  238)   4   706  1116
[176] [     3160294] 1 | True  True 00 ( 1073,  237)   4   688  1292
[177] [     3172771] 1 | True  True 00 ( 1095,  238)   5   732  1264
[178] [     3185267] 1 | True  True 00 ( 1119,  239)   4   699  1028
[179] [     3197771] 1 | True  True 00 ( 1143,  243)   4   732  1224
[180] [     3210267] 1 | True  True 00 ( 1165,  247)   4   714  1512
[181] [     3222770] 1 | True  True 00 ( 1184,  252)   3   652  1740
[182] [     3235246] 1 | True  True 00 ( 1203,  260)   6   796  1572
[183] [     3247745] 1 | True  True 00 ( 1225,  269)   5   758  1208
[184] [     3260225] 1 | True  True 00 ( 1246,  280)   4   731  1008
[185] [     3272730] 1 | True  True 00 ( 1265,  293)   5   823  1024
[186] [     3285227] 1 | True  True 00 ( 1282,  307)   4   764  1180
[187] [     3297705] 1 | True  True 00 ( 1297,  322)   4   751  1516
[188] [     3310202] 1 | True  True 00 ( 1310,  339)   5   804  1716
[189] [     3322706] 1 | True  True 00 ( 1323,  356)   5   739  1564
[190] [     3335180] 1 | True  True 00 ( 1336,  372)   4   676  1320
[191] [     3347678] 1 | True  True 00 ( 1349,  390)   4   676   952
[192] [     3360164] 1 | True  True 00 ( 1359,  411)   5   801  1096
[193] [     3372623] 1 | True  True 00 ( 1368,  431)   5   742  1144
[194] [     3385103] 1 | True  True 00 ( 1375,  453)   5   767  1156
[195] [     3397601] 1 | True  True 00 ( 1383,  476)   4   661   908
[196] [     3410078] 1 | True  True 00 ( 1388,  498)   5   828   888
[197] [     3422574] 1 | True  True 00 ( 1392,  522)   4   711   992
[198] [     3435055] 1 | True  True 00 ( 1396,  547)   3   602  1168
[199] [     3447532] 1 | True  True 00 ( 1398,  570)   3   635  1124
[200] [     3460033] 1 | True  True 00 ( 1397,  591)   5   794   944
[201] [     3472513] 1 | True  True 00 ( 1393,  612)   4   737   944
[202] [     3484995] 1 | True  True 00 ( 1387,  635)   5   764  1224
[203] [     3497473] 1 | True  True 00 ( 1380,  655)   4   683  1492
[204] [     3509957] 1 | True  True 00 ( 1369,  676)   5   735  1624
[205] [     3522427] 1 | True  True 00 ( 1358,  697)   4   707  1536
[206] [     3534911] 1 | True  True 00 ( 1347,  716)   4   762  1268
[207] [     3547386] 1 | True  True 00 ( 1336,  736)   4   759  1000
[208] [     3559888] 1 | True  True 00 ( 1324,  754)   4   733  1044
[209] [     3572351] 1 | True  True 00 ( 1311,  771)   4   723  1144
[210] [     3584848] 1 | True  True 00 ( 1296,  787)   5   756  1468
[211] [     3597326] 1 | True  True 00 ( 1277,  802)   5   748  1660
[212] [     3609802] 1 | True  True 00 ( 1258,  816)   4   703  1556
[213] [     3622287] 1 | True  True 00 ( 1241,  828)   4   729  1276
[214] [     3634766] 1 | True  True 00 ( 1223,  839)   4   749   968
[215] [     3647261] 1 | True  True 00 ( 1202,  849)   5   761  1108
[216] [     3659763] 1 | True  True 00 ( 1179,  858)   5   754  1196
[217] [     3672246] 1 | True  True 00 ( 1157,  865)   4   737  1108
[218] [     3684739] 1 | True  True 00 ( 1136,  871)   4   735   872
[219] [     3697246] 1 | True  True 00 ( 1115,  875)   4   714   808
[220] [     3709739] 1 | True  True 00 ( 1093,  878)   4   697  1068
[221] [     3722225] 1 | True  True 00 ( 1069,  879)   4   691  1124
[222] [     3734721] 1 | True  True 00 ( 1046,  879)   4   727  1084
[223] [     3747219] 1 | True  True 00 ( 1025,  877)   4   744   984
[224] [     3759723] 1 | True  True 00 ( 1004,  874)   4   709   960
[225] [     3772221] 1 | True  True 00 (  982,  870)   4   676  1288
[226] [     3784719] 1 | True  True 00 (  958,  863)   3   628  1544
[227] [     3797223] 1 | True  True 00 (  937,  855)   3   620  1556
[228] [     3809701] 1 | True  True 00 (  919,  845)   5   704  1372
[229] [     3822196] 1 | True  True 00 (  901,  835)   4   685  1048
[230] [     3834680] 1 | True  True 00 (  883,  822)   4   665  1040
[231] [     3847158] 1 | True  True 00 (  864,  808)   4   638  1000
[232] [     3859657] 1 | True  True 00 (  845,  793)   4   643  1248
[233] [     3872132] 1 | True  True 00 (  827,  776)   4   663  1428
[234] [     3884615] 1 | True  True 00 (  813,  759)   3   575  1496
[235] [     3897095] 1 | True  True 00 (  801,  742)   4   656  1316
[236] [     3909592] 1 | True  True 00 (  790,  724)   4   696  1044
[237] [     3922077] 1 | True  True 00 (  781,  704)   4   692   808
[238] [     3934594] 1 | True  True 00 (  773,  683)   4   685   976
[239] [     3947077] 1 | True  True 00 (  766,  661)   4   654  1124
[240] [     3959573] 1 | True  True 00 (  761,  641)   3   603  1016
[241] [     3972047] 1 | True  True 00 (  756,  618)   5   762   876
[242] [     3984545] 1 | True  True 00 (  753,  597)   4   656   724
[243] [     3997031] 1 | True  True 00 (  749,  574)   4   699  1084
[244] [     4009530] 1 | True  True 00 (  748,  551)   5   692  1016
[245] [     4021990] 1 | True  True 00 (  748,  529)   4   727  1112
[246] [     4034490] 1 | True  True 00 (  750,  507)   4   729   944
[247] [     4046970] 1 | True  True 00 (  754,  485)   4   719   884
[248] [     4059468] 1 | True  True 00 (  759,  463)   4   710  1256
[249] [     4071945] 1 | True  True 00 (  766,  440)   3   606  1544
[250] [     4084442] 1 | True  True 00 (  774,  419)   3   624  1628
[251] [     4096925] 1 | True  True 00 (  782,  400)   3   629  1488
[252] [     4109421] 1 | True  True 00 (  792,  382)   5   712  1128
[253] [     4121898] 1 | True  True 00 (  806,  364)   4   704  1000
[254] [     4134399] 1 | True  True 00 (  821,  347)   4   691   900
[255] [     4146879] 1 | True  True 00 (  839,  330)   4   673  1268
[  0] [     4159362] 1 | True  True 00 (  855,  314)   3   604  1492
[  1] [     4171861] 1 | True  True 00 (  870,  301)   5   712  1588
[  2] [     4184359] 1 | True  True 00 (  887,  287)   4   658  1420
[  3] [     4196845] 1 | True  True 00 (  908,  276)   4   672  1012
[  4] [     4209320] 1 | True  True 00 (  930,  266)   4   692  1088
[  5] [     4221793] 1 | True  True 00 (  951,  258)   4   710  1292
[  6] [     4234277] 1 | True  True 00 (  970,  251)   4   703  1332
[  7] [     4246777] 1 | True  True 00 (  991,  245)   4   666  1160
[  8] [     4259256] 1 | True  True 00 ( 1015,  241)   4   698   888
[  9] [     4271751] 1 | True  True 00 ( 1038,  238)   4   719  1028
[ 10] [     4284255] 1 | True  True 00 ( 1060,  237)   4   728  1220
[ 11] [     4296737] 1 | True  True 00 ( 1080,  236)   5   738  1336
[ 12] [     4309238] 1 | True  True 00 ( 1102,  237)   4   682  1204
[ 13] [     4321751] 1 | True  True 00 ( 1126,  240)   4   715   996
[ 14] [     4334234] 1 | True  True 00 ( 1150,  245)   4   717  1344
[ 15] [     4346713] 1 | True  True 00 ( 1172,  250)   4   704  1604
[ 16] [     4359198] 1 | True  True 00 ( 1191,  255)   6   810  1692
[ 17] [     4371687] 1 | True  True 00 ( 1210,  264)   5   750  1480
[ 18] [     4384188] 1 | True  True 00 ( 1232,  274)   5   771  1148
[ 19] [     4396668] 1 | True  True 00 ( 1252,  285)   4   754  1024
[ 20] [     4409145] 1 | True  True 00 ( 1271,  298)   4   760   936
[ 21] [     4421626] 1 | True  True 00 ( 1287,  313)   4   768  1332
[ 22] [     4434088] 1 | True  True 00 ( 1301,  329)   5   795  1624
[ 23] [     4446586] 1 | True  True 00 ( 1315,  346)   6   844  1672
[ 24] [     4459070] 1 | True  True 00 ( 1329,  363)   4   678  1516
[ 25] [     4471567] 1 | True  True 00 ( 1341,  379)   5   730  1228
[ 26] [     4484063] 1 | True  True 00 ( 1352,  400)   5   864  1144
[ 27] [     4496540] 1 | True  True 00 ( 1362,  420)   5   719   980
[ 28] [     4509025] 1 | True  True 00 ( 1374,  440)   5   675  1052
[ 29] [     4521526] 1 | True  True 00 ( 1383,  463)   4   659  1012
[ 30] [     4534018] 1 | True  True 00 ( 1388,  485)   5   825  1008
[ 31] [     4546518] 1 | True  True 00 ( 1393,  506)   4   795   856
[ 32] [     4558998] 1 | True  True 00 ( 1395,  529)   5   769  1096
[ 33] [     4571501] 1 | True  True 00 ( 1397,  554)   3   642  1228
[ 34] [     4584004] 1 | True  True 00 ( 1397,  575)   6   854  1092
[ 35] [     4596479] 1 | True  True 00 ( 1395,  597)   4   748   960
[ 36] [     4608960] 1 | True  True 00 ( 1392,  620)   4   719  1076
[ 37] [     4621444] 1 | True  True 00 ( 1384,  643)   4   713  1372
[ 38] [     4633933] 1 | True  True 00 ( 1375,  664)   5   748  1608
[ 39] [     4646413] 1 | True  True 00 ( 1364,  684)   4   685  1640
[ 40] [     4658912] 1 | True  True 00 ( 1353,  704)   4   733  1448
[ 41] [     4671398] 1 | True  True 00 ( 1341,  724)   4   751  1076
[ 42] [     4683878] 1 | True  True 00 ( 1331,  743)   4   744  1044
[ 43] [     4696373] 1 | True  True 00 ( 1319,  761)   4   728  1028
[ 44] [     4708856] 1 | True  True 00 ( 1305,  778)   4   694  1308
[ 45] [     4721357] 1 | True  True 00 ( 1287,  793)   5   756  1572
[ 46] [     4733837] 1 | True  True 00 ( 1268,  808)   4   683  1644
[ 47] [     4746334] 1 | True  True 00 ( 1251,  821)   4   728  1468
[ 48] [     4758832] 1 | True  True 00 ( 1232,  833)   4   743  1132
[ 49] [     4771316] 1 | True  True 00 ( 1214,  844)   4   730   976
[ 50] [     4783813] 1 | True  True 00 ( 1193,  853)   5   757  1168
[ 51] [     4796308] 1 | True  True 00 ( 1170,  861)   4   724  1212
[ 52] [     4808813] 1 | True  True 00 ( 1149,  868)   4   736   976
[ 53] [     4821308] 1 | True  True 00 ( 1128,  873)   4   738   804
[ 54] [     4833786] 1 | True  True 00 ( 1107,  877)   4   709   908
[ 55] [     4846292] 1 | True  True 00 ( 1082,  879)   5   716  1092
[ 56] [     4858791] 1 | True  True 00 ( 1058,  879)   4   734  1168
[ 57] [     4871286] 1 | True  True 00 ( 1037,  878)   4   723  1040
[ 58] [     4883770] 1 | True  True 00 ( 1015,  876)   4   721   868
[ 59] [     4896269] 1 | True  True 00 (  995,  872)   4   692  1060
[ 60] [     4908768] 1 | True  True 00 (  973,  867)   4   682  1388
[ 61] [     4921268] 1 | True  True 00 (  951,  860)   3   618  1556
[ 62] [     4933748] 1 | True  True 00 (  931,  851)   4   654  1512
[ 63] [     4946251] 1 | True  True 00 (  913,  841)   4   666  1260
[ 64] [     4958746] 1 | True  True 00 (  896,  830)   4   681  1000
[ 65] [     4971229] 1 | True  True 00 (  877,  818)   4   681  1096
[ 66] [     4983723] 1 | True  True 00 (  858,  803)   6   743  1056
[ 67] [     4996229] 1 | True  True 00 (  838,  787)   4   666  1344
[ 68] [     5008723] 1 | True  True 00 (  822,  769)   3   599  1496
[ 69] [     5021209] 1 | True  True 00 (  809,  751)   3   591  1440
[ 70] [     5033705] 1 | True  True 00 (  798,  734)   4   678  1264
[ 71] [     5046183] 1 | True  True 00 (  787,  716)   4   681   904
[ 72] [     5058681] 1 | True  True 00 (  777,  696)   4   688   864
[ 73] [     5071157] 1 | True  True 00 (  769,  674)   5   725  1044
[ 74] [     5083623] 1 | True  True 00 (  764,  653)   3   571  1056
[ 75] [     5096117] 1 | True  True 00 (  760,  631)   4   734  1044
[ 76] [     5108600] 1 | True  True 00 (  755,  609)   5   795   892
[ 77] [     5121102] 1 | True  True 00 (  751,  586)   4   622   776
[ 78] [     5133576] 1 | True  True 00 (  749,  564)   4   641   988
[ 79] [     5146059] 1 | True  True 00 (  749,  542)   4   728  1208
[ 80] [     5158535] 1 | True  True 00 (  750,  519)   4   639   900
[ 81] [     5171033] 1 | True  True 00 (  753,  497)   4   690   816
[ 82] [     5183516] 1 | True  True 00 (  758,  473)   4   692  1044
[ 83] [     5196012] 1 | True  True 00 (  763,  450)   4   661  1344
[ 84] [     5208511] 1 | True  True 00 (  769,  429)   3   607  1560
[ 85] [     5221010] 1 | True  True 00 (  776,  409)   4   686  1588
[ 86] [     5233490] 1 | True  True 00 (  785,  392)   5   727  1356
[ 87] [     5245973] 1 | True  True 00 (  796,  374)   6   773  1000
[ 88] [     5258472] 1 | True  True 00 (  811,  357)   4   707   956
[ 89] [     5270952] 1 | True  True 00 (  827,  340)   4   687  1040
[ 90] [     5283450] 1 | True  True 00 (  844,  323)   4   672  1352
[ 91] [     5295935] 1 | True  True 00 (  861,  308)   4   658  1576
[ 92] [     5308431] 1 | True  True 00 (  876,  294)   5   697  1520
[ 93] [     5320927] 1 | True  True 00 (  895,  282)   4   656  1208
[ 94] [     5333389] 1 | True  True 00 (  917,  272)   4   673   960
[ 95] [     5345869] 1 | True  True 00 (  938,  263)   4   690  1132
[ 96] [     5358364] 1 | True  True 00 (  959,  256)   4   692  1292
[ 97] [     5370847] 1 | True  True 00 (  978,  249)   5   709  1276
[ 98] [     5383328] 1 | True  True 00 ( 1000,  244)   4   696  1060
[ 99] [     5395826] 1 | True  True 00 ( 1024,  240)   4   724   880
[100] [     5408324] 1 | True  True 00 ( 1047,  238)   4   709  1088
[101] [     5420808] 1 | True  True 00 ( 1069,  237)   4   722  1352
[102] [     5433305] 1 | True  True 00 ( 1091,  238)   5   732  1352
[103] [     5445801] 1 | True  True 00 ( 1114,  239)   4   698  1100
[104] [     5458285] 1 | True  True 00 ( 1137,  242)   4   735  1136
[105] [     5470784] 1 | True  True 00 ( 1160,  247)   4   717  1480
[106] [     5483260] 1 | True  True 00 ( 1180,  252)   3   648  1680
[107] [     5495738] 1 | True  True 00 ( 1198,  258)   5   751  1620
[108] [     5508222] 1 | True  True 00 ( 1219,  268)   4   698  1316
[109] [     5520720] 1 | True  True 00 ( 1239,  278)   5   768  1028
[110] [     5533198] 1 | True  True 00 ( 1259,  290)   4   725   976
[111] [     5545702] 1 | True  True 00 ( 1277,  303)   4   759  1088
[112] [     5558200] 1 | True  True 00 ( 1293,  319)   4   747  1456
[113] [     5570697] 1 | True  True 00 ( 1307,  334)   3   642  1688
[114] [     5583183] 1 | True  True 00 ( 1320,  352)   6   838  1624
[115] [     5595671] 1 | True  True 00 ( 1334,  372)   5   835  1348
[116] [     5608173] 1 | True  True 00 ( 1348,  391)   4   736  1056
[117] [     5620656] 1 | True  True 00 ( 1362,  411)   4   783  1052
[118] [     5633152] 1 | True  True 00 ( 1372,  431)   4   682   992
[119] [     5645649] 1 | True  True 00 ( 1382,  451)   5   666  1040
[120] [     5658135] 1 | True  True 00 ( 1387,  473)   5   785   980
[121] [     5670616] 1 | True  True 00 ( 1392,  496)   4   702   852
[122] [     5683110] 1 | True  True 00 ( 1394,  517)   5   852   976
[123] [     5695593] 1 | True  True 00 ( 1397,  542)   4   681  1196
[124] [     5708094] 1 | True  True 00 ( 1399,  565)   3   649  1212
[125] [     5720574] 1 | True  True 00 ( 1398,  587)   5   772  1032
[126] [     5733072] 1 | True  True 00 ( 1395,  608)   4   755   932
[127] [     5745549] 1 | True  True 00 ( 1389,  631)   4   705  1152
[128] [     5758025] 1 | True  True 00 ( 1381,  653)   4   691  1400
[129] [     5770523] 1 | True  True 00 ( 1371,  673)   5   726  1564
[130] [     5783029] 1 | True  True 00 ( 1360,  693)   4   685  1536
[131] [     5795524] 1 | True  True 00 ( 1349,  712)   4   728  1312
[132] [     5808003] 1 | True  True 00 ( 1338,  731)   4   722   956
[133] [     5820488] 1 | True  True 00 ( 1327,  750)   4   754  1116
[134] [     5833004] 1 | True  True 00 ( 1315,  768)   4   723  1100
[135] [     5845484] 1 | True  True 00 ( 1300,  784)   5   727  1380
[136] [     5857962] 1 | True  True 00 ( 1281,  800)   5   753  1600
[137] [     5870462] 1 | True  True 00 ( 1262,  814)   4   707  1600
[138] [     5882943] 1 | True  True 00 ( 1244,  827)   4   717  1292
[139] [     5895447] 1 | True  True 00 ( 1225,  838)   4   723   968
[140] [     5907944] 1 | True  True 00 ( 1206,  848)   5   787  1052
[141] [     5920442] 1 | True  True 00 ( 1183,  857)   5   758  1196
[142] [     5932946] 1 | True  True 00 ( 1161,  864)   4   748  1136
[143] [     5945444] 1 | True  True 00 ( 1139,  869)   4   741   932
[144] [     5957922] 1 | True  True 00 ( 1118,  873)   4   726   796
[145] [     5970417] 1 | True  True 00 ( 1096,  877)   4   694   984
[146] [     5982919] 1 | True  True 00 ( 1072,  878)   4   706  1156
[147] [     5995396] 1 | True  True 00 ( 1049,  879)   4   726  1096
[148] [     6007882] 1 | True  True 00 ( 1028,  877)   4   722  1012
[149] [     6020381] 1 | True  True 00 ( 1007,  874)   4   707   892
[150] [     6032881] 1 | True  True 00 (  986,  870)   4   685  1232
[151] [     6045361] 1 | True  True 00 (  963,  864)   4   664  1484
[152] [     6057856] 1 | True  True 00 (  942,  857)   3   599  1500
[153] [     6070339] 1 | True  True 00 (  923,  847)   4   643  1372
[154] [     6082820] 1 | True  True 00 (  905,  837)   4   665  1116
[155] [     6095317] 1 | True  True 00 (  888,  825)   4   676  1040
[156] [     6107795] 1 | True  True 00 (  869,  811)   4   642   988
[157] [     6120292] 1 | True  True 00 (  851,  795)   4   654  1208
[158] [     6132769] 1 | True  True 00 (  833,  778)   3   602  1412
[159] [     6145256] 1 | True  True 00 (  817,  761)   3   599  1552
[160] [     6157735] 1 | True  True 00 (  805,  744)   4   654  1400
[161] [     6170230] 1 | True  True 00 (  793,  727)   4   680  1096
[162] [     6182714] 1 | True  True 00 (  783,  707)   4   702   780
[163] [     6195211] 1 | True  True 00 (  774,  687)   4   691   932
[164] [     6207691] 1 | True  True 00 (  767,  666)   4   652  1084
[165] [     6220189] 1 | True  True 00 (  762,  644)   5   710  1056
[166] [     6232673] 1 | True  True 00 (  757,  622)   4   696   960
[167] [     6245169] 1 | True  True 00 (  752,  599)   6   827   844
[168] [     6257644] 1 | True  True 00 (  749,  577)   4   629   844
[169] [     6270142] 1 | True  True 00 (  750,  554)   5   775  1208
[170] [     6282628] 1 | True  True 00 (  751,  532)   4   620   984
[171] [     6295128] 1 | True  True 00 (  753,  510)   4   662   972
[172] [     6307608] 1 | True  True 00 (  755,  490)   4   758   816
[173] [     6320103] 1 | True  True 00 (  761,  464)   4   632  1228
[174] [     6332585] 1 | True  True 00 (  766,  440)   3   612  1500
[175] [     6345087] 1 | True  True 00 (  773,  422)   4   705  1616
[176] [     6357566] 1 | True  True 00 (  780,  404)   3   646  1528
[177] [     6370064] 1 | True  True 00 (  789,  386)   4   674  1228
[178] [     6382541] 1 | True  True 00 (  802,  368)   4   688   984
[179] [     6395057] 1 | True  True 00 (  818,  350)   4   700   944
[180] [     6407560] 1 | True  True 00 (  834,  332)   4   683  1180
[181] [     6420062] 1 | True  True 00 (  851,  317)   3   597  1448
[182] [     6432565] 1 | True  True 00 (  867,  302)   4   641  1576
[183] [     6445062] 1 | True  True 00 (  883,  289)   4   644  1408
[184] [     6457559] 1 | True  True 00 (  904,  278)   4   654  1068
[185] [     6470042] 1 | True  True 00 (  926,  268)   4   693  1048
[186] [     6482539] 1 | True  True 00 (  947,  259)   4   701  1232
[187] [     6495056] 1 | True  True 00 (  967,  252)   4   685  1332
[188] [     6507546] 1 | True  True 00 (  988,  247)   4   658  1188
[189] [     6520037] 1 | True  True 00 ( 1011,  243)   4   694   932
[190] [     6532542] 1 | True  True 00 ( 1031,  240)   4   698   832
[191] [     6545037] 1 | True  True 00 ( 1046,  238)   4   706   836
[192] [     6557539] 1 | True  True 00 ( 1057,  237)   4   714   880
[193] [     6570015] 1 | True  True 00 ( 1063,  236)   4   710   832
[194] [     6582513] 1 | True  True 00 ( 1066,  235)   4   743   888
[195] [     6594999] 1 |False  True 00 ( 1066,  235)   4   743   888
[196] [     6607498] 0 
