[ 82] [    14505400]   0-None                     (    0)
[ 83] [    14515420]   0-None                     (    0)
[ 84] [    14525422]   0-None                     (    0)
[ 85] [    14535438]   0-None                     (    0)
[ 86] [    14545441]   0-None                     (    0)
[ 87] [    14555462]   0-None                     (    0)
[ 88] [    14565479]   0-None                     (    0)
[ 89] [    14575502]   0-None                     (    0)
[ 90] [    14585524]   0-None                     (    0)
[ 91] [    14595536]   0-None                     (    0)
[ 92] [    14605556]   0-None                     (    0)
[ 93] [    14615560]   0-None                     (    0)
[ 94] [    14625596]   0-None                     (    0)
[ 95] [    14635596]   0-None                     (    0)
[ 96] [    14645617]   0-None                     (    0)
[ 97] [    14655641]   0-None                     (    0)
[ 98] [    14665654]   0-None                     (    0)
[ 99] [    14675661]   0-None                     (    0)
[100] [    14685680]   0-None                     (    0)
[101] [    14695703]   0-None                     (    0)
[102] [    14705722]   0-None                     (    0)
[103] [    14715741]   0-None                     (    0)
[104] [    14725745]   0-None                     (    0)
[105] [    14735761]   0-None                     (    0)
[106] [    14745782]   0-None                     (    0)
[107] [    14755800]   0-None                     (    0)
[108] [    14765801]   0-None                     (    0)
[109] [    14775823]   0-None                     (    0)
[110] [    14785826]   0-None                     (    0)
[111] [    14795845]   0-None                     (    0)
[112] [    14805865]   0-None                     (    0)
[113] [    14815889]   0-None                     (    0)
[114] [    14825903]   0-None                     (    0)
[115] [    14835902]   0-None                     (    0)
[116] [    14845931]   0-None                     (    0)
[117] [    14855928]   0-None                     (    0)
[118] [    14865950]   0-None                     (    0)
[119] [    14875967]   0-None                     (    0)
[120] [    14885973]   0-None                     (    0)
[121] [    14895992]   0-None                     (    0)
[122] [    14906009]   0-None                     (    0)
[123] [    14916010]   0-None                     (    0)
[124] [    14926030]   0-None                     (    0)
[125] [    14936048]   0-None                     (    0)
[126] [    14946052]   0-None                     (    0)
[127] [    14956048]   0-None                     (    0)
[128] [    14966071]   0-None                     (    0)
[129] [    14976074]   0-None                     (    0)
[130] [    14986074]   0-None                     (    0)
[131] [    14996093]   0-None                     (    0)
[132] [    15006093]   0-None                     (    0)
[133] [    15016112]   0-None                     (    0)
[134] [    15026116]   0-None                     (    0)
[135] [    15036132]   0-None                     (    0)
[136] [    15046133]   0-None                     (    0)
[137] [    15056155]   0-None                     (    0)
[138] [    15066174]   0-None                     (    0)
[139] [    15076177]   0-None                     (    0)
[140] [    15086194]   0-None                     (    0)
[141] [    15096217]   0-None                     (    0)
[142] [    15106216]   0-None                     (    0)
[143] [    15116235]   0-None                     (    0)
[144] [    15126260]   0-None                     (    0)
[145] [    15136274]   0-None                     (    0)
[146] [    15146273]   0-None                     (    0)
[147] [    15156279]   0-None                     (    0)
[148] [    15166297]   0-None                     (    0)
[149] [    15176314]   0-None                     (    0)
[150] [    15186324]   0-None                     (    0)
[151] [    15196342]   0-None                     (    0)
[152] [    15206340]   0-None                     (    0)
[153] [    15216361]   0-None                     (    0)
[154] [    15226377]   0-None                     (    0)
[155] [    15236398]   0-None                     (    0)
[156] [    15246418]   0-None                     (    0)
[157] [    15256419]   0-None                     (    0)
[158] [    15266441]   0-None                     (    0)
[159] [    15276444]   0-None                     (    0)
[160] [    15286463]   0-None                     (    0)
[161] [    15296482]   0-None                     (    0)
[162] [    15306505]   0-None                     (    0)
[163] [    15316524]   0-None                     (    0)
[164] [    15326543]   0-None                     (    0)
[165] [    15336565]   0-None                     (    0)
[166] [    15346568]   0-None                     (    0)
[167] [    15356568]   0-None                     (    0)
[168] [    15366586]   0-None                     (    0)
[169] [    15376606]   0-None                     (    0)
[170] [    15386608]   0-None                     (    0)
[171] [    15396624]   0-None                     (    0)
[172] [    15406624]   0-None                     (    0)
[173] [    15416646]   0-None                     (    0)
[174] [    15426665]   0-None                     (    0)
[175] [    15436666]   0-None                     (    0)
[176] [    15446689]   0-None                     (    0)
[177] [    15456692]   0-None                     (    0)
[178] [    15466715]   0-None                     (    0)
[179] [    15476732]   0-None                     (    0)
[180] [    15486749]   0-None                     (    0)
[181] [    15496767]   0-None                     (    0)
[182] [    15506770]   0-None                     (    0)
[183] [    15516795]   0-None                     (    0)
[184] [    15526811]   0-None                     (    0)
[185] [    15536814]   0-None                     (    0)
[186] [    15546836]   0-None                     (    0)
[187] [    15556834]   0-None                     (    0)
[188] [    15566854]   0-None                     (    0)
[189] [    15576856]   0-None                     (    0)
[190] [    15586871]   0-None                     (    0)
[191] [    15596873]   0-None                     (    0)
[192] [    15606894]   0-None                     (    0)
[193] [    15616891]   0-None                     (    0)
[194] [    15626898]   0-None                     (    0)
[195] [    15636916]   0-None                     (    0)
[196] [    15646939]   0-None                     (    0)
[197] [    15656958]   0-None                     (    0)
[198] [    15666978]   0-None                     (    0)
[199] [    15676980]   0-None                     (    0)
[200] [    15686995]   0-None                     (    0)
[201] [    15697017]   0-None                     (    0)
[202] [    15707036]   0-None                     (    0)
[203] [    15717036]   0-None                     (    0)
[204] [    15727059]   0-None                     (    0)
[205] [    15737061]   0-None                     (    0)
[206] [    15747084]   0-None                     (    0)
[207] [    15757103]   0-None                     (    0)
[208] [    15767105]   0-None                     (    0)
[209] [    15777100]   0-None                     (    0)
[210] [    15787120]   0-None                     (    0)
[211] [    15797120]   0-None                     (    0)
[212] [    15807139]   0-None                     (    0)
[213] [    15817165]   0-None                     (    0)
[214] [    15827162]   0-None                     (    0)
[215] [    15837184]   0-None                     (    0)
[216] [    15847186]   0-None                     (    0)
[217] [    15857205]   0-None                     (    0)
[218] [    15867205]   0-None                     (    0)
[219] [    15877224]   0-None                     (    0)
[220] [    15887229]   0-None                     (    0)
[221] [    15897244]   0-None                     (    0)
[222] [    15907245]   0-None                     (    0)
[223] [    15917266]   0-None                     (    0)
[224] [    15927285]   0-None                     (    0)
[225] [    15937288]   0-None                     (    0)
[226] [    15947310]   0-None                     (    0)
[227] [    15957310]   0-None                     (    0)
[228] [    15967329]   0-None                     (    0)
[229] [    15977328]   0-None                     (    0)
[230] [    15987348]   0-None                     (    0)
[231] [    15997353]   0-None                     (    0)
[232] [    16007368]   0-None                     (    0)
[233] [    16017389]   0-None                     (    0)
[234] [    16027385]   0-None                     (    0)
[235] [    16037413]   0-None                     (    0)
[236] [    16047410]   0-None                     (    0)
[237] [    16057427]   0-None                     (    0)
[238] [    16067450]   0-None                     (    0)
[239] [    16077458]   0-None                     (    0)
[240] [    16087478]   0-None                     (    0)
[241] [    16097496]   0-None                     (    0)
[242] [    16107497]   0-None                     (    0)
[243] [    16117512]   0-None                     (    0)
[244] [    16127532]   0-None                     (    0)
[245] [    16137554]   0-None                     (    0)
[246] [    16147557]   0-None                     (    0)
[247] [    16157576]   0-None                     (    0)
[248] [    16167596]   0-None                     (    0)
[249] [    16177600]   0-None                     (    0)
[250] [    16187615]   0-None                     (    0)
[251] [    16197636]   0-None                     (    0)
[252] [    16207634]   0-None                     (    0)
[253] [    16217654]   0-None                     (    0)
[254] [    16227676]   0-None                     (    0)
[255] [    16237681]   0-None                     (    0)
[  0] [    16247700]   0-None                     (    0)
[  1] [    16257720]   0-None                     (    0)
[  2] [    16267743]   0-None                     (    0)
[  3] [    16277758]   0-None                     (    0)
[  4] [    16287778]   0-None                     (    0)
[  5] [    16297779]   0-None                     (    0)
[  6] [    16307801]   0-None                     (    0)
[  7] [    16317825]   0-None                     (    0)
[  8] [    16327843]   0-None                     (    0)
[  9] [    16337847]   0-None                     (    0)
[ 10] [    16347863]   0-None                     (    0)
[ 11] [    16357886]   0-None                     (    0)
[ 12] [    16367902]   0-None                     (    0)
[ 13] [    16377927]   0-None                     (    0)
[ 14] [    16387931]   0-None                     (    0)
[ 15] [    16397949]   0-None                     (    0)
[ 16] [    16407972]   0-None                     (    0)
[ 17] [    16417967]   0-None                     (    0)
[ 18] [    16427989]   0-None                     (    0)
[ 19] [    16438009]   0-None                     (    0)
[ 20] [    16448027]   0-None                     (    0)
[ 21] [    16458028]   0-None                     (    0)
[ 22] [    16468049]   0-None                     (    0)
[ 23] [    16478072]   0-None                     (    0)
[ 24] [    16488071]   0-None                     (    0)
[ 25] [    16498091]   0-None                     (    0)
[ 26] [    16508113]   0-None                     (    0)
[ 27] [    16518133]   0-None                     (    0)
[ 28] [    16528151]   0-None                     (    0)
[ 29] [    16538151]   0-None                     (    0)
[ 30] [    16548173]   0-None                     (    0)
[ 31] [    16558176]   0-None                     (    0)
[ 32] [    16568194]   0-None                     (    0)
[ 33] [    16578214]   0-None                     (    0)
[ 34] [    16588236]   0-None                     (    0)
[ 35] [    16598236]   0-None                     (    0)
[ 36] [    16608256]   0-None                     (    0)
[ 37] [    16618273]   0-None                     (    0)
[ 38] [    16628276]   0-None                     (    0)
[ 39] [    16638294]   0-None                     (    0)
[ 40] [    16648296]   0-None                     (    0)
[ 41] [    16658320]   0-None                     (    0)
[ 42] [    16668337]   0-None                     (    0)
[ 43] [    16678340]   0-None                     (    0)
[ 44] [    16688343]   0-None                     (    0)
[ 45] [    16698358]   0-None                     (    0)
[ 46] [    16708379]   0-None                     (    0)
[ 47] [    16718376]   0-None                     (    0)
[ 48] [    16728397]   0-None                     (    0)
[ 49] [    16738398]   0-None                     (    0)
[ 50] [    16748420]   0-None                     (    0)
[ 51] [    16758423]   0-None                     (    0)
[ 52] [    16768421]   0-None                     (    0)
[ 53] [    16778442]   0-None                     (    0)
[ 54] [    16788442]   0-None                     (    0)
[ 55] [    16798462]   0-None                     (    0)
[ 56] [    16808466]   0-None                     (    0)
[ 57] [    16818461]   0-None                     (    0)
[ 58] [    16828483]   0-None                     (    0)
[ 59] [    16838483]   0-None                     (    0)
[ 60] [    16848485]   0-None                     (    0)
[ 61] [    16858506]   0-None                     (    0)
[ 62] [    16868524]   0-None                     (    0)
[ 63] [    16878526]   0-None                     (    0)
[ 64] [    16888543]   0-None                     (    0)
[ 65] [    16898546]   0-None                     (    0)
[ 66] [    16908544]   0-None                     (    0)
[ 67] [    16918546]   0-None                     (    0)
[ 68] [    16928570]   0-None                     (    0)
[ 69] [    16938588]   0-None                     (    0)
[ 70] [    16948584]   0-None                     (    0)
[ 71] [    16958606]   0-None                     (    0)
[ 72] [    16968604]   0-None                     (    0)
[ 73] [    16978624]   0-None                     (    0)
[ 74] [    16988621]   0-None                     (    0)
[ 75] [    16998643]   0-None                     (    0)
[ 76] [    17008645]   0-None                     (    0)
[ 77] [    17018647]   0-None                     (    0)
[ 78] [    17028669]   0-None                     (    0)
[ 79] [    17038668]   0-None                     (    0)
[ 80] [    17048672]   0-None                     (    0)
[ 81] [    17058670]   0-None                     (    0)
[ 82] [    17068690]   0-None                     (    0)
[ 83] [    17078692]   0-None                     (    0)
[ 84] [    17088685]   0-None                     (    0)
[ 85] [    17098686]   0-None                     (    0)
[ 86] [    17108687]   0-None                     (    0)
[ 87] [    17118687]   0-None                     (    0)
[ 88] [    17128687]   0-None                     (    0)
[ 89] [    17138707]   0-None                     (    0)
[ 90] [    17148691]   0-None                     (    0)
[ 91] [    17158705]   0-None                     (    0)
[ 92] [    17168708]   0-None                     (    0)
[ 93] [    17178704]   0-None                     (    0)
[ 94] [    17188708]   0-None                     (    0)
[ 95] [    17198704]   0-None                     (    0)
[ 96] [    17208709]   0-None                     (    0)
[ 97] [    17218706]   0-None                     (    0)
[ 98] [    17228710]   0-None                     (    0)
[ 99] [    17238706]   0-None                     (    0)
[100] [    17248724]   0-None                     (    0)
[101] [    17258724]   0-None                     (    0)
[102] [    17268724]   0-None                     (    0)
[103] [    17278726]   0-None                     (    0)
[104] [    17288729]   0-None                     (    0)
[105] [    17298723]   0-None                     (    0)
[106] [    17308725]   0-None                     (    0)
[107] [    17318726]   0-None                     (    0)
[108] [    17328727]   0-None                     (    0)
[109] [    17338722]   0-None                     (    0)
[110] [    17348723]   0-None                     (    0)
[111] [    17358724]   0-None                     (    0)
[112] [    17368725]   0-None                     (    0)
[113] [    17378746]   0-None                     (    0)
[114] [    17388743]   0-None                     (    0)
[115] [    17398762]   0-None                     (    0)
[116] [    17408764]   0-None                     (    0)
[117] [    17418786]   0-None                     (    0)
[118] [    17428789]   0-None                     (    0)
[119] [    17438789]   0-None                     (    0)
[120] [    17448788]   0-None                     (    0)
[121] [    17458807]   0-None                     (    0)
[122] [    17468807]   0-None                     (    0)
[123] [    17478807]   0-None                     (    0)
[124] [    17488827]   0-None                     (    0)
[125] [    17498831]   0-None                     (    0)
[126] [    17508826]   0-None                     (    0)
[127] [    17518849]   0-None                     (    0)
[128] [    17528849]   0-None                     (    0)
[129] [    17538872]   0-None                     (    0)
[130] [    17548867]   0-None                     (    0)
[131] [    17558884]   0-None                     (    0)
[132] [    17568887]   0-None                     (    0)
[133] [    17578909]   0-None                     (    0)
[134] [    17588911]   0-None                     (    0)
[135] [    17598909]   0-None                     (    0)
[136] [    17608911]   0-None                     (    0)
[137] [    17618929]   0-None                     (    0)
[138] [    17628929]   0-None                     (    0)
[139] [    17638948]   0-None                     (    0)
[140] [    17648951]   0-None                     (    0)
[141] [    17658947]   0-None                     (    0)
[142] [    17668951]   0-None                     (    0)
[143] [    17678967]   0-None                     (    0)
[144] [    17688948]   0-None                     (    0)
[145] [    17698970]   0-None                     (    0)
[146] [    17708971]   0-None                     (    0)
[147] [    17718973]   0-None                     (    0)
[148] [    17728986]   0-None                     (    0)
[149] [    17738993]   0-None                     (    0)
[150] [    17749011]   0-None                     (    0)
[151] [    17759014]   0-None                     (    0)
[152] [    17769011]   0-None                     (    0)
[153] [    17779014]   0-None                     (    0)
[154] [    17789030]   0-None                     (    0)
[155] [    17799053]   0-None                     (    0)
[156] [    17809052]   0-None                     (    0)
[157] [    17819050]   0-None                     (    0)
[158] [    17829050]   0-None                     (    0)
[159] [    17839056]   0-None                     (    0)
[160] [    17849057]   0-None                     (    0)
[161] [    17859070]   0-None                     (    0)
[162] [    17869073]   0-None                     (    0)
[163] [    17879089]   0-None                     (    0)
[164] [    17889076]   0-None                     (    0)
[165] [    17899091]   0-None                     (    0)
[166] [    17909092]   0-None                     (    0)
[167] [    17919092]   0-None                     (    0)
[168] [    17929092]   0-None                     (    0)
[169] [    17939092]   0-None                     (    0)
[170] [    17949092]   0-None                     (    0)
[171] [    17959095]   0-None                     (    0)
[172] [    17969108]   0-None                     (    0)
[173] [    17979114]   0-None                     (    0)
[174] [    17989110]   0-None                     (    0)
[175] [    17999128]   0-None                     (    0)
[176] [    18009130]   0-None                     (    0)
[177] [    18019130]   0-None                     (    0)
[178] [    18029132]   0-None                     (    0)
[179] [    18039135]   0-None                     (    0)
[180] [    18049152]   0-None                     (    0)
[181] [    18059134]   0-None                     (    0)
[182] [    18069151]   0-None                     (    0)
[183] [    18079155]   0-None                     (    0)
[184] [    18089138]   0-None                     (    0)
[185] [    18099154]   0-None                     (    0)
[186] [    18109152]   0-None                     (    0)
[187] [    18119155]   0-None                     (    0)
[188] [    18129150]   0-None                     (    0)
[189] [    18139155]   0-None                     (    0)
[190] [    18149153]   0-None                     (    0)
[191] [    18159152]   0-None                     (    0)
[192] [    18169155]   0-None                     (    0)
[193] [    18179154]   0-None                     (    0)
[194] [    18189174]   0-None                     (    0)
[195] [    18199174]   0-None                     (    0)
[196] [    18209172]   0-None                     (    0)
[197] [    18219192]   0-None                     (    0)
[198] [    18229195]   0-None                     (    0)
[199] [    18239190]   0-None                     (    0)
[200] [    18249193]   0-None                     (    0)
[201] [    18259209]   0-None                     (    0)
[202] [    18269210]   0-None                     (    0)
[203] [    18279211]   0-None                     (    0)
[204] [    18289232]   0-None                     (    0)
[205] [    18299230]   0-None                     (    0)
[206] [    18309228]   0-None                     (    0)
[207] [    18319249]   0-None                     (    0)
[208] [    18329251]   0-None                     (    0)
[209] [    18339253]   0-None                     (    0)
[210] [    18349256]   0-None                     (    0)
[211] [    18359254]   0-None                     (    0)
[212] [    18369270]   0-None                     (    0)
[213] [    18379254]   0-None                     (    0)
[214] [    18389272]   0-None                     (    0)
[215] [    18399259]   0-None                     (    0)
[216] [    18409268]   0-None                     (    0)
[217] [    18419274]   0-None                     (    0)
[218] [    18429260]   0-None                     (    0)
[219] [    18439270]   0-None                     (    0)
[220] [    18449257]   0-None                     (    0)
[221] [    18459274]   0-None                     (    0)
[222] [    18469273]   0-None                     (    0)
[223] [    18479257]   0-None                     (    0)
[224] [    18489274]   0-None                     (    0)
[225] [    18499273]   0-None                     (    0)
[226] [    18509272]   0-None                     (    0)
[227] [    18519276]   0-None                     (    0)
[228] [    18529275]   0-None                     (    0)
[229] [    18539274]   0-None                     (    0)
[230] [    18549273]   0-None                     (    0)
[231] [    18559292]   0-None                     (    0)
[232] [    18569292]   0-None                     (    0)
[233] [    18579291]   0-None                     (    0)
[234] [    18589292]   0-None                     (    0)
[235] [    18599291]   0-None                     (    0)
[236] [    18609291]   0-None                     (    0)
[237] [    18619291]   0-None                     (    0)
[238] [    18629290]   0-None                     (    0)
[239] [    18639310]   0-None                     (    0)
[240] [    18649294]   0-None                     (    0)
[241] [    18659309]   0-None                     (    0)
[242] [    18669312]   0-None                     (    0)
[243] [    18679314]   0-None                     (    0)
[244] [    18689309]   0-None                     (    0)
[245] [    18699312]   0-None                     (    0)
[246] [    18709328]   0-None                     (    0)
[247] [    18719328]   0-None                     (    0)
[248] [    18729327]   0-None                     (    0)
[249] [    18739348]   0-None                     (    0)
[250] [    18749353]   0-None                     (    0)
[251] [    18759350]   0-None                     (    0)
[252] [    18769368]   0-None                     (    0)
[253] [    18779369]   0-None                     (    0)
[254] [    18789369]   0-None                     (    0)
[255] [    18799371]   0-None                     (    0)
[  0] [    18809373]   0-None                     (    0)
[  1] [    18819391]   0-None                     (    0)
[  2] [    18829394]   0-None                     (    0)
[  3] [    18839397]   0-None                     (    0)
[  4] [    18849394]   0-None                     (    0)
[  5] [    18859413]   0-None                     (    0)
[  6] [    18869412]   0-None                     (    0)
[  7] [    18879411]   0-None                     (    0)
[  8] [    18889431]   0-None                     (    0)
[  9] [    18899433]   0-None                     (    0)
[ 10] [    18909437]   0-None                     (    0)
[ 11] [    18919432]   0-None                     (    0)
[ 12] [    18929457]   0-None                     (    0)
[ 13] [    18939457]   0-None                     (    0)
[ 14] [    18949457]   0-None                     (    0)
[ 15] [    18959469]   0-None                     (    0)
[ 16] [    18969477]   0-None                     (    0)
[ 17] [    18979477]   0-None                     (    0)
[ 18] [    18989475]   0-None                     (    0)
[ 19] [    18999494]   0-None                     (    0)
[ 20] [    19009497]   0-None                     (    0)
[ 21] [    19019492]   0-None                     (    0)
[ 22] [    19029516]   0-None                     (    0)
[ 23] [    19039515]   0-None                     (    0)
[ 24] [    19049516]   0-None                     (    0)
[ 25] [    19059516]   0-None                     (    0)
[ 26] [    19069535]   0-None                     (    0)
[ 27] [    19079534]   0-None                     (    0)
[ 28] [    19089534]   0-None                     (    0)
[ 29] [    19099534]   0-None                     (    0)
[ 30] [    19109553]   0-None                     (    0)
[ 31] [    19119556]   0-None                     (    0)
[ 32] [    19129571]   0-None                     (    0)
[ 33] [    19139578]   0-None                     (    0)
[ 34] [    19149571]   0-None                     (    0)
[ 35] [    19159592]   0-None                     (    0)
[ 36] [    19169590]   0-None                     (    0)
[ 37] [    19179597]   0-None                     (    0)
[ 38] [    19189616]   0-None                     (    0)
[ 39] [    19199618]   0-None                     (    0)
[ 40] [    19209615]   0-None                     (    0)
[ 41] [    19219618]   0-None                     (    0)
[ 42] [    19229635]   0-None                     (    0)
[ 43] [    19239638]   0-None                     (    0)
[ 44] [    19249657]   0-None                     (    0)
[ 45] [    19259657]   0-None                     (    0)
[ 46] [    19269656]   0-None                     (    0)
[ 47] [    19279674]   0-None                     (    0)
[ 48] [    19289679]   0-None                     (    0)
[ 49] [    19299677]   0-None                     (    0)
[ 50] [    19309700]   0-None                     (    0)
[ 51] [    19319693]   0-None                     (    0)
[ 52] [    19329694]   0-None                     (    0)
[ 53] [    19339695]   0-None                     (    0)
[ 54] [    19349716]   0-None                     (    0)
[ 55] [    19359713]   0-None                     (    0)
[ 56] [    19369719]   0-None                     (    0)
[ 57] [    19379738]   0-None                     (    0)
[ 58] [    19389761]   0-None                     (    0)
[ 59] [    19399761]   0-None                     (    0)
[ 60] [    19409780]   0-None                     (    0)
[ 61] [    19419779]   0-None                     (    0)
[ 62] [    19429779]   0-None                     (    0)
[ 63] [    19439779]   0-None                     (    0)
[ 64] [    19449779]   0-None                     (    0)
[ 65] [    19459798]   0-None                     (    0)
[ 66] [    19469803]   0-None                     (    0)
[ 67] [    19479818]   0-None                     (    0)
[ 68] [    19489819]   0-None                     (    0)
[ 69] [    19499840]   0-None                     (    0)
[ 70] [    19509861]   0-None                     (    0)
[ 71] [    19519864]   0-None                     (    0)
[ 72] [    19529862]   0-None                     (    0)
[ 73] [    19539880]   0-None                     (    0)
[ 74] [    19549883]   0-None                     (    0)
[ 75] [    19559881]   0-None                     (    0)
[ 76] [    19569906]   0-None                     (    0)
[ 77] [    19579905]   0-None                     (    0)
[ 78] [    19589925]   0-None                     (    0)
[ 79] [    19599920]   0-None                     (    0)
[ 80] [    19609943]   0-None                     (    0)
[ 81] [    19619944]   0-None                     (    0)
[ 82] [    19629938]   0-None                     (    0)
[ 83] [    19639966]   0-None                     (    0)
[ 84] [    19649984]   0-None                     (    0)
[ 85] [    19659987]   0-None                     (    0)
[ 86] [    19670007]   0-None                     (    0)
[ 87] [    19680007]   0-None                     (    0)
[ 88] [    19690026]   0-None                     (    0)
[ 89] [    19700025]   0-None                     (    0)
[ 90] [    19710045]   0-None                     (    0)
[ 91] [    19720049]   0-None                     (    0)
[ 92] [    19730065]   0-None                     (    0)
[ 93] [    19740086]   0-None                     (    0)
[ 94] [    19750084]   0-None                     (    0)
[ 95] [    19760104]   0-None                     (    0)
[ 96] [    19770105]   0-None                     (    0)
[ 97] [    19780127]   0-None                     (    0)
[ 98] [    19790130]   0-None                     (    0)
[ 99] [    19800149]   0-None                     (    0)
[100] [    19810149]   0-None                     (    0)
[101] [    19820168]   0-None                     (    0)
[102] [    19830170]   0-None                     (    0)
[103] [    19840186]   0-None                     (    0)
[104] [    19850186]   0-None                     (    0)
[105] [    19860208]   0-None                     (    0)
[106] [    19870213]   0-None                     (    0)
[107] [    19880230]   0-None                     (    0)
[108] [    19890226]   0-None                     (    0)
[109] [    19900250]   0-None                     (    0)
[110] [    19910257]   0-None                     (    0)
[111] [    19920275]   0-None                     (    0)
[112] [    19930276]   0-None                     (    0)
[113] [    19940290]   0-None                     (    0)
[114] [    19950313]   0-None                     (    0)
[115] [    19960313]   0-None                     (    0)
[116] [    19970333]   0-None                     (    0)
[117] [    19980350]   0-None                     (    0)
[118] [    19990352]   0-None                     (    0)
[119] [    20000374]   0-None                     (    0)
[120] [    20010377]   0-None                     (    0)
[121] [    20020374]   0-None                     (    0)
[122] [    20030377]   0-None                     (    0)
[123] [    20040396]   0-None                     (    0)
[124] [    20050415]   0-None                     (    0)
[125] [    20060417]   0-None                     (    0)
[126] [    20070441]   0-None                     (    0)
[127] [    20080440]   0-None                     (    0)
[128] [    20090460]   0-None                     (    0)
[129] [    20100478]   0-None                     (    0)
[130] [    20110480]   0-None                     (    0)
[131] [    20120497]   0-None                     (    0)
[132] [    20130520]   0-None                     (    0)
[133] [    20140538]   0-None                     (    0)
[134] [    20150541]   0-None                     (    0)
[135] [    20160557]   0-None                     (    0)
[136] [    20170582]   0-None                     (    0)
[137] [    20180598]   0-None                     (    0)
[138] [    20190602]   0-None                     (    0)
[139] [    20200619]   0-None                     (    0)
[140] [    20210622]   0-None                     (    0)
[141] [    20220644]   0-None                     (    0)
[142] [    20230643]   0-None                     (    0)
[143] [    20240662]   0-None                     (    0)
[144] [    20250684]   0-None                     (    0)
[145] [    20260705]   0-None                     (    0)
[146] [    20270701]   0-None                     (    0)
[147] [    20280721]   0-None                     (    0)
[148] [    20290743]   0-None                     (    0)
[149] [    20300746]   0-None                     (    0)
[150] [    20310769]   0-None                     (    0)
[151] [    20320767]   0-None                     (    0)
[152] [    20330786]   0-None                     (    0)
[153] [    20340789]   0-None                     (    0)
[154] [    20350804]   0-None                     (    0)
[155] [    20360805]   0-None                     (    0)
[156] [    20370827]   0-None                     (    0)
[157] [    20380825]   0-None                     (    0)
[158] [    20390845]   0-None                     (    0)
[159] [    20400846]   0-None                     (    0)
[160] [    20410868]   0-None                     (    0)
[161] [    20420871]   0-None                     (    0)
[162] [    20430888]   0-None                     (    0)
[163] [    20440894]   0-None                     (    0)
[164] [    20450913]   0-None                     (    0)
[165] [    20460930]   0-None                     (    0)
[166] [    20470949]   0-None                     (    0)
[167] [    20480952]   0-None                     (    0)
[168] [    20490948]   0-None                     (    0)
[169] [    20500967]   0-None                     (    0)
[170] [    20510969]   0-None                     (    0)
[171] [    20520992]   0-None                     (    0)
[172] [    20530995]   0-None                     (    0)
[173] [    20540994]   0-None                     (    0)
[174] [    20551014]   0-None                     (    0)
[175] [    20561013]   0-None                     (    0)
[176] [    20571033]   0-None                     (    0)
[177] [    20581037]   0-None                     (    0)
[178] [    20591052]   0-None                     (    0)
[179] [    20601073]   0-None                     (    0)
[180] [    20611093]   0-None                     (    0)
[181] [    20621096]   0-None                     (    0)
[182] [    20631113]   0-None                     (    0)
[183] [    20641117]   0-None                     (    0)
[184] [    20651141]   0-None                     (    0)
[185] [    20661155]   0-None                     (    0)
[186] [    20671159]   0-None                     (    0)
[187] [    20681174]   0-None                     (    0)
[188] [    20691176]   0-None                     (    0)
[189] [    20701197]   0-None                     (    0)
[190] [    20711217]   0-None                     (    0)
[191] [    20721220]   0-None                     (    0)
[192] [    20731236]   0-None                     (    0)
[193] [    20741239]   0-None                     (    0)
[194] [    20751243]   0-None                     (    0)
[195] [    20761259]   0-None                     (    0)
[196] [    20771279]   0-None                     (    0)
[197] [    20781283]   0-None                     (    0)
[198] [    20791298]   0-None                     (    0)
[199] [    20801320]   0-None                     (    0)
[200] [    20811319]   0-None                     (    0)
[201] [    20821339]   0-None                     (    0)
[202] [    20831340]   0-None                     (    0)
[203] [    20841363]   0-None                     (    0)
[204] [    20851365]   0-None                     (    0)
[205] [    20861364]   0-None                     (    0)
[206] [    20871386]   0-None                     (    0)
[207] [    20881404]   0-None                     (    0)
[208] [    20891409]   0-None                     (    0)
[209] [    20901404]   0-None                     (    0)
[210] [    20911429]   0-None                     (    0)
[211] [    20921429]   0-None                     (    0)
[212] [    20931441]   0-None                     (    0)
[213] [    20941447]   0-None                     (    0)
[214] [    20951465]   0-None                     (    0)
[215] [    20961466]   0-None                     (    0)
[216] [    20971468]   0-None                     (    0)
[217] [    20981485]   0-None                     (    0)
[218] [    20991488]   0-None                     (    0)
[219] [    21001488]   0-None                     (    0)
[220] [    21011508]   0-None                     (    0)
[221] [    21021506]   0-None                     (    0)
[222] [    21031504]   0-None                     (    0)
[223] [    21041510]   0-None                     (    0)
[224] [    21051530]   0-None                     (    0)
[225] [        7764]   0-None                     (    0)
[226] [       17768]   0-None                     (    0)
[227] [       27764]   0-None                     (    0)
[228] [       37786]   0-None                     (    0)
[229] [       47787]   0-None                     (    0)
[230] [       57788]   0-None                     (    0)
[231] [       67801]   0-None                     (    0)
[232] [       77808]   0-None                     (    0)
[233] [       87805]   0-None                     (    0)
[234] [       97824]   0-None                     (    0)
[235] [      107825]   0-None                     (    0)
[236] [      117847]   0-None                     (    0)
[237] [      127849]   0-None                     (    0)
[238] [      137867]   0-None                     (    0)
[239] [      147867]   0-None                     (    0)
[240] [      157866]   0-None                     (    0)
[241] [      167886]   0-None                     (    0)
[242] [      177909]   0-None                     (    0)
[243] [      187909]   0-None                     (    0)
[244] [      197932]   0-None                     (    0)
[245] [      207928]   0-None                     (    0)
[246] [      217947]   0-None                     (    0)
[247] [      227948]   0-None                     (    0)
[248] [      237950]   0-None                     (    0)
[249] [      247952]   0-None                     (    0)
[250] [      257949]   0-None                     (    0)
[251] [      267968]   0-None                     (    0)
[252] [      277990]   0-None                     (    0)
[253] [      287989]   0-None                     (    0)
[254] [      298008]   0-None                     (    0)
[255] [      308013]   0-None                     (    0)
[  0] [      318029]   0-None                     (    0)
[  1] [      328050]   0-None                     (    0)
[  2] [      338069]   0-None                     (    0)
[  3] [      348070]   0-None                     (    0)
[  4] [      358093]   0-None                     (    0)
[  5] [      368096]   0-None                     (    0)
[  6] [      378094]   0-None                     (    0)
[  7] [      388116]   0-None                     (    0)
[  8] [      398134]   0-None                     (    0)
[  9] [      408136]   0-None                     (    0)
[ 10] [      418151]   0-None                     (    0)
[ 11] [      428159]   0-None                     (    0)
[ 12] [      438152]   0-None                     (    0)
[ 13] [      448172]   0-None                     (    0)
[ 14] [      458171]   0-None                     (    0)
[ 15] [      468199]   0-None                     (    0)
[ 16] [      478199]   0-None                     (    0)
[ 17] [      488216]   0-None                     (    0)
[ 18] [      498219]   0-None                     (    0)
[ 19] [      508238]   0-None                     (    0)
[ 20] [      518237]   0-None                     (    0)
[ 21] [      528257]   0-None                     (    0)
[ 22] [      538262]   0-None                     (    0)
[ 23] [      548257]   0-None                     (    0)
[ 24] [      558260]   0-None                     (    0)
[ 25] [      568276]   0-None                     (    0)
[ 26] [      578279]   0-None                     (    0)
[ 27] [      588293]   0-None                     (    0)
[ 28] [      598317]   0-None                     (    0)
[ 29] [      608321]   0-None                     (    0)
[ 30] [      618339]   0-None                     (    0)
[ 31] [      628342]   0-None                     (    0)
[ 32] [      638361]   0-None                     (    0)
[ 33] [      648361]   0-None                     (    0)
[ 34] [      658381]   0-None                     (    0)
[ 35] [      668405]   0-None                     (    0)
[ 36] [      678399]   0-None                     (    0)
[ 37] [      688421]   0-None                     (    0)
[ 38] [      698417]   0-None                     (    0)
[ 39] [      708439]   0-None                     (    0)
[ 40] [      718440]   0-None                     (    0)
[ 41] [      728443]   0-None                     (    0)
[ 42] [      738465]   0-None                     (    0)
[ 43] [      748465]   0-None                     (    0)
[ 44] [      758484]   0-None                     (    0)
[ 45] [      768484]   0-None                     (    0)
[ 46] [      778504]   0-None                     (    0)
[ 47] [      788501]   0-None                     (    0)
[ 48] [      798525]   0-None                     (    0)
[ 49] [      808526]   0-None                     (    0)
[ 50] [      818540]   0-None                     (    0)
[ 51] [      828547]   0-None                     (    0)
[ 52] [      838568]   0-None                     (    0)
[ 53] [      848584]   0-None                     (    0)
[ 54] [      858587]   0-None                     (    0)
[ 55] [      868590]   0-None                     (    0)
[ 56] [      878606]   0-None                     (    0)
[ 57] [      888628]   0-None                     (    0)
[ 58] [      898632]   0-None                     (    0)
[ 59] [      908649]   0-None                     (    0)
[ 60] [      918669]   0-None                     (    0)
[ 61] [      928666]   0-None                     (    0)
[ 62] [      938672]   0-None                     (    0)
[ 63] [      948690]   0-None                     (    0)
[ 64] [      958692]   0-None                     (    0)
[ 65] [      968689]   0-None                     (    0)
[ 66] [      978692]   0-None                     (    0)
[ 67] [      988709]   0-None                     (    0)
[ 68] [      998712]   0-None                     (    0)
[ 69] [     1008710]   0-None                     (    0)
[ 70] [     1018732]   0-None                     (    0)
[ 71] [     1028730]   0-None                     (    0)
[ 72] [     1038750]   0-None                     (    0)
[ 73] [     1048754]   0-None                     (    0)
[ 74] [     1058769]   0-None                     (    0)
[ 75] [     1068770]   0-None                     (    0)
[ 76] [     1078770]   0-None                     (    0)
[ 77] [     1088791]   0-None                     (    0)
[ 78] [     1098788]   0-None                     (    0)
[ 79] [     1108808]   0-None                     (    0)
[ 80] [     1118809]   0-None                     (    0)
[ 81] [     1128831]   0-None                     (    0)
[ 82] [     1138834]   0-None                     (    0)
[ 83] [     1148838]   0-None                     (    0)
[ 84] [     1158855]   0-None                     (    0)
[ 85] [     1168873]   0-None                     (    0)
[ 86] [     1178876]   0-None                     (    0)
[ 87] [     1188891]   0-None                     (    0)
[ 88] [     1198891]   0-None                     (    0)
[ 89] [     1208912]   0-None                     (    0)
[ 90] [     1218910]   0-None                     (    0)
[ 91] [     1228916]   0-None                     (    0)
[ 92] [     1238935]   0-None                     (    0)
[ 93] [     1248938]   0-None                     (    0)
[ 94] [     1258955]   0-None                     (    0)
[ 95] [     1268978]   0-None                     (    0)
[ 96] [     1278977]   0-None                     (    0)
[ 97] [     1288996]   0-None                     (    0)
[ 98] [     1299000]   0-None                     (    0)
[ 99] [     1309015]   0-None                     (    0)
[100] [     1319016]   0-None                     (    0)
[101] [     1329017]   0-None                     (    0)
[102] [     1339037]   0-None                     (    0)
[103] [     1349035]   0-None                     (    0)
[104] [     1359033]   0-None                     (    0)
[105] [     1369040]   0-None                     (    0)
[106] [     1379057]   0-None                     (    0)
[107] [     1389059]   0-None                     (    0)
[108] [     1399061]   0-None                     (    0)
[109] [     1409078]   0-None                     (    0)
[110] [     1419080]   0-None                     (    0)
[111] [     1429085]   0-None                     (    0)
[112] [     1439100]   0-None                     (    0)
[113] [     1449098]   0-None                     (    0)
[114] [     1459123]   0-None                     (    0)
[115] [     1469118]   0-None                     (    0)
[116] [     1479142]   0-None                     (    0)
[117] [     1489142]   0-None                     (    0)
[118] [     1499143]   0-None                     (    0)
[119] [     1509157]   0-None                     (    0)
[120] [     1519156]   0-None                     (    0)
[121] [     1529162]   0-None                     (    0)
[122] [     1539159]   0-None                     (    0)
[123] [     1549177]   0-None                     (    0)
[124] [     1559178]   0-None                     (    0)
[125] [     1569200]   0-None                     (    0)
[126] [     1579204]   0-None                     (    0)
[127] [     1589201]   0-None                     (    0)
[128] [     1599223]   0-None                     (    0)
[129] [     1609223]   0-None                     (    0)
[130] [     1619242]   0-None                     (    0)
[131] [     1629246]   0-None                     (    0)
[132] [     1639261]   0-None                     (    0)
[133] [     1649283]   0-None                     (    0)
[134] [     1659300]   0-None                     (    0)
[135] [     1669301]   0-None                     (    0)
[136] [     1679324]   0-None                     (    0)
[137] [     1689327]   0-None                     (    0)
[138] [     1699346]   0-None                     (    0)
[139] [     1709365]   0-None                     (    0)
[140] [     1719369]   0-None                     (    0)
[141] [     1729386]   0-None                     (    0)
[142] [     1739386]   0-None                     (    0)
[143] [     1749409]   0-None                     (    0)
[144] [     1759426]   0-None                     (    0)
[145] [     1769429]   0-None                     (    0)
[146] [     1779445]   0-None                     (    0)
[147] [     1789448]   0-None                     (    0)
[148] [     1799471]   0-None                     (    0)
[149] [     1809490]   0-None                     (    0)
[150] [     1819507]   0-None                     (    0)
[151] [     1829509]   0-None                     (    0)
[152] [     1839530]   0-None                     (    0)
[153] [     1849552]   0-None                     (    0)
[154] [     1859554]   0-None                     (    0)
[155] [     1869554]   0-None                     (    0)
[156] [     1879574]   0-None                     (    0)
[157] [     1889593]   0-None                     (    0)
[158] [     1899593]   0-None                     (    0)
[159] [     1909612]   0-None                     (    0)
[160] [     1919617]   0-None                     (    0)
[161] [     1929633]   0-None                     (    0)
[162] [     1939634]   0-None                     (    0)
[163] [     1949654]   0-None                     (    0)
[164] [     1959675]   0-None                     (    0)
[165] [     1969678]   0-None                     (    0)
[166] [     1979696]   0-None                     (    0)
[167] [     1989698]   0-None                     (    0)
[168] [     1999717]   0-None                     (    0)
[169] [     2009717]   0-None                     (    0)
[170] [     2019736]   0-None                     (    0)
[171] [     2029740]   0-None                     (    0)
[172] [     2039757]   0-None                     (    0)
[173] [     2049758]   0-None                     (    0)
[174] [     2059778]   0-None                     (    0)
[175] [     2069796]   0-None                     (    0)
[176] [     2079798]   0-None                     (    0)
[177] [     2089821]   0-None                     (    0)
[178] [     2099821]   0-None                     (    0)
[179] [     2109820]   0-None                     (    0)
[180] [     2119842]   0-None                     (    0)
[181] [     2129841]   0-None                     (    0)
[182] [     2139859]   0-None                     (    0)
[183] [     2149863]   0-None                     (    0)
[184] [     2159878]   0-None                     (    0)
[185] [     2169879]   0-None                     (    0)
[186] [     2179899]   0-None                     (    0)
[187] [     2189896]   0-None                     (    0)
[188] [     2199903]   0-None                     (    0)
[189] [     2209921]   0-None                     (    0)
[190] [     2219924]   0-None                     (    0)
[191] [     2229941]   0-None                     (    0)
[192] [     2239963]   0-None                     (    0)
[193] [     2249963]   0-None                     (    0)
[194] [     2259982]   0-None                     (    0)
[195] [     2269984]   0-None                     (    0)
[196] [     2280000]   0-None                     (    0)
[197] [     2290022]   0-None                     (    0)
[198] [     2300021]   0-None                     (    0)
[199] [     2310027]   0-None                     (    0)
[200] [     2320045]   0-None                     (    0)
[201] [     2330048]   0-None                     (    0)
[202] [     2340063]   0-None                     (    0)
[203] [     2350067]   0-None                     (    0)
[204] [     2360070]   0-None                     (    0)
[205] [     2370086]   0-None                     (    0)
[206] [     2380086]   0-None                     (    0)
[207] [     2390086]   0-None                     (    0)
[208] [     2400086]   0-None                     (    0)
[209] [     2410105]   0-None                     (    0)
[210] [     2420088]   0-None                     (    0)
[211] [     2430106]   0-None                     (    0)
[212] [     2440109]   0-None                     (    0)
[213] [     2450103]   0-None                     (    0)
[214] [     2460126]   0-None                     (    0)
[215] [     2470126]   0-None                     (    0)
[216] [     2480146]   0-None                     (    0)
[217] [     2490142]   0-None                     (    0)
[218] [     2500149]   0-None                     (    0)
[219] [     2510167]   0-None                     (    0)
[220] [     2520170]   0-None                     (    0)
[221] [     2530187]   0-None                     (    0)
[222] [     2540190]   0-None                     (    0)
[223] [     2550209]   0-None                     (    0)
[224] [     2560228]   0-None                     (    0)
[225] [     2570231]   0-None                     (    0)
[226] [     2580246]   0-None                     (    0)
[227] [     2590274]   0-None                     (    0)
[228] [     2600273]   0-None                     (    0)
[229] [     2610290]   0-None                     (    0)
[230] [     2620293]   0-None                     (    0)
[231] [     2630308]   0-None                     (    0)
[232] [     2640331]   0-None                     (    0)
[233] [     2650331]   0-None                     (    0)
[234] [     2660352]   0-None                     (    0)
[235] [     2670356]   0-None                     (    0)
[236] [     2680371]   0-None                     (    0)
[237] [     2690393]   0-None                     (    0)
[238] [     2700389]   0-None                     (    0)
[239] [     2710417]   0-None                     (    0)
[240] [     2720415]   0-None                     (    0)
[241] [     2730432]   0-None                     (    0)
[242] [     2740436]   0-None                     (    0)
[243] [     2750460]   0-None                     (    0)
[244] [     2760474]   0-None                     (    0)
[245] [     2770477]   0-None                     (    0)
[246] [     2780493]   0-None                     (    0)
[247] [     2790515]   0-None                     (    0)
[248] [     2800534]   0-None                     (    0)
[249] [     2810535]   0-None                     (    0)
[250] [     2820558]   0-None                     (    0)
[251] [     2830561]   0-None                     (    0)
[252] [     2840580]   0-None                     (    0)
[253] [     2850579]   0-None                     (    0)
[254] [     2860599]   0-None                     (    0)
[255] [     2870603]   0-None                     (    0)
[  0] [     2880618]   0-None                     (    0)
[  1] [     2890639]   0-None                     (    0)
[  2] [     2900647]   0-None                     (    0)
[  3] [     2910666]   0-None                     (    0)
[  4] [     2920661]   0-None                     (    0)
[  5] [     2930686]   0-None                     (    0)
[  6] [     2940683]   0-None                     (    0)
[  7] [     2950682]   0-None                     (    0)
[  8] [     2960707]   0-None                     (    0)
[  9] [     2970701]   0-None                     (    0)
[ 10] [     2980722]   0-None                     (    0)
[ 11] [     2990727]   0-None                     (    0)
[ 12] [     3000743]   0-None                     (    0)
[ 13] [     3010744]   0-None                     (    0)
[ 14] [     3020759]   0-None                     (    0)
[ 15] [     3030759]   0-None                     (    0)
[ 16] [     3040781]   0-None                     (    0)
[ 17] [     3050783]   0-None                     (    0)
[ 18] [     3060785]   0-None                     (    0)
[ 19] [     3070802]   0-None                     (    0)
[ 20] [     3080805]   0-None                     (    0)
[ 21] [     3090827]   0-None                     (    0)
[ 22] [     3100826]   0-None                     (    0)
[ 23] [     3110845]   0-None                     (    0)
[ 24] [     3120870]   0-None                     (    0)
[ 25] [     3130863]   0-None                     (    0)
[ 26] [     3140885]   0-None                     (    0)
[ 27] [     3150883]   0-None                     (    0)
[ 28] [     3160904]   0-None                     (    0)
[ 29] [     3170925]   0-None                     (    0)
[ 30] [     3180931]   0-None                     (    0)
[ 31] [     3190947]   0-None                     (    0)
[ 32] [     3200953]   0-None                     (    0)
[ 33] [     3210953]   0-None                     (    0)
[ 34] [     3220973]   0-None                     (    0)
[ 35] [     3230988]   0-None                     (    0)
[ 36] [     3240989]   0-None                     (    0)
[ 37] [     3251010]   0-None                     (    0)
[ 38] [     3261006]   0-None                     (    0)
[ 39] [     3271034]   0-None                     (    0)
[ 40] [     3281051]   0-None                     (    0)
[ 41] [     3291054]   0-None                     (    0)
[ 42] [     3301073]   0-None                     (    0)
[ 43] [     3311072]   0-None                     (    0)
[ 44] [     3321091]   0-None                     (    0)
[ 45] [     3331114]   0-None                     (    0)
[ 46] [     3341115]   0-None                     (    0)
[ 47] [     3351137]   0-None                     (    0)
[ 48] [     3361133]   0-None                     (    0)
[ 49] [     3371151]   0-None                     (    0)
[ 50] [     3381152]   0-None                     (    0)
[ 51] [     3391174]   0-None                     (    0)
[ 52] [     3401197]   0-None                     (    0)
[ 53] [     3411196]   0-None                     (    0)
[ 54] [     3421216]   0-None                     (    0)
[ 55] [     3431238]   0-None                     (    0)
[ 56] [     3441238]   0-None                     (    0)
[ 57] [     3451260]   0-None                     (    0)
[ 58] [     3461278]   0-None                     (    0)
[ 59] [     3471280]   0-None                     (    0)
[ 60] [     3481296]   0-None                     (    0)
[ 61] [     3491299]   0-None                     (    0)
[ 62] [     3501302]   0-None                     (    0)
[ 63] [     3511323]   0-None                     (    0)
[ 64] [     3521323]   0-None                     (    0)
[ 65] [     3531343]   0-None                     (    0)
[ 66] [     3541338]   0-None                     (    0)
[ 67] [     3551341]   0-None                     (    0)
[ 68] [     3561357]   0-None                     (    0)
[ 69] [     3571358]   0-None                     (    0)
[ 70] [     3581380]   0-None                     (    0)
[ 71] [     3591376]   0-None                     (    0)
[ 72] [     3601405]   0-None                     (    0)
[ 73] [     3611401]   0-None                     (    0)
[ 74] [     3621424]   0-None                     (    0)
[ 75] [     3631422]   0-None                     (    0)
[ 76] [     3641444]   0-None                     (    0)
[ 77] [     3651462]   0-None                     (    0)
[ 78] [     3661465]   0-None                     (    0)
[ 79] [     3671480]   0-None                     (    0)
[ 80] [     3681501]   0-None                     (    0)
[ 81] [     3691521]   0-None                     (    0)
[ 82] [     3701522]   0-None                     (    0)
[ 83] [     3711545]   0-None                     (    0)
[ 84] [     3721548]   0-None                     (    0)
[ 85] [     3731565]   0-None                     (    0)
[ 86] [     3741566]   0-None                     (    0)
[ 87] [     3751585]   0-None                     (    0)
[ 88] [     3761587]   0-None                     (    0)
[ 89] [     3771609]   0-None                     (    0)
[ 90] [     3781608]   0-None                     (    0)
[ 91] [     3791608]   0-None                     (    0)
[ 92] [     3801632]   0-None                     (    0)
[ 93] [     3811627]   0-None                     (    0)
[ 94] [     3821652]   0-None                     (    0)
[ 95] [     3831668]   0-None                     (    0)
[ 96] [     3841671]   0-None                     (    0)
[ 97] [     3851690]   0-None                     (    0)
[ 98] [     3861710]   0-None                     (    0)
[ 99] [     3871714]   0-None                     (    0)
[100] [     3881729]   0-None                     (    0)
[101] [     3891730]   0-None                     (    0)
[102] [     3901751]   0-None                     (    0)
[103] [     3911770]   0-None                     (    0)
[104] [     3921772]   0-None                     (    0)
[105] [     3931775]   0-None                     (    0)
[106] [     3941792]   0-None                     (    0)
[107] [     3951795]   0-None                     (    0)
[108] [     3961795]   0-None                     (    0)
[109] [     3971814]   0-None                     (    0)
[110] [     3981833]   0-None                     (    0)
[111] [     3991836]   0-None                     (    0)
[112] [     4001851]   0-None                     (    0)
[113] [     4011852]   0-None                     (    0)
[114] [     4021874]   0-None                     (    0)
[115] [     4031872]   0-None                     (    0)
[116] [     4041892]   0-None                     (    0)
[117] [     4051896]   0-None                     (    0)
[118] [     4061913]   0-None                     (    0)
[119] [     4071917]   0-None                     (    0)
[120] [     4081920]   0-None                     (    0)
[121] [     4091916]   0-None                     (    0)
[122] [     4101934]   0-None                     (    0)
[123] [     4111956]   0-None                     (    0)
[124] [     4121959]   0-None                     (    0)
[125] [     4131976]   0-None                     (    0)
[126] [     4141997]   0-None                     (    0)
[127] [     4151995]   0-None                     (    0)
[128] [     4162015]   0-None                     (    0)
[129] [     4172038]   0-None                     (    0)
[130] [     4182061]   0-None                     (    0)
[131] [     4192081]   0-None                     (    0)
[132] [     4202078]   0-None                     (    0)
[133] [     4212102]   0-None                     (    0)
[134] [     4222103]   0-None                     (    0)
[135] [     4232117]   0-None                     (    0)
[136] [     4242145]   0-None                     (    0)
[137] [     4252142]   0-None                     (    0)
[138] [     4262165]   0-None                     (    0)
[139] [     4272165]   0-None                     (    0)
[140] [     4282184]   0-None                     (    0)
[141] [     4292184]   0-None                     (    0)
[142] [     4302183]   0-None                     (    0)
[143] [     4312203]   0-None                     (    0)
[144] [     4322206]   0-None                     (    0)
[145] [     4332221]   0-None                     (    0)
[146] [     4342222]   0-None                     (    0)
[147] [     4352241]   0-None                     (    0)
[148] [     4362246]   0-None                     (    0)
[149] [     4372244]   0-None                     (    0)
[150] [     4382262]   0-None                     (    0)
[151] [     4392265]   0-None                     (    0)
[152] [     4402281]   0-None                     (    0)
[153] [     4412292]   0-None                     (    0)
[154] [     4422289]   0-None                     (    0)
[155] [     4432308]   0-None                     (    0)
[156] [     4442307]   0-None                     (    0)
[157] [     4452306]   0-None                     (    0)
[158] [     4462326]   0-None                     (    0)
[159] [     4472328]   0-None                     (    0)
[160] [     4482324]   0-None                     (    0)
[161] [     4492348]   0-None                     (    0)
[162] [     4502349]   0-None                     (    0)
[163] [     4512350]   0-None                     (    0)
[164] [     4522364]   0-None                     (    0)
[165] [     4532384]   0-None                     (    0)
[166] [     4542386]   0-None                     (    0)
[167] [     4552408]   0-None                     (    0)
[168] [     4562411]   0-None                     (    0)
[169] [     4572410]   0-None                     (    0)
[170] [     4582432]   0-None                     (    0)
[171] [     4592430]   0-None                     (    0)
[172] [     4602449]   0-None                     (    0)
[173] [     4612453]   0-None                     (    0)
[174] [     4622468]   0-None                     (    0)
[175] [     4632491]   0-None                     (    0)
[176] [     4642488]   0-None                     (    0)
[177] [     4652514]   0-None                     (    0)
[178] [     4662512]   0-None                     (    0)
[179] [     4672533]   0-None                     (    0)
[180] [     4682537]   0-None                     (    0)
[181] [     4692534]   0-None                     (    0)
[182] [     4702532]   0-None                     (    0)
[183] [     4712535]   0-None                     (    0)
[184] [     4722552]   0-None                     (    0)
[185] [     4732552]   0-None                     (    0)
[186] [     4742552]   0-None                     (    0)
[187] [     4752552]   0-None                     (    0)
[188] [     4762551]   0-None                     (    0)
[189] [     4772571]   0-None                     (    0)
