[ 82] [    14505400] 1 | True  True 00 ( 1222,  144)   4   748  1660
[ 83] [    14515420] 1 | True  True 00 ( 1224,  145)   5   775  1696
[ 84] [    14525422] 1 | True  True 00 ( 1232,  148)   5   774  1420
[ 85] [    14535438] 1 | True  True 00 ( 1245,  153)   4   753  1240
[ 86] [    14545441] 1 | True  True 00 ( 1259,  160)   5   806  1224
[ 87] [    14555462] 1 | True  True 00 ( 1273,  169)   4   778  1368
[ 88] [    14565479] 1 | True  True 00 ( 1287,  178)   4   783  1368
[ 89] [    14575502] 1 | True  True 00 ( 1301,  188)   4   787  1316
[ 90] [    14585524] 1 | True  True 00 ( 1313,  199)   5   808  1272
[ 91] [    14595536] 1 | True  True 00 ( 1325,  211)   4   743  1380
[ 92] [    14605556] 1 | True  True 00 ( 1339,  224)   4   718  1324
[ 93] [    14615560] 1 | True  True 00 ( 1354,  237)   4   731  1252
[ 94] [    14625596] 1 | True  True 00 ( 1367,  252)   4   726  1164
[ 95] [    14635596] 1 | True  True 00 ( 1379,  266)   4   767  1224
[ 96] [    14645617] 1 | True  True 00 ( 1389,  280)   4   792  1116
[ 97] [    14655641] 1 | True  True 00 ( 1398,  296)   4   761   940
[ 98] [    14665654] 1 | True  True 00 ( 1405,  311)   4   771  1232
[ 99] [    14675661] 1 | True  True 00 ( 1412,  328)   5   807  1520
[100] [    14685680] 1 | True  True 00 ( 1416,  345)   4   720  1612
[101] [    14695703] 1 | True  True 00 ( 1421,  362)   3   718  1740
[102] [    14705722] 1 | True  True 00 ( 1425,  381)   4   864  1540
[103] [    14715741] 1 | True  True 00 ( 1427,  399)   4   799  1248
[104] [    14725745] 1 | True  True 00 ( 1427,  417)   4   832  1296
[105] [    14735761] 1 | True  True 00 ( 1428,  435)   4   763  1564
[106] [    14745782] 1 | True  True 00 ( 1429,  452)   4   756  1740
[107] [    14755800] 1 | True  True 00 ( 1433,  470)   4   725  1688
[108] [    14765801] 1 | True  True 00 ( 1433,  488)   4   844  1600
[109] [    14775823] 1 | True  True 00 ( 1432,  504)   4   801  1244
[110] [    14785826] 1 | True  True 00 ( 1431,  523)   4   702  1144
[111] [    14795845] 1 | True  True 00 ( 1427,  539)   4   758  1328
[112] [    14805865] 1 | True  True 00 ( 1424,  555)   4   735  1384
[113] [    14815889] 1 | True  True 00 ( 1419,  573)   4   704  1272
[114] [    14825903] 1 | True  True 00 ( 1413,  590)   6   858  1072
[115] [    14835902] 1 | True  True 00 ( 1405,  607)   4   725  1052
[116] [    14845931] 1 | True  True 00 ( 1396,  622)   4   747  1052
[117] [    14855928] 1 | True  True 00 ( 1385,  638)   4   702  1224
[118] [    14865950] 1 | True  True 00 ( 1372,  652)   5   806  1568
[119] [    14875967] 1 | True  True 00 ( 1359,  665)   5   815  1656
[120] [    14885973] 1 | True  True 00 ( 1347,  679)   7   891  1640
[121] [    14895992] 1 | True  True 00 ( 1334,  693)   4   717  1424
[122] [    14906009] 1 | True  True 00 ( 1322,  707)   4   763  1172
[123] [    14916010] 1 | True  True 00 ( 1308,  718)   4   763  1244
[124] [    14926030] 1 | True  True 00 ( 1292,  728)   5   791  1336
[125] [    14936048] 1 | True  True 00 ( 1273,  737)   4   739  1336
[126] [    14946052] 1 | True  True 00 ( 1256,  745)   4   789  1352
[127] [    14956048] 1 | True  True 00 ( 1241,  752)   4   782  1100
[128] [    14966071] 1 | True  True 00 ( 1225,  758)   4   790   836
[129] [    14976074] 1 | True  True 00 ( 1209,  763)   4   787   932
[130] [    14986074] 1 | True  True 00 ( 1192,  768)   4   751  1188
[131] [    14996093] 1 | True  True 00 ( 1172,  771)   5   805  1264
[132] [    15006093] 1 | True  True 00 ( 1154,  774)   4   790  1316
[133] [    15016112] 1 | True  True 00 ( 1136,  777)   4   821  1172
[134] [    15026116] 1 | True  True 00 ( 1119,  778)   4   801   916
[135] [    15036132] 1 | True  True 00 ( 1102,  778)   4   798   968
[136] [    15046133] 1 | True  True 00 ( 1085,  777)   5   789  1052
[137] [    15056155] 1 | True  True 00 ( 1065,  775)   4   753  1252
[138] [    15066174] 1 | True  True 00 ( 1046,  773)   4   788  1252
[139] [    15076177] 1 | True  True 00 ( 1028,  769)   4   799  1252
[140] [    15086194] 1 | True  True 00 ( 1012,  765)   4   760  1052
[141] [    15096217] 1 | True  True 00 (  998,  760)   4   746  1024
[142] [    15106216] 1 | True  True 00 (  981,  754)   3   693  1420
[143] [    15116235] 1 | True  True 00 (  962,  748)   4   671  1508
[144] [    15126260] 1 | True  True 00 (  944,  740)   5   743  1716
[145] [    15136274] 1 | True  True 00 (  929,  731)   4   716  1700
[146] [    15146273] 1 | True  True 00 (  916,  721)   4   694  1404
[147] [    15156279] 1 | True  True 00 (  903,  711)   4   735  1128
[148] [    15166297] 1 | True  True 00 (  891,  699)   4   726   816
[149] [    15176314] 1 | True  True 00 (  879,  684)   4   762   984
[150] [    15186324] 1 | True  True 00 (  867,  670)   4   720  1196
[151] [    15196342] 1 | True  True 00 (  856,  655)   4   709  1440
[152] [    15206340] 1 | True  True 00 (  845,  643)   4   701  1528
[153] [    15216361] 1 | True  True 00 (  832,  629)   4   697  1616
[154] [    15226377] 1 | True  True 00 (  821,  612)   4   756  1492
[155] [    15236398] 1 | True  True 00 (  813,  594)   5   831  1256
[156] [    15246418] 1 | True  True 00 (  803,  576)   5   840  1312
[157] [    15256419] 1 | True  True 00 (  798,  558)   4   713  1580
[158] [    15266441] 1 | True  True 00 (  794,  541)   6   921  1888
[159] [    15276444] 1 | True  True 00 (  792,  524)   4   696  1672
[160] [    15286463] 1 | True  True 00 (  789,  508)   5   914  1636
[161] [    15296482] 1 | True  True 00 (  788,  489)   4   767  1184
[162] [    15306505] 1 | True  True 00 (  785,  470)   4   766  1320
[163] [    15316524] 1 | True  True 00 (  784,  450)   4   754  1632
[164] [    15326543] 1 | True  True 00 (  785,  434)   3   712  1816
[165] [    15336565] 1 | True  True 00 (  786,  416)   4   739  1796
[166] [    15346568] 1 | True  True 00 (  788,  399)   4   790  1688
[167] [    15356568] 1 | True  True 00 (  789,  381)   4   785  1392
[168] [    15366586] 1 | True  True 00 (  793,  363)   5   800  1312
[169] [    15376606] 1 | True  True 00 (  797,  347)   4   763  1460
[170] [    15386608] 1 | True  True 00 (  805,  331)   4   726  1420
[171] [    15396624] 1 | True  True 00 (  814,  315)   5   806  1384
[172] [    15406624] 1 | True  True 00 (  825,  299)   4   742  1276
[173] [    15416646] 1 | True  True 00 (  837,  284)   4   743  1112
[174] [    15426665] 1 | True  True 00 (  848,  270)   4   753  1028
[175] [    15436666] 1 | True  True 00 (  859,  255)   4   765   992
[176] [    15446689] 1 | True  True 00 (  870,  241)   4   758  1312
[177] [    15456692] 1 | True  True 00 (  881,  227)   3   669  1524
[178] [    15466715] 1 | True  True 00 (  894,  215)   4   736  1508
[179] [    15476732] 1 | True  True 00 (  909,  204)   3   648  1292
[180] [    15486749] 1 | True  True 00 (  927,  193)   4   713  1216
[181] [    15496767] 1 | True  True 00 (  944,  183)   5   737  1356
[182] [    15506770] 1 | True  True 00 (  960,  173)   4   698  1500
[183] [    15516795] 1 | True  True 00 (  975,  165)   3   669  1620
[184] [    15526811] 1 | True  True 00 (  989,  157)   4   742  1532
[185] [    15536814] 1 | True  True 00 ( 1004,  151)   5   754  1320
[186] [    15546836] 1 | True  True 00 ( 1023,  146)   4   776  1128
[187] [    15556834] 1 | True  True 00 ( 1041,  141)   4   787  1080
[188] [    15566854] 1 | True  True 00 ( 1059,  137)   4   788  1348
[189] [    15576856] 1 | True  True 00 ( 1076,  136)   4   777  1584
[190] [    15586871] 1 | True  True 00 ( 1092,  134)   5   811  1512
[191] [    15596873] 1 | True  True 00 ( 1111,  134)   4   764  1348
[192] [    15606894] 1 | True  True 00 ( 1131,  134)   4   793  1152
[193] [    15616891] 1 | True  True 00 ( 1150,  135)   4   770  1220
[194] [    15626898] 1 | True  True 00 ( 1168,  136)   4   776  1512
[195] [    15636916] 1 | True  True 00 ( 1185,  139)   4   789  1732
[196] [    15646939] 1 | True  True 00 ( 1199,  142)   5   770  1640
[197] [    15656958] 1 | True  True 00 ( 1216,  147)   5   789  1476
[198] [    15666978] 1 | True  True 00 ( 1235,  153)   4   799  1404
[199] [    15676980] 1 | True  True 00 ( 1254,  162)   4   760  1224
[200] [    15686995] 1 | True  True 00 ( 1270,  170)   4   779  1352
[201] [    15697017] 1 | True  True 00 ( 1285,  179)   4   782  1368
[202] [    15707036] 1 | True  True 00 ( 1298,  189)   4   814  1368
[203] [    15717036] 1 | True  True 00 ( 1311,  200)   4   732  1236
[204] [    15727059] 1 | True  True 00 ( 1322,  211)   5   774  1324
[205] [    15737061] 1 | True  True 00 ( 1336,  224)   4   742  1416
[206] [    15747084] 1 | True  True 00 ( 1351,  237)   5   783  1236
[207] [    15757103] 1 | True  True 00 ( 1366,  251)   3   659  1172
[208] [    15767105] 1 | True  True 00 ( 1378,  266)   4   782  1224
[209] [    15777100] 1 | True  True 00 ( 1388,  280)   4   778  1064
[210] [    15787120] 1 | True  True 00 ( 1397,  295)   4   793   976
[211] [    15797120] 1 | True  True 00 ( 1404,  311)   4   780  1248
[212] [    15807139] 1 | True  True 00 ( 1411,  329)   6   883  1556
[213] [    15817165] 1 | True  True 00 ( 1416,  348)   5   829  1648
[214] [    15827162] 1 | True  True 00 ( 1421,  367)   4   826  1704
[215] [    15837184] 1 | True  True 00 ( 1424,  385)   4   837  1504
[216] [    15847186] 1 | True  True 00 ( 1427,  403)   4   883  1268
[217] [    15857205] 1 | True  True 00 ( 1429,  419)   4   797  1352
[218] [    15867205] 1 | True  True 00 ( 1430,  436)   4   768  1600
[219] [    15877224] 1 | True  True 00 ( 1432,  453)   4   720  1672
[220] [    15887229] 1 | True  True 00 ( 1434,  471)   4   665  1528
[221] [    15897244] 1 | True  True 00 ( 1436,  487)   4   737  1564
[222] [    15907245] 1 | True  True 00 ( 1435,  506)   4   733  1048
[223] [    15917266] 1 | True  True 00 ( 1433,  524)   4   748  1236
[224] [    15927285] 1 | True  True 00 ( 1429,  543)   4   707  1328
[225] [    15937288] 1 | True  True 00 ( 1423,  559)   5   788  1364
[226] [    15947310] 1 | True  True 00 ( 1418,  574)   6   839  1328
[227] [    15957310] 1 | True  True 00 ( 1412,  591)   4   735  1052
[228] [    15967329] 1 | True  True 00 ( 1405,  607)   5   800  1052
[229] [    15977328] 1 | True  True 00 ( 1397,  624)   4   743  1000
[230] [    15987348] 1 | True  True 00 ( 1385,  640)   4   702  1296
[231] [    15997353] 1 | True  True 00 ( 1372,  655)   5   769  1584
[232] [    16007368] 1 | True  True 00 ( 1359,  669)   4   731  1692
[233] [    16017389] 1 | True  True 00 ( 1347,  682)   3   642  1604
[234] [    16027385] 1 | True  True 00 ( 1335,  695)   4   704  1404
[235] [    16037413] 1 | True  True 00 ( 1322,  708)   4   767  1224
[236] [    16047410] 1 | True  True 00 ( 1309,  719)   4   740  1188
[237] [    16057427] 1 | True  True 00 ( 1293,  729)   5   782  1372
[238] [    16067450] 1 | True  True 00 ( 1274,  738)   4   766  1460
[239] [    16077458] 1 | True  True 00 ( 1257,  746)   4   781  1300
[240] [    16087478] 1 | True  True 00 ( 1241,  753)   4   785  1008
[241] [    16097496] 1 | True  True 00 ( 1225,  760)   4   773   856
[242] [    16107497] 1 | True  True 00 ( 1209,  765)   4   793   952
[243] [    16117512] 1 | True  True 00 ( 1192,  770)   4   752  1172
[244] [    16127532] 1 | True  True 00 ( 1172,  774)   5   808  1372
[245] [    16137554] 1 | True  True 00 ( 1154,  776)   4   809  1336
[246] [    16147557] 1 | True  True 00 ( 1137,  778)   4   758  1080
[247] [    16157576] 1 | True  True 00 ( 1120,  778)   4   755   840
[248] [    16167596] 1 | True  True 00 ( 1103,  778)   4   784  1004
[249] [    16177600] 1 | True  True 00 ( 1085,  777)   5   786  1040
[250] [    16187615] 1 | True  True 00 ( 1066,  775)   5   816  1284
[251] [    16197636] 1 | True  True 00 ( 1047,  772)   4   761  1252
[252] [    16207634] 1 | True  True 00 ( 1030,  769)   4   745  1124
[253] [    16217654] 1 | True  True 00 ( 1013,  765)   4   774  1124
[254] [    16227676] 1 | True  True 00 (  998,  760)   4   767  1056
[255] [    16237681] 1 | True  True 00 (  981,  754)   5   776  1316
[  0] [    16247700] 1 | True  True 00 (  963,  748)   4   724  1576
[  1] [    16257720] 1 | True  True 00 (  943,  740)   5   778  1716
[  2] [    16267743] 1 | True  True 00 (  927,  730)   4   719  1576
[  3] [    16277758] 1 | True  True 00 (  914,  721)   4   711  1404
[  4] [    16287778] 1 | True  True 00 (  901,  709)   4   729  1056
[  5] [    16297779] 1 | True  True 00 (  890,  697)   4   739   816
[  6] [    16307801] 1 | True  True 00 (  878,  684)   4   718   912
[  7] [    16317825] 1 | True  True 00 (  866,  670)   5   770  1196
[  8] [    16327843] 1 | True  True 00 (  855,  657)   4   718  1404
[  9] [    16337847] 1 | True  True 00 (  844,  644)   4   671  1492
[ 10] [    16347863] 1 | True  True 00 (  831,  624)   6   877  1548
[ 11] [    16357886] 1 | True  True 00 (  819,  609)   5   773  1492
[ 12] [    16367902] 1 | True  True 00 (  810,  594)   4   736  1228
[ 13] [    16377927] 1 | True  True 00 (  804,  577)   4   756  1384
[ 14] [    16387931] 1 | True  True 00 (  799,  560)   5   806  1652
[ 15] [    16397949] 1 | True  True 00 (  795,  544)   4   687  1580
[ 16] [    16407972] 1 | True  True 00 (  791,  526)   4   678  1472
[ 17] [    16417967] 1 | True  True 00 (  788,  508)   4   760  1436
[ 18] [    16427989] 1 | True  True 00 (  786,  492)   4   874  1400
[ 19] [    16438009] 1 | True  True 00 (  784,  473)   4   789  1376
[ 20] [    16448027] 1 | True  True 00 (  784,  451)   3   679  1632
[ 21] [    16458028] 1 | True  True 00 (  784,  431)   4   716  1780
[ 22] [    16468049] 1 | True  True 00 (  785,  413)   3   677  1724
[ 23] [    16478072] 1 | True  True 00 (  786,  396)   4   799  1652
[ 24] [    16488071] 1 | True  True 00 (  788,  379)   4   781  1356
[ 25] [    16498091] 1 | True  True 00 (  792,  363)   6   853  1296
[ 26] [    16508113] 1 | True  True 00 (  798,  346)   4   747  1440
[ 27] [    16518133] 1 | True  True 00 (  806,  331)   3   677  1476
[ 28] [    16528151] 1 | True  True 00 (  816,  315)   5   797  1404
[ 29] [    16538151] 1 | True  True 00 (  827,  299)   4   732  1220
[ 30] [    16548173] 1 | True  True 00 (  838,  284)   4   749  1132
[ 31] [    16558176] 1 | True  True 00 (  849,  270)   4   756  1060
[ 32] [    16568194] 1 | True  True 00 (  860,  255)   4   743   976
[ 33] [    16578214] 1 | True  True 00 (  871,  240)   4   767  1364
[ 34] [    16588236] 1 | True  True 00 (  883,  227)   4   714  1508
[ 35] [    16598236] 1 | True  True 00 (  896,  215)   4   718  1472
[ 36] [    16608256] 1 | True  True 00 (  911,  204)   4   726  1348
[ 37] [    16618273] 1 | True  True 00 (  927,  194)   4   712  1144
[ 38] [    16628276] 1 | True  True 00 (  943,  182)   5   758  1320
[ 39] [    16638294] 1 | True  True 00 (  958,  173)   4   712  1500
[ 40] [    16648296] 1 | True  True 00 (  973,  165)   4   725  1656
[ 41] [    16658320] 1 | True  True 00 (  987,  157)   4   711  1604
[ 42] [    16668337] 1 | True  True 00 ( 1004,  151)   5   799  1392
[ 43] [    16678340] 1 | True  True 00 ( 1022,  146)   4   780  1180
[ 44] [    16688343] 1 | True  True 00 ( 1041,  141)   4   733  1096
[ 45] [    16698358] 1 | True  True 00 ( 1060,  139)   4   730  1332
[ 46] [    16708379] 1 | True  True 00 ( 1075,  137)   4   813  1528
[ 47] [    16718376] 1 | True  True 00 ( 1091,  135)   5   785  1440
[ 48] [    16728397] 1 | True  True 00 ( 1110,  134)   5   830  1348
[ 49] [    16738398] 1 | True  True 00 ( 1130,  134)   4   747  1060
[ 50] [    16748420] 1 | True  True 00 ( 1150,  135)   4   751  1220
[ 51] [    16758423] 1 | True  True 00 ( 1167,  137)   4   766  1460
[ 52] [    16768421] 1 | True  True 00 ( 1184,  140)   4   762  1752
[ 53] [    16778442] 1 | True  True 00 ( 1199,  143)   5   770  1696
[ 54] [    16788442] 1 | True  True 00 ( 1216,  148)   5   756  1496
[ 55] [    16798462] 1 | True  True 00 ( 1236,  155)   4   749  1240
[ 56] [    16808466] 1 | True  True 00 ( 1255,  162)   4   778  1276
[ 57] [    16818461] 1 | True  True 00 ( 1271,  170)   4   770  1296
[ 58] [    16828483] 1 | True  True 00 ( 1285,  178)   4   792  1404
[ 59] [    16838483] 1 | True  True 00 ( 1299,  188)   4   801  1332
[ 60] [    16848485] 1 | True  True 00 ( 1311,  198)   4   752  1236
[ 61] [    16858506] 1 | True  True 00 ( 1323,  210)   4   725  1324
[ 62] [    16868524] 1 | True  True 00 ( 1337,  223)   4   718  1324
[ 63] [    16878526] 1 | True  True 00 ( 1353,  236)   4   736  1272
[ 64] [    16888543] 1 | True  True 00 ( 1367,  251)   3   700  1260
[ 65] [    16898546] 1 | True  True 00 ( 1379,  265)   4   791  1208
[ 66] [    16908544] 1 | True  True 00 ( 1388,  280)   5   836  1048
[ 67] [    16918546] 1 | True  True 00 ( 1396,  296)   4   775   940
[ 68] [    16928570] 1 | True  True 00 ( 1404,  312)   4   767  1212
[ 69] [    16938588] 1 | True  True 00 ( 1411,  328)   4   782  1576
[ 70] [    16948584] 1 | True  True 00 ( 1417,  345)   5   798  1684
[ 71] [    16958606] 1 | True  True 00 ( 1422,  363)   4   762  1684
[ 72] [    16968604] 1 | True  True 00 ( 1425,  382)   4   855  1576
[ 73] [    16978624] 1 | True  True 00 ( 1429,  398)   4   740  1176
[ 74] [    16988621] 1 | True  True 00 ( 1432,  415)   4   733  1280
[ 75] [    16998643] 1 | True  True 00 ( 1432,  432)   4   785  1616
[ 76] [    17008645] 1 | True  True 00 ( 1434,  450)   4   640  1476
[ 77] [    17018647] 1 | True  True 00 ( 1433,  468)   4   791  1672
[ 78] [    17028669] 1 | True  True 00 ( 1433,  487)   4   710  1368
[ 79] [    17038668] 1 | True  True 00 ( 1431,  503)   5   932  1352
[ 80] [    17048672] 1 | True  True 00 ( 1429,  520)   4   779  1184
[ 81] [    17058670] 1 | True  True 00 ( 1427,  539)   4   731  1348
[ 82] [    17068690] 1 | True  True 00 ( 1425,  557)   3   622  1364
[ 83] [    17078692] 1 | True  True 00 ( 1420,  576)   4   740  1328
[ 84] [    17088685] 1 | True  True 00 ( 1413,  592)   4   753  1124
[ 85] [    17098686] 1 | True  True 00 ( 1405,  607)   4   765  1160
[ 86] [    17108687] 1 | True  True 00 ( 1396,  622)   5   809  1052
[ 87] [    17118687] 1 | True  True 00 ( 1385,  638)   5   791  1296
[ 88] [    17128687] 1 | True  True 00 ( 1372,  653)   4   706  1512
[ 89] [    17138707] 1 | True  True 00 ( 1359,  667)   6   844  1676
[ 90] [    17148691] 1 | True  True 00 ( 1348,  681)   4   720  1676
[ 91] [    17158705] 1 | True  True 00 ( 1336,  695)   4   727  1460
[ 92] [    17168708] 1 | True  True 00 ( 1324,  708)   4   745  1188
[ 93] [    17178704] 1 | True  True 00 ( 1311,  720)   4   759  1172
[ 94] [    17188708] 1 | True  True 00 ( 1294,  730)   5   823  1352
[ 95] [    17198704] 1 | True  True 00 ( 1274,  739)   4   767  1408
[ 96] [    17208709] 1 | True  True 00 ( 1257,  747)   4   817  1372
[ 97] [    17218706] 1 | True  True 00 ( 1240,  753)   4   768  1028
[ 98] [    17228710] 1 | True  True 00 ( 1224,  759)   4   773   820
[ 99] [    17238706] 1 | True  True 00 ( 1208,  764)   4   761   916
[100] [    17248724] 1 | True  True 00 ( 1192,  769)   4   780  1208
[101] [    17258724] 1 | True  True 00 ( 1173,  773)   5   795  1280
[102] [    17268724] 1 | True  True 00 ( 1154,  775)   4   786  1300
[103] [    17278726] 1 | True  True 00 ( 1137,  776)   4   794  1136
[104] [    17288729] 1 | True  True 00 ( 1120,  777)   4   760   896
[105] [    17298723] 1 | True  True 00 ( 1104,  778)   4   786   988
[106] [    17308725] 1 | True  True 00 ( 1086,  777)   5   791  1096
[107] [    17318726] 1 | True  True 00 ( 1066,  776)   5   786  1216
[108] [    17328727] 1 | True  True 00 ( 1047,  773)   4   769  1232
[109] [    17338722] 1 | True  True 00 ( 1029,  770)   4   790  1216
[110] [    17348723] 1 | True  True 00 ( 1013,  765)   4   751  1052
[111] [    17358724] 1 | True  True 00 (  997,  760)   4   759  1040
[112] [    17368725] 1 | True  True 00 (  982,  755)   4   756  1368
[113] [    17378746] 1 | True  True 00 (  964,  749)   4   703  1508
[114] [    17388743] 1 | True  True 00 (  945,  742)   4   685  1716
[115] [    17398762] 1 | True  True 00 (  929,  732)   4   698  1628
[116] [    17408764] 1 | True  True 00 (  915,  722)   4   737  1456
[117] [    17418786] 1 | True  True 00 (  904,  711)   4   734  1180
[118] [    17428789] 1 | True  True 00 (  892,  699)   4   740   884
[119] [    17438789] 1 | True  True 00 (  880,  686)   4   758   896
[120] [    17448788] 1 | True  True 00 (  868,  672)   4   746  1196
[121] [    17458807] 1 | True  True 00 (  857,  657)   4   722  1424
[122] [    17468807] 1 | True  True 00 (  845,  642)   5   732  1528
[123] [    17478807] 1 | True  True 00 (  832,  623)   5   791  1564
[124] [    17488827] 1 | True  True 00 (  821,  610)   4   671  1424
[125] [    17498831] 1 | True  True 00 (  811,  593)   4   812  1220
[126] [    17508826] 1 | True  True 00 (  804,  577)   4   734  1292
[127] [    17518849] 1 | True  True 00 (  799,  560)   4   681  1436
[128] [    17528849] 1 | True  True 00 (  793,  544)   5   743  1492
[129] [    17538872] 1 | True  True 00 (  791,  526)   5   682  1456
[130] [    17548867] 1 | True  True 00 (  789,  508)   4   779  1508
[131] [    17558884] 1 | True  True 00 (  787,  492)   4   826  1348
[132] [    17568887] 1 | True  True 00 (  787,  472)   4   758  1284
[133] [    17578909] 1 | True  True 00 (  786,  451)   4   736  1612
[134] [    17588911] 1 | True  True 00 (  786,  433)   3   707  1760
[135] [    17598909] 1 | True  True 00 (  786,  418)   5   814  1724
[136] [    17608911] 1 | True  True 00 (  787,  401)   4   767  1652
[137] [    17618929] 1 | True  True 00 (  789,  383)   4   785  1412
[138] [    17628929] 1 | True  True 00 (  791,  366)   5   823  1296
[139] [    17638948] 1 | True  True 00 (  795,  349)   5   775  1420
[140] [    17648951] 1 | True  True 00 (  802,  332)   4   737  1460
[141] [    17658947] 1 | True  True 00 (  814,  316)   4   739  1368
[142] [    17668951] 1 | True  True 00 (  825,  300)   3   663  1204
[143] [    17678967] 1 | True  True 00 (  837,  285)   4   758  1132
[144] [    17688948] 1 | True  True 00 (  848,  270)   4   753  1080
[145] [    17698970] 1 | True  True 00 (  859,  256)   4   764  1008
[146] [    17708971] 1 | True  True 00 (  870,  241)   4   731  1240
[147] [    17718973] 1 | True  True 00 (  881,  229)   4   736  1488
[148] [    17728986] 1 | True  True 00 (  893,  217)   4   731  1524
[149] [    17738993] 1 | True  True 00 (  907,  206)   4   717  1364
[150] [    17749011] 1 | True  True 00 (  924,  195)   4   716  1144
[151] [    17759014] 1 | True  True 00 (  941,  185)   4   673  1304
[152] [    17769011] 1 | True  True 00 (  956,  175)   4   728  1532
[153] [    17779014] 1 | True  True 00 (  971,  166)   4   743  1640
[154] [    17789030] 1 | True  True 00 (  985,  158)   4   765  1676
[155] [    17799053] 1 | True  True 00 ( 1002,  152)   4   704  1268
[156] [    17809052] 1 | True  True 00 ( 1021,  146)   4   771  1144
[157] [    17819050] 1 | True  True 00 ( 1040,  141)   4   764  1096
[158] [    17829050] 1 | True  True 00 ( 1058,  139)   4   771  1332
[159] [    17839056] 1 | True  True 00 ( 1075,  136)   4   763  1476
[160] [    17849057] 1 | True  True 00 ( 1091,  135)   4   760  1512
[161] [    17859070] 1 | True  True 00 ( 1110,  133)   5   791  1260
[162] [    17869073] 1 | True  True 00 ( 1130,  133)   4   797  1116
[163] [    17879089] 1 | True  True 00 ( 1150,  134)   4   760  1184
[164] [    17889076] 1 | True  True 00 ( 1168,  136)   4   789  1512
[165] [    17899091] 1 | True  True 00 ( 1184,  137)   4   740  1588
[166] [    17909092] 1 | True  True 00 ( 1197,  140)   4   720  1640
[167] [    17919092] 1 | True  True 00 ( 1214,  145)   5   803  1532
[168] [    17929092] 1 | True  True 00 ( 1234,  152)   4   757  1312
[169] [    17939092] 1 | True  True 00 ( 1252,  161)   4   807  1332
[170] [    17949092] 1 | True  True 00 ( 1269,  169)   4   793  1388
[171] [    17959095] 1 | True  True 00 ( 1284,  178)   4   778  1368
[172] [    17969108] 1 | True  True 00 ( 1297,  188)   4   802  1316
[173] [    17979114] 1 | True  True 00 ( 1309,  198)   4   778  1288
[174] [    17989110] 1 | True  True 00 ( 1321,  209)   5   825  1364
[175] [    17999128] 1 | True  True 00 ( 1336,  222)   4   737  1364
[176] [    18009130] 1 | True  True 00 ( 1352,  235)   4   740  1252
[177] [    18019130] 1 | True  True 00 ( 1366,  249)   6   806  1124
[178] [    18029132] 1 | True  True 00 ( 1378,  264)   4   768  1208
[179] [    18039135] 1 | True  True 00 ( 1388,  279)   4   788  1084
[180] [    18049152] 1 | True  True 00 ( 1397,  295)   4   753   924
[181] [    18059134] 1 | True  True 00 ( 1404,  310)   4   786  1268
[182] [    18069151] 1 | True  True 00 ( 1411,  327)   5   825  1468
[183] [    18079155] 1 | True  True 00 ( 1417,  345)   5   812  1704
[184] [    18089138] 1 | True  True 00 ( 1423,  363)   3   708  1684
[185] [    18099154] 1 | True  True 00 ( 1428,  380)   4   810  1520
[186] [    18109152] 1 | True  True 00 ( 1431,  397)   4   782  1268
[187] [    18119155] 1 | True  True 00 ( 1433,  413)   4   761  1384
[188] [    18129150] 1 | True  True 00 ( 1434,  431)   4   780  1652
[189] [    18139155] 1 | True  True 00 ( 1431,  449)   5   852  1708
[190] [    18149153] 1 | True  True 00 ( 1430,  468)   4   800  1812
[191] [    18159152] 1 | True  True 00 ( 1429,  485)   4   836  1544
[192] [    18169155] 1 | True  True 00 ( 1428,  502)   4   829  1192
[193] [    18179154] 1 | True  True 00 ( 1428,  521)   5   780  1200
[194] [    18189174] 1 | True  True 00 ( 1428,  541)   4   695  1348
[195] [    18199174] 1 | True  True 00 ( 1426,  561)   4   663  1436
[196] [    18209172] 1 | True  True 00 ( 1422,  578)   4   708  1308
[197] [    18219192] 1 | True  True 00 ( 1415,  593)   4   735  1092
[198] [    18229195] 1 | True  True 00 ( 1407,  608)   5   815  1020
[199] [    18239190] 1 | True  True 00 ( 1399,  622)   4   752  1036
[200] [    18249193] 1 | True  True 00 ( 1387,  638)   5   757  1188
[201] [    18259209] 1 | True  True 00 ( 1373,  652)   5   765  1424
[202] [    18269210] 1 | True  True 00 ( 1360,  666)   3   699  1712
[203] [    18279211] 1 | True  True 00 ( 1348,  681)   4   719  1676
[204] [    18289232] 1 | True  True 00 ( 1335,  694)   5   766  1404
[205] [    18299230] 1 | True  True 00 ( 1323,  707)   4   759  1244
[206] [    18309228] 1 | True  True 00 ( 1311,  718)   4   754  1172
[207] [    18319249] 1 | True  True 00 ( 1295,  728)   5   796  1336
[208] [    18329251] 1 | True  True 00 ( 1276,  737)   5   821  1480
[209] [    18339253] 1 | True  True 00 ( 1259,  744)   4   789  1352
[210] [    18349256] 1 | True  True 00 ( 1243,  752)   4   798  1116
[211] [    18359254] 1 | True  True 00 ( 1227,  758)   4   819   912
[212] [    18369270] 1 | True  True 00 ( 1210,  764)   4   788   968
[213] [    18379254] 1 | True  True 00 ( 1194,  768)   4   783  1152
[214] [    18389272] 1 | True  True 00 ( 1173,  771)   5   827  1280
[215] [    18399259] 1 | True  True 00 ( 1154,  774)   4   809  1336
[216] [    18409268] 1 | True  True 00 ( 1137,  776)   4   789  1136
[217] [    18419274] 1 | True  True 00 ( 1120,  778)   4   792  1008
[218] [    18429260] 1 | True  True 00 ( 1105,  778)   4   817   968
[219] [    18439270] 1 | True  True 00 ( 1088,  777)   4   769  1096
[220] [    18449257] 1 | True  True 00 ( 1068,  775)   5   813  1232
[221] [    18459274] 1 | True  True 00 ( 1049,  773)   4   797  1320
[222] [    18469273] 1 | True  True 00 ( 1032,  770)   4   772  1160
[223] [    18479257] 1 | True  True 00 ( 1015,  766)   4   782  1052
[224] [    18489274] 1 | True  True 00 (  999,  761)   4   758  1056
[225] [    18499273] 1 | True  True 00 (  984,  755)   5   772  1264
[226] [    18509272] 1 | True  True 00 (  967,  750)   4   720  1576
[227] [    18519276] 1 | True  True 00 (  949,  742)   5   748  1648
[228] [    18529275] 1 | True  True 00 (  932,  732)   4   686  1596
[229] [    18539274] 1 | True  True 00 (  918,  722)   4   702  1404
[230] [    18549273] 1 | True  True 00 (  904,  711)   4   747  1108
[231] [    18559292] 1 | True  True 00 (  892,  698)   4   743   848
[232] [    18569292] 1 | True  True 00 (  880,  686)   4   736   844
[233] [    18579291] 1 | True  True 00 (  869,  672)   5   782  1160
[234] [    18589292] 1 | True  True 00 (  858,  658)   3   681  1424
[235] [    18599291] 1 | True  True 00 (  847,  643)   5   773  1548
[236] [    18609291] 1 | True  True 00 (  834,  629)   4   661  1564
[237] [    18619291] 1 | True  True 00 (  823,  615)   4   659  1424
[238] [    18629290] 1 | True  True 00 (  815,  599)   3   693  1228
[239] [    18639310] 1 | True  True 00 (  808,  580)   5   850  1400
[240] [    18649294] 1 | True  True 00 (  800,  561)   5   833  1580
[241] [    18659309] 1 | True  True 00 (  794,  543)   4   800  1816
[242] [    18669312] 1 | True  True 00 (  789,  525)   3   629  1436
[243] [    18679314] 1 | True  True 00 (  786,  509)   4   842  1636
[244] [    18689309] 1 | True  True 00 (  784,  491)   4   782  1240
[245] [    18699312] 1 | True  True 00 (  783,  475)   4   858  1300
[246] [    18709328] 1 | True  True 00 (  784,  456)   4   750  1576
[247] [    18719328] 1 | True  True 00 (  784,  435)   3   662  1780
[248] [    18729327] 1 | True  True 00 (  785,  417)   3   672  1780
[249] [    18739348] 1 | True  True 00 (  787,  400)   4   772  1652
[250] [    18749353] 1 | True  True 00 (  789,  383)   4   766  1376
[251] [    18759350] 1 | True  True 00 (  792,  366)   4   752  1276
[252] [    18769368] 1 | True  True 00 (  796,  350)   4   721  1384
[253] [    18779369] 1 | True  True 00 (  803,  334)   4   754  1476
[254] [    18789369] 1 | True  True 00 (  814,  318)   5   779  1332
[255] [    18799371] 1 | True  True 00 (  825,  303)   4   709  1240
[  0] [    18809373] 1 | True  True 00 (  836,  288)   4   727  1096
[  1] [    18819391] 1 | True  True 00 (  846,  274)   4   742  1112
[  2] [    18829394] 1 | True  True 00 (  857,  260)   4   733   956
[  3] [    18839397] 1 | True  True 00 (  868,  245)   4   736  1204
[  4] [    18849394] 1 | True  True 00 (  878,  231)   4   750  1508
[  5] [    18859413] 1 | True  True 00 (  891,  218)   4   718  1524
[  6] [    18869412] 1 | True  True 00 (  906,  207)   6   810  1348
[  7] [    18879411] 1 | True  True 00 (  924,  195)   4   721  1168
[  8] [    18889431] 1 | True  True 00 (  939,  185)   5   739  1216
[  9] [    18899433] 1 | True  True 00 (  954,  176)   4   685  1392
[ 10] [    18909437] 1 | True  True 00 (  970,  167)   4   735  1676
[ 11] [    18919432] 1 | True  True 00 (  984,  159)   3   661  1620
[ 12] [    18929457] 1 | True  True 00 ( 1000,  152)   5   787  1392
[ 13] [    18939457] 1 | True  True 00 ( 1018,  146)   4   744  1164
[ 14] [    18949457] 1 | True  True 00 ( 1036,  141)   4   778  1096
[ 15] [    18959469] 1 | True  True 00 ( 1055,  139)   4   748  1276
[ 16] [    18969477] 1 | True  True 00 ( 1073,  137)   4   767  1528
[ 17] [    18979477] 1 | True  True 00 ( 1089,  135)   4   732  1440
[ 18] [    18989475] 1 | True  True 00 ( 1107,  133)   5   799  1348
[ 19] [    18999494] 1 | True  True 00 ( 1127,  134)   4   765  1152
[ 20] [    19009497] 1 | True  True 00 ( 1146,  135)   4   774  1184
[ 21] [    19019492] 1 | True  True 00 ( 1165,  136)   4   743  1384
[ 22] [    19029516] 1 | True  True 00 ( 1182,  138)   4   766  1676
[ 23] [    19039515] 1 | True  True 00 ( 1199,  140)   5   767  1640
[ 24] [    19049516] 1 | True  True 00 ( 1216,  144)   5   775  1476
[ 25] [    19059516] 1 | True  True 00 ( 1235,  151)   4   735  1276
[ 26] [    19069535] 1 | True  True 00 ( 1252,  159)   5   816  1188
[ 27] [    19079534] 1 | True  True 00 ( 1268,  167)   4   779  1332
[ 28] [    19089534] 1 | True  True 00 ( 1282,  176)   4   811  1388
[ 29] [    19099534] 1 | True  True 00 ( 1296,  185)   4   802  1352
[ 30] [    19109553] 1 | True  True 00 ( 1309,  196)   4   756  1236
[ 31] [    19119556] 1 | True  True 00 ( 1321,  208)   5   759  1272
[ 32] [    19129571] 1 | True  True 00 ( 1335,  221)   3   678  1416
[ 33] [    19139578] 1 | True  True 00 ( 1350,  233)   4   719  1252
[ 34] [    19149571] 1 | True  True 00 ( 1364,  248)   3   663  1200
[ 35] [    19159592] 1 | True  True 00 ( 1376,  262)   5   812  1188
[ 36] [    19169590] 1 | True  True 00 ( 1386,  277)   4   765  1084
[ 37] [    19179597] 1 | True  True 00 ( 1394,  292)   4   771   960
[ 38] [    19189616] 1 | True  True 00 ( 1403,  308)   4   762  1212
[ 39] [    19199618] 1 | True  True 00 ( 1411,  325)   4   763  1540
[ 40] [    19209615] 1 | True  True 00 ( 1417,  341)   3   655  1592
[ 41] [    19219618] 1 | True  True 00 ( 1420,  360)   4   799  1684
[ 42] [    19229635] 1 | True  True 00 ( 1423,  379)   4   833  1540
[ 43] [    19239638] 1 | True  True 00 ( 1427,  395)   4   800  1320
[ 44] [    19249657] 1 | True  True 00 ( 1429,  413)   4   841  1420
[ 45] [    19259657] 1 | True  True 00 ( 1431,  430)   4   758  1616
[ 46] [    19269656] 1 | True  True 00 ( 1431,  448)   5   800  1636
[ 47] [    19279674] 1 | True  True 00 ( 1432,  466)   3   629  1580
[ 48] [    19289679] 1 | True  True 00 ( 1433,  484)   4   746  1512
[ 49] [    19299677] 1 | True  True 00 ( 1433,  502)   4   729  1172
[ 50] [    19309700] 1 | True  True 00 ( 1432,  520)   4   762  1200
[ 51] [    19319693] 1 | True  True 00 ( 1429,  536)   4   770  1292
[ 52] [    19329694] 1 | True  True 00 ( 1425,  553)   4   713  1400
[ 53] [    19339695] 1 | True  True 00 ( 1420,  572)   4   691  1272
[ 54] [    19349716] 1 | True  True 00 ( 1414,  588)   5   829  1144
[ 55] [    19359713] 1 | True  True 00 ( 1406,  603)   5   806  1072
[ 56] [    19369719] 1 | True  True 00 ( 1397,  620)   4   716  1020
[ 57] [    19379738] 1 | True  True 00 ( 1386,  636)   5   743  1152
[ 58] [    19389761] 1 | True  True 00 ( 1373,  651)   4   738  1460
[ 59] [    19399761] 1 | True  True 00 ( 1360,  666)   3   677  1640
[ 60] [    19409780] 1 | True  True 00 ( 1349,  680)   4   695  1620
[ 61] [    19419779] 1 | True  True 00 ( 1337,  693)   6   819  1476
[ 62] [    19429779] 1 | True  True 00 ( 1326,  705)   4   749  1296
[ 63] [    19439779] 1 | True  True 00 ( 1313,  717)   4   777  1208
[ 64] [    19449779] 1 | True  True 00 ( 1298,  727)   4   737  1352
[ 65] [    19459798] 1 | True  True 00 ( 1280,  736)   6   881  1460
[ 66] [    19469803] 1 | True  True 00 ( 1262,  743)   4   789  1352
[ 67] [    19479818] 1 | True  True 00 ( 1245,  751)   4   781  1080
[ 68] [    19489819] 1 | True  True 00 ( 1229,  758)   4   759   864
[ 69] [    19499840] 1 | True  True 00 ( 1213,  764)   4   796   932
[ 70] [    19509861] 1 | True  True 00 ( 1197,  768)   4   774  1096
[ 71] [    19519864] 1 | True  True 00 ( 1178,  772)   5   841  1280
[ 72] [    19529862] 1 | True  True 00 ( 1158,  775)   4   800  1336
[ 73] [    19539880] 1 | True  True 00 ( 1141,  777)   4   803  1208
[ 74] [    19549883] 1 | True  True 00 ( 1124,  778)   4   792  1024
[ 75] [    19559881] 1 | True  True 00 ( 1107,  778)   4   764   916
[ 76] [    19569906] 1 | True  True 00 ( 1090,  777)   4   747  1076
[ 77] [    19579905] 1 | True  True 00 ( 1070,  775)   6   854  1252
[ 78] [    19589925] 1 | True  True 00 ( 1050,  773)   4   775  1252
[ 79] [    19599920] 1 | True  True 00 ( 1033,  769)   4   785  1232
[ 80] [    19609943] 1 | True  True 00 ( 1016,  766)   4   757  1072
[ 81] [    19619944] 1 | True  True 00 ( 1001,  762)   4   781  1004
[ 82] [    19629938] 1 | True  True 00 (  985,  755)   3   681  1284
[ 83] [    19639966] 1 | True  True 00 (  968,  749)   4   733  1544
[ 84] [    19649984] 1 | True  True 00 (  949,  742)   4   682  1664
[ 85] [    19659987] 1 | True  True 00 (  932,  733)   4   712  1664
[ 86] [    19670007] 1 | True  True 00 (  918,  724)   4   724  1492
[ 87] [    19680007] 1 | True  True 00 (  905,  713)   4   752  1248
[ 88] [    19690026] 1 | True  True 00 (  893,  701)   4   743   868
[ 89] [    19700025] 1 | True  True 00 (  882,  688)   4   739   824
[ 90] [    19710045] 1 | True  True 00 (  870,  674)   4   741  1176
[ 91] [    19720049] 1 | True  True 00 (  857,  660)   4   757  1440
[ 92] [    19730065] 1 | True  True 00 (  844,  647)   4   724  1600
[ 93] [    19740086] 1 | True  True 00 (  832,  632)   6   774  1600
[ 94] [    19750084] 1 | True  True 00 (  822,  615)   4   707  1492
[ 95] [    19760104] 1 | True  True 00 (  813,  596)   5   880  1284
[ 96] [    19770105] 1 | True  True 00 (  804,  578)   5   871  1420
[ 97] [    19780127] 1 | True  True 00 (  799,  562)   4   681  1384
[ 98] [    19790130] 1 | True  True 00 (  798,  546)   4   666  1672
[ 99] [    19800149] 1 | True  True 00 (  793,  529)   7   939  1816
[100] [    19810149] 1 | True  True 00 (  790,  512)   4   775  1600
[101] [    19820168] 1 | True  True 00 (  787,  495)   5   942  1436
[102] [    19830170] 1 | True  True 00 (  785,  476)   5   814  1284
[103] [    19840186] 1 | True  True 00 (  786,  454)   3   657  1560
[104] [    19850186] 1 | True  True 00 (  786,  438)   4   818  1760
[105] [    19860208] 1 | True  True 00 (  786,  421)   3   681  1780
[106] [    19870213] 1 | True  True 00 (  787,  404)   4   767  1668
[107] [    19880230] 1 | True  True 00 (  788,  386)   4   800  1432
[108] [    19890226] 1 | True  True 00 (  791,  368)   4   752  1256
[109] [    19900250] 1 | True  True 00 (  795,  352)   5   763  1368
[110] [    19910257] 1 | True  True 00 (  802,  336)   4   732  1460
[111] [    19920275] 1 | True  True 00 (  813,  320)   4   726  1420
[112] [    19930276] 1 | True  True 00 (  824,  304)   4   723  1240
[113] [    19940290] 1 | True  True 00 (  835,  288)   4   755  1080
[114] [    19950313] 1 | True  True 00 (  845,  274)   4   748  1060
[115] [    19960313] 1 | True  True 00 (  856,  259)   4   720   956
[116] [    19970333] 1 | True  True 00 (  866,  245)   4   763  1204
[117] [    19980350] 1 | True  True 00 (  877,  231)   4   727  1452
[118] [    19990352] 1 | True  True 00 (  890,  219)   4   726  1576
[119] [    20000374] 1 | True  True 00 (  905,  207)   4   713  1400
[120] [    20010377] 1 | True  True 00 (  921,  195)   4   726  1240
[121] [    20020374] 1 | True  True 00 (  938,  186)   4   699  1304
[122] [    20030377] 1 | True  True 00 (  954,  176)   4   715  1532
[123] [    20040396] 1 | True  True 00 (  969,  168)   4   720  1620
[124] [    20050415] 1 | True  True 00 (  983,  160)   5   781  1656
[125] [    20060417] 1 | True  True 00 ( 1000,  154)   4   739  1464
[126] [    20070441] 1 | True  True 00 ( 1019,  149)   4   749  1164
[127] [    20080440] 1 | True  True 00 ( 1038,  144)   4   754  1044
[128] [    20090460] 1 | True  True 00 ( 1055,  141)   4   770  1276
[129] [    20100478] 1 | True  True 00 ( 1072,  138)   4   762  1476
[130] [    20110480] 1 | True  True 00 ( 1089,  136)   4   742  1476
[131] [    20120497] 1 | True  True 00 ( 1107,  135)   5   790  1312
[132] [    20130520] 1 | True  True 00 ( 1127,  134)   4   742  1096
[133] [    20140538] 1 | True  True 00 ( 1147,  134)   4   776  1168
[134] [    20150541] 1 | True  True 00 ( 1164,  136)   4   751  1384
[135] [    20160557] 1 | True  True 00 ( 1181,  139)   4   766  1732
[136] [    20170582] 1 | True  True 00 ( 1195,  142)   3   647  1676
[137] [    20180598] 1 | True  True 00 ( 1211,  146)   5   792  1476
[138] [    20190602] 1 | True  True 00 ( 1230,  153)   4   754  1296
[139] [    20200619] 1 | True  True 00 ( 1249,  160)   5   784  1168
[140] [    20210622] 1 | True  True 00 ( 1267,  168)   4   747  1316
[141] [    20220644] 1 | True  True 00 ( 1282,  177)   4   819  1424
[142] [    20230643] 1 | True  True 00 ( 1296,  186)   4   806  1404
[143] [    20240662] 1 | True  True 00 ( 1309,  196)   4   773  1276
[144] [    20250684] 1 | True  True 00 ( 1322,  208)   5   759  1308
[145] [    20260705] 1 | True  True 00 ( 1336,  220)   4   736  1344
[146] [    20270701] 1 | True  True 00 ( 1350,  233)   5   774  1272
[147] [    20280721] 1 | True  True 00 ( 1364,  247)   4   741  1180
[148] [    20290743] 1 | True  True 00 ( 1376,  261)   4   750  1188
[149] [    20300746] 1 | True  True 00 ( 1386,  276)   5   845  1172
[150] [    20310769] 1 | True  True 00 ( 1395,  291)   4   802  1012
[151] [    20320767] 1 | True  True 00 ( 1402,  308)   4   771  1176
[152] [    20330786] 1 | True  True 00 ( 1409,  324)   4   754  1484
[153] [    20340789] 1 | True  True 00 ( 1416,  341)   3   642  1628
[154] [    20350804] 1 | True  True 00 ( 1422,  359)   3   718  1704
[155] [    20360805] 1 | True  True 00 ( 1425,  378)   4   838  1540
[156] [    20370827] 1 | True  True 00 ( 1426,  395)   5   871  1376
[157] [    20380825] 1 | True  True 00 ( 1427,  412)   4   824  1244
[158] [    20390845] 1 | True  True 00 ( 1430,  430)   5   881  1672
[159] [    20400846] 1 | True  True 00 ( 1433,  446)   3   607  1564
[160] [    20410868] 1 | True  True 00 ( 1436,  464)   3   634  1724
[161] [    20420871] 1 | True  True 00 ( 1438,  482)   5   755  1492
[162] [    20430888] 1 | True  True 00 ( 1435,  500)   4   827  1224
[163] [    20440894] 1 | True  True 00 ( 1432,  519)   4   698  1108
[164] [    20450913] 1 | True  True 00 ( 1428,  535)   4   838  1364
[165] [    20460930] 1 | True  True 00 ( 1424,  551)   4   748  1384
[166] [    20470949] 1 | True  True 00 ( 1420,  569)   4   709  1400
[167] [    20480952] 1 | True  True 00 ( 1414,  586)   5   856  1200
[168] [    20490948] 1 | True  True 00 ( 1407,  603)   4   757  1052
[169] [    20500967] 1 | True  True 00 ( 1399,  619)   4   721   984
[170] [    20510969] 1 | True  True 00 ( 1389,  635)   4   699  1136
[171] [    20520992] 1 | True  True 00 ( 1376,  650)   4   730  1424
[172] [    20530995] 1 | True  True 00 ( 1362,  664)   4   744  1584
[173] [    20540994] 1 | True  True 00 ( 1349,  678)   4   719  1640
[174] [    20551014] 1 | True  True 00 ( 1337,  692)   4   704  1440
[175] [    20561013] 1 | True  True 00 ( 1325,  705)   4   763  1280
[176] [    20571033] 1 | True  True 00 ( 1312,  716)   4   764  1208
[177] [    20581037] 1 | True  True 00 ( 1296,  726)   5   786  1316
[178] [    20591052] 1 | True  True 00 ( 1279,  735)   4   751  1408
[179] [    20601073] 1 | True  True 00 ( 1261,  743)   4   803  1424
[180] [    20611093] 1 | True  True 00 ( 1245,  750)   4   812  1152
[181] [    20621096] 1 | True  True 00 ( 1229,  758)   4   786   928
[182] [    20631113] 1 | True  True 00 ( 1214,  764)   4   801   916
[183] [    20641117] 1 | True  True 00 ( 1197,  768)   5   801  1080
[184] [    20651141] 1 | True  True 00 ( 1176,  772)   5   801  1280
[185] [    20661155] 1 | True  True 00 ( 1157,  775)   4   800  1336
[186] [    20671159] 1 | True  True 00 ( 1139,  777)   4   784  1188
[187] [    20681174] 1 | True  True 00 ( 1123,  778)   4   778   968
[188] [    20691176] 1 | True  True 00 ( 1107,  778)   4   790   952
[189] [    20701197] 1 | True  True 00 ( 1090,  778)   4   752  1096
[190] [    20711217] 1 | True  True 00 ( 1070,  777)   5   777  1180
[191] [    20721220] 1 | True  True 00 ( 1051,  775)   4   775  1284
[192] [    20731236] 1 | True  True 00 ( 1033,  772)   4   769  1180
[193] [    20741239] 1 | True  True 00 ( 1017,  768)   4   771  1108
[194] [    20751243] 1 | True  True 00 ( 1002,  763)   4   768  1016
[195] [    20761259] 1 | True  True 00 (  986,  757)   4   765  1300
[196] [    20771279] 1 | True  True 00 (  969,  750)   4   716  1508
[197] [    20781283] 1 | True  True 00 (  950,  742)   5   783  1700
[198] [    20791298] 1 | True  True 00 (  933,  733)   4   707  1700
[199] [    20801320] 1 | True  True 00 (  920,  724)   4   698  1508
[200] [    20811319] 1 | True  True 00 (  907,  713)   4   725  1212
[201] [    20821339] 1 | True  True 00 (  893,  701)   4   761   884
[202] [    20831340] 1 | True  True 00 (  881,  689)   4   744   828
[203] [    20841363] 1 | True  True 00 (  871,  675)   4   736  1088
[204] [    20851365] 1 | True  True 00 (  859,  660)   4   695  1336
[205] [    20861364] 1 | True  True 00 (  847,  646)   4   702  1512
[206] [    20871386] 1 | True  True 00 (  835,  630)   5   775  1564
[207] [    20881404] 1 | True  True 00 (  821,  613)   5   799  1492
[208] [    20891409] 1 | True  True 00 (  812,  595)   5   870  1316
[209] [    20901404] 1 | True  True 00 (  806,  581)   4   707  1168
[210] [    20911429] 1 | True  True 00 (  800,  564)   5   801  1564
[211] [    20921429] 1 | True  True 00 (  797,  547)   4   696  1724
[212] [    20931441] 1 | True  True 00 (  795,  530)   4   673  1580
[213] [    20941447] 1 | True  True 00 (  792,  512)   4   783  1636
[214] [    20951465] 1 | True  True 00 (  789,  495)   4   834  1364
[215] [    20961466] 1 | True  True 00 (  786,  476)   5   867  1320
[216] [    20971468] 1 | True  True 00 (  786,  454)   3   643  1540
[217] [    20981485] 1 | True  True 00 (  785,  438)   4   796  1688
[218] [    20991488] 1 | True  True 00 (  786,  423)   4   733  1704
[219] [    21001488] 1 | True  True 00 (  787,  405)   4   786  1744
[220] [    21011508] 1 | True  True 00 (  789,  387)   4   799  1484
[221] [    21021506] 1 | True  True 00 (  791,  370)   4   776  1248
[222] [    21031504] 1 | True  True 00 (  796,  352)   4   762  1460
[223] [    21041510] 1 | True  True 00 (  803,  336)   4   764  1440
[224] [    21051530] 1 | True  True 00 (  813,  320)   4   722  1440
[225] [        7764] 1 | True  True 00 (  824,  305)   4   727  1240
[226] [       17768] 1 | True  True 00 (  835,  289)   4   745  1132
[227] [       27764] 1 | True  True 00 (  845,  274)   4   743  1060
[228] [       37786] 1 | True  True 00 (  856,  260)   4   756  1028
[229] [       47787] 1 | True  True 00 (  867,  246)   4   759  1204
[230] [       57788] 1 | True  True 00 (  878,  233)   4   749  1472
[231] [       67801] 1 | True  True 00 (  890,  220)   4   730  1540
[232] [       77808] 1 | True  True 00 (  905,  208)   4   713  1416
[233] [       87805] 1 | True  True 00 (  922,  197)   4   722  1240
[234] [       97824] 1 | True  True 00 (  938,  187)   5   766  1340
[235] [      107825] 1 | True  True 00 (  955,  178)   4   667  1464
[236] [      117847] 1 | True  True 00 (  969,  169)   4   725  1620
[237] [      127849] 1 | True  True 00 (  983,  161)   3   613  1480
[238] [      137867] 1 | True  True 00 (  998,  154)   4   739  1356
[239] [      147867] 1 | True  True 00 ( 1017,  148)   4   754  1164
[240] [      157866] 1 | True  True 00 ( 1036,  143)   4   769  1060
[241] [      167886] 1 | True  True 00 ( 1054,  139)   4   752  1240
[242] [      177909] 1 | True  True 00 ( 1072,  137)   4   745  1476
[243] [      187909] 1 | True  True 00 ( 1088,  135)   3   692  1512
[244] [      197932] 1 | True  True 00 ( 1105,  134)   5   803  1368
[245] [      207928] 1 | True  True 00 ( 1124,  134)   4   737  1096
[246] [      217947] 1 | True  True 00 ( 1143,  134)   4   765  1112
[247] [      227948] 1 | True  True 00 ( 1162,  136)   4   775  1460
[248] [      237950] 1 | True  True 00 ( 1180,  139)   4   730  1568
[249] [      247952] 1 | True  True 00 ( 1196,  141)   4   742  1712
[250] [      257949] 1 | True  True 00 ( 1213,  145)   5   766  1532
[251] [      267968] 1 | True  True 00 ( 1231,  151)   4   745  1368
[252] [      277990] 1 | True  True 00 ( 1249,  158)   5   821  1204
[253] [      287989] 1 | True  True 00 ( 1266,  167)   4   788  1352
[254] [      298008] 1 | True  True 00 ( 1281,  176)   4   765  1332
[255] [      308013] 1 | True  True 00 ( 1295,  185)   4   802  1352
[  0] [      318029] 1 | True  True 00 ( 1307,  195)   4   792  1296
[  1] [      328050] 1 | True  True 00 ( 1320,  207)   4   734  1380
[  2] [      338069] 1 | True  True 00 ( 1334,  220)   4   733  1380
[  3] [      348070] 1 | True  True 00 ( 1349,  233)   4   742  1308
[  4] [      358093] 1 | True  True 00 ( 1363,  246)   4   745  1172
[  5] [      368096] 1 | True  True 00 ( 1375,  260)   4   776  1224
[  6] [      378094] 1 | True  True 00 ( 1386,  275)   4   750  1116
[  7] [      388116] 1 | True  True 00 ( 1394,  290)   4   774   940
[  8] [      398134] 1 | True  True 00 ( 1402,  306)   4   794  1176
[  9] [      408136] 1 | True  True 00 ( 1409,  323)   5   835  1484
[ 10] [      418151] 1 | True  True 00 ( 1414,  341)   5   810  1648
[ 11] [      428159] 1 | True  True 00 ( 1419,  358)   3   704  1756
[ 12] [      438152] 1 | True  True 00 ( 1423,  375)   4   789  1612
[ 13] [      448172] 1 | True  True 00 ( 1428,  392)   5   876  1376
[ 14] [      458171] 1 | True  True 00 ( 1430,  410)   4   874  1440
[ 15] [      468199] 1 | True  True 00 ( 1430,  429)   4   826  1600
[ 16] [      478199] 1 | True  True 00 ( 1430,  447)   4   800  1848
[ 17] [      488216] 1 | True  True 00 ( 1429,  465)   5   770  1476
[ 18] [      498219] 1 | True  True 00 ( 1430,  482)   4   733  1492
[ 19] [      508238] 1 | True  True 00 ( 1431,  499)   4   765  1280
[ 20] [      518237] 1 | True  True 00 ( 1429,  517)   4   811  1184
[ 21] [      528257] 1 | True  True 00 ( 1426,  534)   4   776  1328
[ 22] [      538262] 1 | True  True 00 ( 1423,  553)   4   717  1420
[ 23] [      548257] 1 | True  True 00 ( 1420,  570)   5   761  1292
[ 24] [      558260] 1 | True  True 00 ( 1415,  587)   4   717  1108
[ 25] [      568276] 1 | True  True 00 ( 1408,  603)   5   824  1088
[ 26] [      578279] 1 | True  True 00 ( 1399,  618)   5   801  1052
[ 27] [      588293] 1 | True  True 00 ( 1388,  634)   4   698  1136
[ 28] [      598317] 1 | True  True 00 ( 1375,  649)   4   725  1388
[ 29] [      608321] 1 | True  True 00 ( 1362,  661)   6   872  1656
[ 30] [      618339] 1 | True  True 00 ( 1350,  675)   5   767  1620
[ 31] [      628342] 1 | True  True 00 ( 1338,  690)   4   740  1568
[ 32] [      638361] 1 | True  True 00 ( 1327,  704)   4   768  1332
[ 33] [      648361] 1 | True  True 00 ( 1314,  715)   4   786  1224
[ 34] [      658381] 1 | True  True 00 ( 1298,  726)   5   792  1300
[ 35] [      668405] 1 | True  True 00 ( 1280,  736)   6   855  1444
[ 36] [      678399] 1 | True  True 00 ( 1263,  744)   4   762  1372
[ 37] [      688421] 1 | True  True 00 ( 1246,  752)   4   800  1080
[ 38] [      698417] 1 | True  True 00 ( 1230,  759)   4   800   928
[ 39] [      708439] 1 | True  True 00 ( 1214,  764)   4   792   916
[ 40] [      718440] 1 | True  True 00 ( 1197,  769)   4   784  1116
[ 41] [      728443] 1 | True  True 00 ( 1178,  773)   5   819  1316
[ 42] [      738465] 1 | True  True 00 ( 1158,  775)   4   781  1244
[ 43] [      748465] 1 | True  True 00 ( 1140,  777)   4   802  1224
[ 44] [      758484] 1 | True  True 00 ( 1123,  779)   4   788  1008
[ 45] [      768484] 1 | True  True 00 ( 1107,  779)   4   795   988
[ 46] [      778504] 1 | True  True 00 ( 1089,  778)   5   862  1148
[ 47] [      788501] 1 | True  True 00 ( 1071,  777)   6   854  1184
[ 48] [      798525] 1 | True  True 00 ( 1052,  775)   4   802  1252
[ 49] [      808526] 1 | True  True 00 ( 1034,  772)   4   790  1216
[ 50] [      818540] 1 | True  True 00 ( 1017,  768)   4   779  1108
[ 51] [      828547] 1 | True  True 00 ( 1001,  763)   4   776  1076
[ 52] [      838568] 1 | True  True 00 (  986,  757)   4   762  1232
[ 53] [      848584] 1 | True  True 00 (  970,  750)   4   735  1508
[ 54] [      858587] 1 | True  True 00 (  952,  743)   5   766  1784
[ 55] [      868590] 1 | True  True 00 (  935,  734)   4   707  1700
[ 56] [      878606] 1 | True  True 00 (  920,  724)   4   720  1508
[ 57] [      888628] 1 | True  True 00 (  908,  714)   4   699  1232
[ 58] [      898632] 1 | True  True 00 (  895,  702)   5   787   900
[ 59] [      908649] 1 | True  True 00 (  883,  689)   4   739   844
[ 60] [      918669] 1 | True  True 00 (  871,  675)   4   714  1108
[ 61] [      928666] 1 | True  True 00 (  860,  660)   5   809  1404
[ 62] [      938672] 1 | True  True 00 (  850,  645)   6   808  1476
[ 63] [      948690] 1 | True  True 00 (  838,  627)   5   767  1528
[ 64] [      958692] 1 | True  True 00 (  826,  612)   4   689  1492
[ 65] [      968689] 1 | True  True 00 (  817,  599)   3   625  1264
[ 66] [      978692] 1 | True  True 00 (  809,  583)   4   711  1184
[ 67] [      988709] 1 | True  True 00 (  804,  566)   5   852  1780
[ 68] [      998712] 1 | True  True 00 (  800,  548)   4   673  1544
[ 69] [     1008710] 1 | True  True 00 (  796,  531)   6   909  1816
[ 70] [     1018732] 1 | True  True 00 (  793,  514)   5   851  1744
[ 71] [     1028730] 1 | True  True 00 (  790,  495)   4   727  1132
[ 72] [     1038750] 1 | True  True 00 (  788,  478)   4   841  1248
[ 73] [     1048754] 1 | True  True 00 (  786,  460)   4   803  1540
[ 74] [     1058769] 1 | True  True 00 (  786,  439)   3   661  1724
[ 75] [     1068770] 1 | True  True 00 (  786,  423)   4   770  1724
[ 76] [     1078770] 1 | True  True 00 (  787,  406)   3   685  1632
[ 77] [     1088791] 1 | True  True 00 (  789,  389)   5   825  1468
[ 78] [     1098788] 1 | True  True 00 (  791,  372)   4   768  1212
[ 79] [     1108808] 1 | True  True 00 (  795,  354)   5   780  1384
[ 80] [     1118809] 1 | True  True 00 (  802,  338)   4   750  1460
[ 81] [     1128831] 1 | True  True 00 (  812,  322)   4   709  1368
[ 82] [     1138834] 1 | True  True 00 (  823,  306)   4   700  1240
[ 83] [     1148838] 1 | True  True 00 (  834,  290)   4   718  1060
[ 84] [     1158855] 1 | True  True 00 (  845,  275)   4   740  1028
[ 85] [     1168873] 1 | True  True 00 (  856,  261)   4   734  1028
[ 86] [     1178876] 1 | True  True 00 (  867,  247)   4   782  1240
[ 87] [     1188891] 1 | True  True 00 (  878,  233)   4   741  1436
[ 88] [     1198891] 1 | True  True 00 (  890,  220)   4   722  1524
[ 89] [     1208912] 1 | True  True 00 (  905,  208)   3   639  1416
[ 90] [     1218910] 1 | True  True 00 (  920,  197)   4   709  1224
[ 91] [     1228916] 1 | True  True 00 (  937,  187)   4   712  1320
[ 92] [     1238935] 1 | True  True 00 (  952,  178)   4   692  1444
[ 93] [     1248938] 1 | True  True 00 (  967,  170)   4   721  1604
[ 94] [     1258955] 1 | True  True 00 (  981,  162)   4   716  1640
[ 95] [     1268978] 1 | True  True 00 (  998,  154)   3   654  1444
[ 96] [     1278977] 1 | True  True 00 ( 1017,  147)   4   772  1128
[ 97] [     1288996] 1 | True  True 00 ( 1036,  142)   4   754  1024
[ 98] [     1299000] 1 | True  True 00 ( 1055,  139)   4   766  1296
[ 99] [     1309015] 1 | True  True 00 ( 1072,  137)   4   758  1440
[100] [     1319016] 1 | True  True 00 ( 1087,  135)   4   733  1476
[101] [     1329017] 1 | True  True 00 ( 1104,  134)   5   834  1420
[102] [     1339037] 1 | True  True 00 ( 1123,  134)   4   778  1260
[103] [     1349035] 1 | True  True 00 ( 1142,  135)   4   783  1148
[104] [     1359033] 1 | True  True 00 ( 1161,  137)   4   794  1460
[105] [     1369040] 1 | True  True 00 ( 1178,  139)   4   781  1624
[106] [     1379057] 1 | True  True 00 ( 1193,  142)   4   729  1712
[107] [     1389059] 1 | True  True 00 ( 1210,  146)   5   798  1568
[108] [     1399061] 1 | True  True 00 ( 1229,  151)   4   757  1348
[109] [     1409078] 1 | True  True 00 ( 1248,  159)   5   811  1188
[110] [     1419080] 1 | True  True 00 ( 1265,  166)   4   729  1240
[111] [     1429085] 1 | True  True 00 ( 1280,  175)   4   769  1332
[112] [     1439100] 1 | True  True 00 ( 1295,  185)   4   802  1424
[113] [     1449098] 1 | True  True 00 ( 1308,  195)   4   769  1276
[114] [     1459123] 1 | True  True 00 ( 1320,  207)   5   780  1344
[115] [     1469118] 1 | True  True 00 ( 1333,  219)   4   747  1364
[116] [     1479142] 1 | True  True 00 ( 1348,  233)   4   737  1364
[117] [     1489142] 1 | True  True 00 ( 1363,  247)   4   732  1200
[118] [     1499143] 1 | True  True 00 ( 1376,  261)   4   753  1276
[119] [     1509157] 1 | True  True 00 ( 1386,  275)   4   770  1100
[120] [     1519156] 1 | True  True 00 ( 1394,  290)   4   794  1012
[121] [     1529162] 1 | True  True 00 ( 1401,  307)   4   790  1196
[122] [     1539159] 1 | True  True 00 ( 1408,  323)   4   754  1396
[123] [     1549177] 1 | True  True 00 ( 1415,  340)   6   825  1648
[124] [     1559178] 1 | True  True 00 ( 1418,  360)   5   866  1648
[125] [     1569200] 1 | True  True 00 ( 1422,  377)   4   788  1612
[126] [     1579204] 1 | True  True 00 ( 1425,  395)   4   898  1412
[127] [     1589201] 1 | True  True 00 ( 1427,  411)   4   766  1120
[128] [     1599223] 1 | True  True 00 ( 1430,  429)   5   854  1672
[129] [     1609223] 1 | True  True 00 ( 1431,  446)   5   848  1760
[130] [     1619242] 1 | True  True 00 ( 1434,  464)   5   782  1812
[131] [     1629246] 1 | True  True 00 ( 1435,  480)   4   799  1688
[132] [     1639261] 1 | True  True 00 ( 1435,  498)   5   783  1244
[133] [     1649283] 1 | True  True 00 ( 1432,  514)   4   873  1200
[134] [     1659300] 1 | True  True 00 ( 1430,  535)   4   676  1292
[135] [     1669301] 1 | True  True 00 ( 1427,  554)   3   649  1348
[136] [     1679324] 1 | True  True 00 ( 1422,  570)   5   804  1348
[137] [     1689327] 1 | True  True 00 ( 1415,  586)   5   780  1092
[138] [     1699346] 1 | True  True 00 ( 1408,  602)   4   766  1108
[139] [     1709365] 1 | True  True 00 ( 1399,  618)   4   743  1036
[140] [     1719369] 1 | True  True 00 ( 1389,  634)   5   792  1152
[141] [     1729386] 1 | True  True 00 ( 1376,  649)   5   773  1476
[142] [     1739386] 1 | True  True 00 ( 1363,  663)   4   725  1676
[143] [     1749409] 1 | True  True 00 ( 1351,  677)   4   710  1640
[144] [     1759426] 1 | True  True 00 ( 1339,  692)   4   717  1512
[145] [     1769429] 1 | True  True 00 ( 1327,  704)   4   727  1244
[146] [     1779445] 1 | True  True 00 ( 1314,  716)   4   791  1208
[147] [     1789448] 1 | True  True 00 ( 1298,  725)   5   810  1300
[148] [     1799471] 1 | True  True 00 ( 1281,  733)   4   755  1516
[149] [     1809490] 1 | True  True 00 ( 1262,  742)   4   812  1408
[150] [     1819507] 1 | True  True 00 ( 1246,  749)   4   808  1188
[151] [     1829509] 1 | True  True 00 ( 1229,  756)   4   772   848
[152] [     1839530] 1 | True  True 00 ( 1214,  762)   4   800   876
[153] [     1849552] 1 | True  True 00 ( 1198,  768)   4   765  1096
[154] [     1859554] 1 | True  True 00 ( 1179,  772)   4   712  1264
[155] [     1869554] 1 | True  True 00 ( 1160,  775)   4   804  1352
[156] [     1879574] 1 | True  True 00 ( 1142,  777)   4   794  1188
[157] [     1889593] 1 | True  True 00 ( 1124,  778)   4   787   968
[158] [     1899593] 1 | True  True 00 ( 1107,  778)   4   786   952
[159] [     1909612] 1 | True  True 00 ( 1091,  778)   4   761  1076
[160] [     1919617] 1 | True  True 00 ( 1072,  777)   6   864  1204
[161] [     1929633] 1 | True  True 00 ( 1053,  775)   4   806  1304
[162] [     1939634] 1 | True  True 00 ( 1035,  772)   4   795  1232
[163] [     1949654] 1 | True  True 00 ( 1018,  768)   4   775  1072
[164] [     1959675] 1 | True  True 00 ( 1002,  763)   4   786  1076
[165] [     1969678] 1 | True  True 00 (  986,  758)   4   748  1212
[166] [     1979696] 1 | True  True 00 (  969,  752)   4   756  1576
[167] [     1989698] 1 | True  True 00 (  951,  744)   5   748  1732
[168] [     1999717] 1 | True  True 00 (  935,  735)   4   699  1768
[169] [     2009717] 1 | True  True 00 (  920,  725)   4   719  1508
[170] [     2019736] 1 | True  True 00 (  907,  714)   4   720  1212
[171] [     2029740] 1 | True  True 00 (  895,  703)   4   725   952
[172] [     2039757] 1 | True  True 00 (  883,  690)   4   752   844
[173] [     2049758] 1 | True  True 00 (  871,  676)   4   727  1072
[174] [     2059778] 1 | True  True 00 (  859,  661)   7   906  1372
[175] [     2069796] 1 | True  True 00 (  847,  647)   4   670  1528
[176] [     2079798] 1 | True  True 00 (  835,  633)   5   743  1632
[177] [     2089821] 1 | True  True 00 (  822,  615)   5   815  1460
[178] [     2099821] 1 | True  True 00 (  813,  596)   5   817  1228
[179] [     2109820] 1 | True  True 00 (  806,  579)   4   800  1364
[180] [     2119842] 1 | True  True 00 (  800,  560)   5   843  1636
[181] [     2129841] 1 | True  True 00 (  795,  545)   4   687  1492
[182] [     2139859] 1 | True  True 00 (  789,  528)   5   788  1652
[183] [     2149863] 1 | True  True 00 (  788,  512)   5   823  1688
[184] [     2159878] 1 | True  True 00 (  787,  494)   4   677  1112
[185] [     2169879] 1 | True  True 00 (  787,  477)   4   778  1192
[186] [     2179899] 1 | True  True 00 (  787,  457)   6   813  1484
[187] [     2189896] 1 | True  True 00 (  785,  439)   4   750  1688
[188] [     2199903] 1 | True  True 00 (  786,  422)   3   626  1724
[189] [     2209921] 1 | True  True 00 (  788,  406)   5   852  1760
[190] [     2219924] 1 | True  True 00 (  790,  389)   4   777  1468
[191] [     2229941] 1 | True  True 00 (  792,  372)   4   739  1172
[192] [     2239963] 1 | True  True 00 (  796,  354)   4   734  1384
[193] [     2249963] 1 | True  True 00 (  803,  338)   4   719  1404
[194] [     2259982] 1 | True  True 00 (  811,  322)   5   812  1384
[195] [     2269984] 1 | True  True 00 (  822,  305)   4   705  1240
[196] [     2280000] 1 | True  True 00 (  832,  290)   4   728  1056
[197] [     2290022] 1 | True  True 00 (  844,  275)   4   717  1080
[198] [     2300021] 1 | True  True 00 (  854,  262)   4   761  1044
[199] [     2310027] 1 | True  True 00 (  865,  247)   4   762  1168
[200] [     2320045] 1 | True  True 00 (  877,  233)   4   750  1472
[201] [     2330048] 1 | True  True 00 (  888,  220)   4   726  1488
[202] [     2340063] 1 | True  True 00 (  903,  208)   4   726  1416
[203] [     2350067] 1 | True  True 00 (  919,  197)   4   735  1328
[204] [     2360070] 1 | True  True 00 (  935,  187)   5   743  1268
[205] [     2370086] 1 | True  True 00 (  951,  178)   4   698  1392
[206] [     2380086] 1 | True  True 00 (  967,  169)   4   704  1604
[207] [     2390086] 1 | True  True 00 (  981,  161)   4   726  1692
[208] [     2400086] 1 | True  True 00 (  996,  155)   4   735  1412
[209] [     2410105] 1 | True  True 00 ( 1016,  149)   4   771  1200
[210] [     2420088] 1 | True  True 00 ( 1035,  144)   4   768  1096
[211] [     2430106] 1 | True  True 00 ( 1052,  141)   4   792  1240
[212] [     2440109] 1 | True  True 00 ( 1069,  138)   4   789  1456
[213] [     2450103] 1 | True  True 00 ( 1085,  136)   4   710  1440
[214] [     2460126] 1 | True  True 00 ( 1103,  134)   4   749  1368
[215] [     2470126] 1 | True  True 00 ( 1123,  133)   4   794  1188
[216] [     2480146] 1 | True  True 00 ( 1143,  134)   4   747  1076
[217] [     2490142] 1 | True  True 00 ( 1162,  136)   4   756  1384
[218] [     2500149] 1 | True  True 00 ( 1180,  139)   4   767  1696
[219] [     2510167] 1 | True  True 00 ( 1195,  140)   3   693  1696
[220] [     2520170] 1 | True  True 00 ( 1210,  145)   5   794  1624
[221] [     2530187] 1 | True  True 00 ( 1229,  151)   5   807  1384
[222] [     2540190] 1 | True  True 00 ( 1248,  159)   5   811  1184
[223] [     2550209] 1 | True  True 00 ( 1265,  167)   4   762  1316
[224] [     2560228] 1 | True  True 00 ( 1280,  175)   4   778  1332
[225] [     2570231] 1 | True  True 00 ( 1294,  185)   4   797  1352
[226] [     2580246] 1 | True  True 00 ( 1307,  195)   4   792  1252
[227] [     2590274] 1 | True  True 00 ( 1318,  207)   5   794  1344
[228] [     2600273] 1 | True  True 00 ( 1332,  219)   5   789  1324
[229] [     2610290] 1 | True  True 00 ( 1347,  231)   3   667  1344
[230] [     2620293] 1 | True  True 00 ( 1362,  245)   4   754  1208
[231] [     2630308] 1 | True  True 00 ( 1374,  260)   4   754  1208
[232] [     2640331] 1 | True  True 00 ( 1385,  274)   4   764  1100
[233] [     2650331] 1 | True  True 00 ( 1394,  288)   5   809  1028
[234] [     2660352] 1 | True  True 00 ( 1402,  304)   4   780  1160
[235] [     2670356] 1 | True  True 00 ( 1408,  322)   5   845  1432
[236] [     2680371] 1 | True  True 00 ( 1413,  340)   5   812  1592
[237] [     2690393] 1 | True  True 00 ( 1417,  359)   5   812  1668
[238] [     2700389] 1 | True  True 00 ( 1423,  374)   4   748  1628
[239] [     2710417] 1 | True  True 00 ( 1426,  389)   4   732  1320
[240] [     2720415] 1 | True  True 00 ( 1428,  406)   4   824  1296
[241] [     2730432] 1 | True  True 00 ( 1431,  426)   5   902  1740
[242] [     2740436] 1 | True  True 00 ( 1431,  444)   5   857  1796
[243] [     2750460] 1 | True  True 00 ( 1431,  463)   4   792  1760
[244] [     2760474] 1 | True  True 00 ( 1432,  481)   4   710  1492
[245] [     2770477] 1 | True  True 00 ( 1432,  499)   4   796  1316
[246] [     2780493] 1 | True  True 00 ( 1430,  516)   4   815  1128
[247] [     2790515] 1 | True  True 00 ( 1428,  536)   4   663  1256
[248] [     2800534] 1 | True  True 00 ( 1426,  558)   3   606  1420
[249] [     2810535] 1 | True  True 00 ( 1422,  574)   5   792  1364
[250] [     2820558] 1 | True  True 00 ( 1417,  589)   5   807  1184
[251] [     2830561] 1 | True  True 00 ( 1410,  604)   4   734  1036
[252] [     2840580] 1 | True  True 00 ( 1401,  620)   4   733  1000
[253] [     2850579] 1 | True  True 00 ( 1391,  634)   4   734  1116
[254] [     2860599] 1 | True  True 00 ( 1379,  649)   4   711  1388
[255] [     2870603] 1 | True  True 00 ( 1365,  663)   4   747  1692
[  0] [     2880618] 1 | True  True 00 ( 1352,  678)   4   710  1676
[  1] [     2890639] 1 | True  True 00 ( 1340,  693)   4   708  1476
[  2] [     2900647] 1 | True  True 00 ( 1327,  705)   4   767  1296
[  3] [     2910666] 1 | True  True 00 ( 1313,  717)   4   753  1152
[  4] [     2920661] 1 | True  True 00 ( 1299,  727)   4   751  1300
[  5] [     2930686] 1 | True  True 00 ( 1281,  735)   4   773  1496
[  6] [     2940683] 1 | True  True 00 ( 1264,  743)   4   798  1424
[  7] [     2950682] 1 | True  True 00 ( 1247,  751)   4   804  1188
[  8] [     2960707] 1 | True  True 00 ( 1231,  757)   4   809   928
[  9] [     2970701] 1 | True  True 00 ( 1215,  763)   4   773   876
[ 10] [     2980722] 1 | True  True 00 ( 1199,  768)   4   778  1060
[ 11] [     2990727] 1 | True  True 00 ( 1181,  772)   5   788  1264
[ 12] [     3000743] 1 | True  True 00 ( 1162,  775)   4   782  1336
[ 13] [     3010744] 1 | True  True 00 ( 1144,  777)   4   807  1244
[ 14] [     3020759] 1 | True  True 00 ( 1127,  778)   4   784  1008
[ 15] [     3030759] 1 | True  True 00 ( 1110,  779)   4   790   896
[ 16] [     3040781] 1 | True  True 00 ( 1093,  778)   4   779  1060
[ 17] [     3050783] 1 | True  True 00 ( 1074,  777)   6   822  1160
[ 18] [     3060785] 1 | True  True 00 ( 1055,  775)   4   779  1284
[ 19] [     3070802] 1 | True  True 00 ( 1037,  771)   4   774  1216
[ 20] [     3080805] 1 | True  True 00 ( 1021,  767)   4   780  1160
[ 21] [     3090827] 1 | True  True 00 ( 1005,  762)   4   768  1036
[ 22] [     3100826] 1 | True  True 00 (  989,  757)   4   756  1248
[ 23] [     3110845] 1 | True  True 00 (  972,  751)   4   721  1492
[ 24] [     3120870] 1 | True  True 00 (  954,  744)   5   775  1700
[ 25] [     3130863] 1 | True  True 00 (  937,  735)   4   703  1700
[ 26] [     3140885] 1 | True  True 00 (  923,  726)   4   707  1544
[ 27] [     3150883] 1 | True  True 00 (  909,  715)   4   729  1212
[ 28] [     3160904] 1 | True  True 00 (  895,  703)   4   744   936
[ 29] [     3170925] 1 | True  True 00 (  883,  691)   4   723   792
[ 30] [     3180931] 1 | True  True 00 (  872,  677)   4   723  1052
[ 31] [     3190947] 1 | True  True 00 (  860,  662)   3   699  1424
[ 32] [     3200953] 1 | True  True 00 (  848,  646)   7   905  1476
[ 33] [     3210953] 1 | True  True 00 (  837,  629)   6   833  1600
[ 34] [     3220973] 1 | True  True 00 (  825,  612)   5   791  1476
[ 35] [     3230988] 1 | True  True 00 (  816,  599)   4   673  1316
[ 36] [     3240989] 1 | True  True 00 (  809,  583)   4   742  1292
[ 37] [     3251010] 1 | True  True 00 (  803,  567)   4   730  1472
[ 38] [     3261006] 1 | True  True 00 (  798,  550)   4   709  1564
[ 39] [     3271034] 1 | True  True 00 (  795,  532)   4   646  1564
[ 40] [     3281051] 1 | True  True 00 (  793,  515)   5   819  1688
[ 41] [     3291054] 1 | True  True 00 (  792,  496)   4   677  1148
[ 42] [     3301073] 1 | True  True 00 (  789,  479)   4   868  1228
[ 43] [     3311072] 1 | True  True 00 (  788,  462)   4   821  1504
[ 44] [     3321091] 1 | True  True 00 (  787,  442)   3   685  1744
[ 45] [     3331114] 1 | True  True 00 (  788,  426)   4   752  1704
[ 46] [     3341115] 1 | True  True 00 (  789,  408)   4   763  1724
[ 47] [     3351137] 1 | True  True 00 (  790,  389)   4   763  1432
[ 48] [     3361133] 1 | True  True 00 (  792,  371)   4   771  1248
[ 49] [     3371151] 1 | True  True 00 (  796,  354)   5   793  1420
[ 50] [     3381152] 1 | True  True 00 (  803,  337)   4   755  1532
[ 51] [     3391174] 1 | True  True 00 (  812,  322)   4   695  1368
[ 52] [     3401197] 1 | True  True 00 (  823,  307)   4   727  1256
[ 53] [     3411196] 1 | True  True 00 (  833,  292)   4   742  1112
[ 54] [     3421216] 1 | True  True 00 (  843,  276)   4   743  1060
[ 55] [     3431238] 1 | True  True 00 (  854,  262)   4   761  1028
[ 56] [     3441238] 1 | True  True 00 (  864,  247)   4   764  1168
[ 57] [     3451260] 1 | True  True 00 (  876,  233)   4   732  1436
[ 58] [     3461278] 1 | True  True 00 (  889,  221)   4   743  1540
[ 59] [     3471280] 1 | True  True 00 (  904,  209)   3   652  1348
[ 60] [     3481296] 1 | True  True 00 (  921,  197)   4   735  1224
[ 61] [     3491299] 1 | True  True 00 (  937,  186)   4   722  1304
[ 62] [     3501302] 1 | True  True 00 (  953,  177)   4   702  1480
[ 63] [     3511323] 1 | True  True 00 (  967,  170)   4   725  1640
[ 64] [     3521323] 1 | True  True 00 (  980,  162)   3   693  1604
[ 65] [     3531343] 1 | True  True 00 (  994,  155)   4   725  1444
[ 66] [     3541338] 1 | True  True 00 ( 1013,  149)   4   757  1200
[ 67] [     3551341] 1 | True  True 00 ( 1033,  143)   4   791  1080
[ 68] [     3561357] 1 | True  True 00 ( 1053,  140)   4   744  1260
[ 69] [     3571358] 1 | True  True 00 ( 1069,  138)   4   766  1456
[ 70] [     3581380] 1 | True  True 00 ( 1087,  136)   4   755  1492
[ 71] [     3591376] 1 | True  True 00 ( 1103,  134)   4   738  1348
[ 72] [     3601405] 1 | True  True 00 ( 1122,  134)   4   782  1204
[ 73] [     3611401] 1 | True  True 00 ( 1142,  135)   4   756  1128
[ 74] [     3621424] 1 | True  True 00 ( 1161,  136)   4   779  1384
[ 75] [     3631422] 1 | True  True 00 ( 1178,  138)   4   776  1624
[ 76] [     3641444] 1 | True  True 00 ( 1192,  142)   4   747  1804
[ 77] [     3651462] 1 | True  True 00 ( 1209,  146)   5   780  1588
[ 78] [     3661465] 1 | True  True 00 ( 1227,  152)   5   793  1384
[ 79] [     3671480] 1 | True  True 00 ( 1246,  159)   5   798  1184
[ 80] [     3681501] 1 | True  True 00 ( 1264,  167)   4   775  1316
[ 81] [     3691521] 1 | True  True 00 ( 1280,  176)   4   765  1388
[ 82] [     3701522] 1 | True  True 00 ( 1294,  185)   4   797  1388
[ 83] [     3711545] 1 | True  True 00 ( 1306,  195)   4   801  1276
[ 84] [     3721548] 1 | True  True 00 ( 1320,  206)   4   757  1380
[ 85] [     3731565] 1 | True  True 00 ( 1333,  219)   4   743  1436
[ 86] [     3741566] 1 | True  True 00 ( 1349,  232)   3   685  1324
[ 87] [     3751585] 1 | True  True 00 ( 1363,  246)   4   745  1236
[ 88] [     3761587] 1 | True  True 00 ( 1375,  260)   4   771  1188
[ 89] [     3771609] 1 | True  True 00 ( 1385,  275)   5   845  1152
[ 90] [     3781608] 1 | True  True 00 ( 1392,  289)   4   760   976
[ 91] [     3791608] 1 | True  True 00 ( 1401,  305)   4   758  1140
[ 92] [     3801632] 1 | True  True 00 ( 1407,  322)   6   902  1412
[ 93] [     3811627] 1 | True  True 00 ( 1413,  338)   4   741  1628
[ 94] [     3821652] 1 | True  True 00 ( 1419,  357)   4   780  1684
[ 95] [     3831668] 1 | True  True 00 ( 1423,  376)   4   833  1592
[ 96] [     3841671] 1 | True  True 00 ( 1426,  393)   4   805  1376
[ 97] [     3851690] 1 | True  True 00 ( 1431,  409)   5   861  1368
[ 98] [     3861710] 1 | True  True 00 ( 1431,  427)   4   835  1580
[ 99] [     3871714] 1 | True  True 00 ( 1435,  444)   5   762  1672
[100] [     3881729] 1 | True  True 00 ( 1434,  462)   4   765  1652
[101] [     3891730] 1 | True  True 00 ( 1436,  480)   5   805  1672
[102] [     3901751] 1 | True  True 00 ( 1432,  496)   5   892  1244
[103] [     3911770] 1 | True  True 00 ( 1429,  513)   5   909  1144
[104] [     3921772] 1 | True  True 00 ( 1426,  531)   4   748  1328
[105] [     3931775] 1 | True  True 00 ( 1422,  550)   4   717  1420
[106] [     3941792] 1 | True  True 00 ( 1418,  568)   5   761  1400
[107] [     3951795] 1 | True  True 00 ( 1414,  585)   4   717  1184
[108] [     3961795] 1 | True  True 00 ( 1409,  602)   4   802  1124
[109] [     3971814] 1 | True  True 00 ( 1401,  617)   4   770  1052
[110] [     3981833] 1 | True  True 00 ( 1391,  633)   5   761  1080
[111] [     3991836] 1 | True  True 00 ( 1378,  648)   5   760  1368
[112] [     4001851] 1 | True  True 00 ( 1364,  662)   3   667  1584
[113] [     4011852] 1 | True  True 00 ( 1352,  676)   4   709  1640
[114] [     4021874] 1 | True  True 00 ( 1341,  690)   6   823  1548
[115] [     4031872] 1 | True  True 00 ( 1328,  702)   4   731  1280
[116] [     4041892] 1 | True  True 00 ( 1316,  714)   4   777  1136
[117] [     4051896] 1 | True  True 00 ( 1301,  725)   5   810  1280
[118] [     4061913] 1 | True  True 00 ( 1282,  734)   4   765  1480
[119] [     4071917] 1 | True  True 00 ( 1264,  742)   4   775  1388
[120] [     4081920] 1 | True  True 00 ( 1247,  749)   4   799  1208
[121] [     4091916] 1 | True  True 00 ( 1232,  755)   4   764   884
[122] [     4101934] 1 | True  True 00 ( 1216,  762)   4   787   840
[123] [     4111956] 1 | True  True 00 ( 1199,  767)   4   775  1116
[124] [     4121959] 1 | True  True 00 ( 1181,  771)   5   795  1224
[125] [     4131976] 1 | True  True 00 ( 1161,  773)   4   794  1316
[126] [     4141997] 1 | True  True 00 ( 1143,  775)   4   803  1188
[127] [     4151995] 1 | True  True 00 ( 1126,  777)   4   788   988
[128] [     4162015] 1 | True  True 00 ( 1110,  777)   4   776   840
[129] [     4172038] 1 | True  True 00 ( 1094,  777)   4   780  1060
[130] [     4182061] 1 | True  True 00 ( 1074,  777)   6   900  1184
[131] [     4192081] 1 | True  True 00 ( 1055,  775)   4   757  1252
[132] [     4202078] 1 | True  True 00 ( 1037,  772)   4   800  1252
[133] [     4212102] 1 | True  True 00 ( 1020,  768)   4   745  1108
[134] [     4222103] 1 | True  True 00 ( 1004,  762)   4   776  1040
[135] [     4232117] 1 | True  True 00 (  988,  757)   4   744  1180
[136] [     4242145] 1 | True  True 00 (  973,  751)   4   730  1524
[137] [     4252142] 1 | True  True 00 (  956,  744)   5   758  1716
[138] [     4262165] 1 | True  True 00 (  939,  736)   4   702  1732
[139] [     4272165] 1 | True  True 00 (  924,  726)   4   702  1524
[140] [     4282184] 1 | True  True 00 (  910,  716)   4   742  1300
[141] [     4292184] 1 | True  True 00 (  897,  704)   4   747   952
[142] [     4302183] 1 | True  True 00 (  884,  691)   4   739   808
[143] [     4312203] 1 | True  True 00 (  873,  677)   5   798  1036
[144] [     4322206] 1 | True  True 00 (  861,  663)   5   769  1264
[145] [     4332221] 1 | True  True 00 (  850,  649)   5   778  1512
[146] [     4342222] 1 | True  True 00 (  838,  634)   5   725  1564
[147] [     4352241] 1 | True  True 00 (  827,  620)   4   680  1548
[148] [     4362246] 1 | True  True 00 (  816,  604)   4   718  1352
[149] [     4372244] 1 | True  True 00 (  807,  585)   4   809  1400
[150] [     4382262] 1 | True  True 00 (  802,  568)   4   712  1400
[151] [     4392265] 1 | True  True 00 (  797,  550)   3   701  1724
[152] [     4402281] 1 | True  True 00 (  793,  532)   4   703  1652
[153] [     4412292] 1 | True  True 00 (  792,  514)   4   639  1364
[154] [     4422289] 1 | True  True 00 (  789,  497)   4   865  1472
[155] [     4432308] 1 | True  True 00 (  788,  477)   4   698  1192
[156] [     4442307] 1 | True  True 00 (  787,  459)   4   799  1468
[157] [     4452306] 1 | True  True 00 (  786,  439)   3   665  1704
[158] [     4462326] 1 | True  True 00 (  786,  421)   3   650  1744
[159] [     4472328] 1 | True  True 00 (  787,  404)   4   753  1704
[160] [     4482324] 1 | True  True 00 (  789,  388)   5   810  1468
[161] [     4492348] 1 | True  True 00 (  791,  371)   4   771  1228
[162] [     4502349] 1 | True  True 00 (  795,  354)   5   799  1384
[163] [     4512350] 1 | True  True 00 (  801,  338)   4   764  1476
[164] [     4522364] 1 | True  True 00 (  810,  323)   5   750  1404
[165] [     4532384] 1 | True  True 00 (  820,  307)   4   722  1256
[166] [     4542386] 1 | True  True 00 (  832,  291)   4   741  1112
[167] [     4552408] 1 | True  True 00 (  843,  277)   4   731   992
[168] [     4562411] 1 | True  True 00 (  854,  263)   4   729  1028
[169] [     4572410] 1 | True  True 00 (  865,  248)   4   750  1116
[170] [     4582432] 1 | True  True 00 (  876,  235)   4   749  1400
[171] [     4592430] 1 | True  True 00 (  888,  221)   4   730  1452
[172] [     4602449] 1 | True  True 00 (  904,  209)   4   731  1400
[173] [     4612453] 1 | True  True 00 (  919,  198)   4   722  1312
[174] [     4622468] 1 | True  True 00 (  934,  187)   4   729  1268
[175] [     4632491] 1 | True  True 00 (  951,  177)   5   764  1532
[176] [     4642488] 1 | True  True 00 (  966,  169)   4   712  1552
[177] [     4652514] 1 | True  True 00 (  982,  161)   3   635  1640
[178] [     4662512] 1 | True  True 00 (  997,  153)   4   707  1392
[179] [     4672533] 1 | True  True 00 ( 1015,  148)   4   730  1180
[180] [     4682537] 1 | True  True 00 ( 1034,  144)   4   759  1044
[181] [     4692534] 1 | True  True 00 ( 1052,  140)   4   748  1188
[182] [     4702532] 1 | True  True 00 ( 1068,  137)   4   794  1404
[183] [     4712535] 1 | True  True 00 ( 1081,  135)   4   794  1492
[184] [     4722552] 1 | True  True 00 ( 1091,  134)   4   754  1476
[185] [     4732552] 1 | True  True 00 ( 1097,  133)   4   809  1548
[186] [     4742552] 1 | True  True 00 ( 1101,  132)   4   773  1440
[187] [     4752552] 1 | True  True 00 ( 1103,  132)   4   772  1456
[188] [     4762551] 1 |False  True 00 ( 1103,  132)   4   772  1456
[189] [     4772571] 0 
