[120] [    11129887]   0-None                     (    0)
[121] [    11139829]   0-None                     (    0)
[122] [    11149763]   0-None                     (    0)
[123] [    11159717]   0-None                     (    0)
[124] [    11169655]   0-None                     (    0)
[125] [    11179594]   0-None                     (    0)
[126] [    11189534]   0-None                     (    0)
[127] [    11199467]   0-None                     (    0)
[128] [    11209407]   0-None                     (    0)
[129] [    11219359]   0-None                     (    0)
[130] [    11229278]   0-None                     (    0)
[131] [    11239213]   0-None                     (    0)
[132] [    11249147]   0-None                     (    0)
[133] [    11259088]   0-None                     (    0)
[134] [    11269022]   0-None                     (    0)
[135] [    11278963]   0-None                     (    0)
[136] [    11288897]   0-None                     (    0)
[137] [    11298837]   0-None                     (    0)
[138] [    11308772]   0-None                     (    0)
[139] [    11318712]   0-None                     (    0)
[140] [    11328647]   0-None                     (    0)
[141] [    11338587]   0-None                     (    0)
[142] [    11348522]   0-None                     (    0)
[143] [    11358456]   0-None                     (    0)
[144] [    11368398]   0-None                     (    0)
[145] [    11378334]   0-None                     (    0)
[146] [    11388269]   0-None                     (    0)
[147] [    11398211]   0-None                     (    0)
[148] [    11408145]   0-None                     (    0)
[149] [    11418085]   0-None                     (    0)
[150] [    11428020]   0-None                     (    0)
[151] [    11437940]   0-None                     (    0)
[152] [    11447873]   0-None                     (    0)
[153] [    11457810]   0-None                     (    0)
[154] [    11467747]   0-None                     (    0)
[155] [    11477684]   0-None                     (    0)
[156] [    11487601]   0-None                     (    0)
[157] [    11497540]   0-None                     (    0)
[158] [    11507479]   0-None                     (    0)
[159] [    11517420]   0-None                     (    0)
[160] [    11527354]   0-None                     (    0)
[161] [    11537273]   0-None                     (    0)
[162] [    11547222]   0-None                     (    0)
[163] [    11557144]   0-None                     (    0)
[164] [    11567079]   0-None                     (    0)
[165] [    11577022]   0-None                     (    0)
[166] [    11586937]   0-None                     (    0)
[167] [    11596876]   0-None                     (    0)
[168] [    11606791]   0-None                     (    0)
[169] [    11616728]   0-None                     (    0)
[170] [    11626661]   0-None                     (    0)
[171] [    11636582]   0-None                     (    0)
[172] [    11646537]   0-None                     (    0)
[173] [    11656457]   0-None                     (    0)
[174] [    11666411]   0-None                     (    0)
[175] [    11676332]   0-None                     (    0)
[176] [    11686267]   0-None                     (    0)
[177] [    11696207]   0-None                     (    0)
[178] [    11706142]   0-None                     (    0)
[179] [    11716075]   0-None                     (    0)
[180] [    11726018]   0-None                     (    0)
[181] [    11735953]   0-None                     (    0)
[182] [    11745868]   0-None                     (    0)
[183] [    11755806]   0-None                     (    0)
[184] [    11765744]   0-None                     (    0)
[185] [    11775661]   0-None                     (    0)
[186] [    11785600]   0-None                     (    0)
[187] [    11795538]   0-None                     (    0)
[188] [    11805472]   0-None                     (    0)
[189] [    11815411]   0-None                     (    0)
[190] [    11825333]   0-None                     (    0)
[191] [    11835269]   0-None                     (    0)
[192] [    11845203]   0-None                     (    0)
[193] [    11855140]   0-None                     (    0)
[194] [    11865072]   0-None                     (    0)
[195] [    11875016]   0-None                     (    0)
[196] [    11884951]   0-None                     (    0)
[197] [    11894887]   0-None                     (    0)
[198] [    11904829]   0-None                     (    0)
[199] [    11914763]   0-None                     (    0)
[200] [    11924704]   0-None                     (    0)
[201] [    11934638]   0-None                     (    0)
[202] [    11944578]   0-None                     (    0)
[203] [    11954513]   0-None                     (    0)
[204] [    11964453]   0-None                     (    0)
[205] [    11974388]   0-None                     (    0)
[206] [    11984328]   0-None                     (    0)
[207] [    11994262]   0-None                     (    0)
[208] [    12004203]   0-None                     (    0)
[209] [    12014137]   0-None                     (    0)
[210] [    12024058]   0-None                     (    0)
[211] [    12034011]   0-None                     (    0)
[212] [    12043952]   0-None                     (    0)
[213] [    12053887]   0-None                     (    0)
[214] [    12063807]   0-None                     (    0)
[215] [    12073761]   0-None                     (    0)
[216] [    12083682]   0-None                     (    0)
[217] [    12093619]   0-None                     (    0)
[218] [    12103557]   0-None                     (    0)
[219] [    12113495]   0-None                     (    0)
[220] [    12123426]   0-None                     (    0)
[221] [    12133363]   0-None                     (    0)
[222] [    12143306]   0-None                     (    0)
[223] [    12153224]   0-None                     (    0)
[224] [    12163175]   0-None                     (    0)
[225] [    12173113]   0-None                     (    0)
[226] [    12183050]   0-None                     (    0)
[227] [    12192968]   0-None                     (    0)
[228] [    12202908]   0-None                     (    0)
[229] [    12212844]   0-None                     (    0)
[230] [    12222785]   0-None                     (    0)
[231] [    12232702]   0-None                     (    0)
[232] [    12242638]   0-None                     (    0)
[233] [    12252574]   0-None                     (    0)
[234] [    12262509]   0-None                     (    0)
[235] [    12272429]   0-None                     (    0)
[236] [    12282361]   0-None                     (    0)
[237] [    12292299]   0-None                     (    0)
[238] [    12302237]   0-None                     (    0)
[239] [    12312172]   0-None                     (    0)
[240] [    12322091]   0-None                     (    0)
[241] [    12332031]   0-None                     (    0)
[242] [    12341968]   0-None                     (    0)
[243] [    12351888]   0-None                     (    0)
[244] [    12361803]   0-None                     (    0)
[245] [    12371735]   0-None                     (    0)
[246] [    12381672]   0-None                     (    0)
[247] [    12391611]   0-None                     (    0)
[248] [    12401551]   0-None                     (    0)
[249] [    12411467]   0-None                     (    0)
[250] [    12421405]   0-None                     (    0)
[251] [    12431345]   0-None                     (    0)
[252] [    12441277]   0-None                     (    0)
[253] [    12451200]   0-None                     (    0)
[254] [    12461135]   0-None                     (    0)
[255] [    12471068]   0-None                     (    0)
[  0] [    12481005]   0-None                     (    0)
[  1] [    12490926]   0-None                     (    0)
[  2] [    12500838]   0-None                     (    0)
[  3] [    12510779]   0-None                     (    0)
[  4] [    12520715]   0-None                     (    0)
[  5] [    12530649]   0-None                     (    0)
[  6] [    12540570]   0-None                     (    0)
[  7] [    12550504]   0-None                     (    0)
[  8] [    12560425]   0-None                     (    0)
[  9] [    12570357]   0-None                     (    0)
[ 10] [    12580273]   0-None                     (    0)
[ 11] [    12590214]   0-None                     (    0)
[ 12] [    12600128]   0-None                     (    0)
[ 13] [    12610069]   0-None                     (    0)
[ 14] [    12620004]   0-None                     (    0)
[ 15] [    12629924]   0-None                     (    0)
[ 16] [    12639855]   0-None                     (    0)
[ 17] [    12649792]   0-None                     (    0)
[ 18] [    12659711]   0-None                     (    0)
[ 19] [    12669652]   0-None                     (    0)
[ 20] [    12679568]   0-None                     (    0)
[ 21] [    12689503]   0-None                     (    0)
[ 22] [    12699423]   0-None                     (    0)
[ 23] [    12709362]   0-None                     (    0)
[ 24] [    12719292]   0-None                     (    0)
[ 25] [    12729210]   0-None                     (    0)
[ 26] [    12739132]   0-None                     (    0)
[ 27] [    12749065]   0-None                     (    0)
[ 28] [    12758986]   0-None                     (    0)
[ 29] [    12768920]   0-None                     (    0)
[ 30] [    12778841]   0-None                     (    0)
[ 31] [    12788772]   0-None                     (    0)
[ 32] [    12798693]   0-None                     (    0)
[ 33] [    12808627]   0-None                     (    0)
[ 34] [    12818566]   0-None                     (    0)
[ 35] [    12828479]   0-None                     (    0)
[ 36] [    12838416]   0-None                     (    0)
[ 37] [    12848354]   0-None                     (    0)
[ 38] [    12858291]   0-None                     (    0)
[ 39] [    12868209]   0-None                     (    0)
[ 40] [    12878148]   0-None                     (    0)
[ 41] [    12888065]   0-None                     (    0)
[ 42] [    12897999]   0-None                     (    0)
[ 43] [    12907940]   0-None                     (    0)
[ 44] [    12917875]   0-None                     (    0)
[ 45] [    12927815]   0-None                     (    0)
[ 46] [    12937750]   0-None                     (    0)
[ 47] [    12947670]   0-None                     (    0)
[ 48] [    12957624]   0-None                     (    0)
[ 49] [    12967545]   0-None                     (    0)
[ 50] [    12977477]   0-None                     (    0)
[ 51] [    12987414]   0-None                     (    0)
[ 52] [    12997352]   0-None                     (    0)
[ 53] [    13007267]   0-None                     (    0)
[ 54] [    13017209]   0-None                     (    0)
[ 55] [    13027148]   0-None                     (    0)
[ 56] [    13037061]   0-None                     (    0)
[ 57] [    13046998]   0-None                     (    0)
[ 58] [    13056932]   0-None                     (    0)
[ 59] [    13066853]   0-None                     (    0)
[ 60] [    13076787]   0-None                     (    0)
[ 61] [    13086725]   0-None                     (    0)
[ 62] [    13096661]   0-None                     (    0)
[ 63] [    13106580]   0-None                     (    0)
[ 64] [    13116520]   0-None                     (    0)
[ 65] [    13126436]   0-None                     (    0)
[ 66] [    13136378]   0-None                     (    0)
[ 67] [    13146292]   0-None                     (    0)
[ 68] [    13156225]   0-None                     (    0)
[ 69] [    13166162]   0-None                     (    0)
[ 70] [    13176099]   0-None                     (    0)
[ 71] [    13186016]   0-None                     (    0)
[ 72] [    13195956]   0-None                     (    0)
[ 73] [    13205890]   0-None                     (    0)
[ 74] [    13215811]   0-None                     (    0)
[ 75] [    13225745]   0-None                     (    0)
[ 76] [    13235666]   0-None                     (    0)
[ 77] [    13245598]   0-None                     (    0)
[ 78] [    13255535]   0-None                     (    0)
[ 79] [    13265453]   0-None                     (    0)
[ 80] [    13275393]   0-None                     (    0)
[ 81] [    13285310]   0-None                     (    0)
[ 82] [    13295244]   0-None                     (    0)
[ 83] [    13305165]   0-None                     (    0)
[ 84] [    13315080]   0-None                     (    0)
[ 85] [    13325018]   0-None                     (    0)
[ 86] [    13334932]   0-None                     (    0)
[ 87] [    13344868]   0-None                     (    0)
[ 88] [    13354802]   0-None                     (    0)
[ 89] [    13364744]   0-None                     (    0)
[ 90] [    13374657]   0-None                     (    0)
[ 91] [    13384601]   0-None                     (    0)
[ 92] [    13394516]   0-None                     (    0)
[ 93] [    13404453]   0-None                     (    0)
[ 94] [    13414394]   0-None                     (    0)
[ 95] [    13424329]   0-None                     (    0)
[ 96] [    13434242]   0-None                     (    0)
[ 97] [    13444183]   0-None                     (    0)
[ 98] [    13454117]   0-None                     (    0)
[ 99] [    13464038]   0-None                     (    0)
[100] [    13473970]   0-None                     (    0)
[101] [    13483907]   0-None                     (    0)
[102] [    13493844]   0-None                     (    0)
[103] [    13503762]   0-None                     (    0)
[104] [    13513702]   0-None                     (    0)
[105] [    13523622]   0-None                     (    0)
[106] [    13533557]   0-None                     (    0)
[107] [    13543491]   0-None                     (    0)
[108] [    13553412]   0-None                     (    0)
[109] [    13563344]   0-None                     (    0)
[110] [    13573280]   0-None                     (    0)
[111] [    13583199]   0-None                     (    0)
[112] [    13593139]   0-None                     (    0)
[113] [    13603075]   0-None                     (    0)
[114] [    13613009]   0-None                     (    0)
[115] [    13622950]   0-None                     (    0)
[116] [    13632869]   0-None                     (    0)
[117] [    13642805]   0-None                     (    0)
[118] [    13652739]   0-None                     (    0)
[119] [    13662673]   0-None                     (    0)
[120] [    13672597]   0-None                     (    0)
[121] [    13682532]   0-None                     (    0)
[122] [    13692472]   0-None                     (    0)
[123] [    13702407]   0-None                     (    0)
[124] [    13712323]   0-None                     (    0)
[125] [    13722264]   0-None                     (    0)
[126] [    13732200]   0-None                     (    0)
[127] [    13742132]   0-None                     (    0)
[128] [    13752053]   0-None                     (    0)
[129] [    13761987]   0-None                     (    0)
[130] [    13771909]   0-None                     (    0)
[131] [    13781841]   0-None                     (    0)
[132] [    13791778]   0-None                     (    0)
[133] [    13801716]   0-None                     (    0)
[134] [    13811652]   0-None                     (    0)
[135] [    13821591]   0-None                     (    0)
[136] [    13831526]   0-None                     (    0)
[137] [    13841464]   0-None                     (    0)
[138] [    13851402]   0-None                     (    0)
[139] [    13861319]   0-None                     (    0)
[140] [    13871260]   0-None                     (    0)
[141] [    13881196]   0-None                     (    0)
[142] [    13891137]   0-None                     (    0)
[143] [    13901054]   0-None                     (    0)
[144] [    13910991]   0-None                     (    0)
[145] [    13920926]   0-None                     (    0)
[146] [    13930861]   0-None                     (    0)
[147] [    13940798]   0-None                     (    0)
[148] [    13950742]   0-None                     (    0)
[149] [    13960674]   0-None                     (    0)
[150] [    13970617]   0-None                     (    0)
[151] [    13980544]   0-None                     (    0)
[152] [    13990487]   0-None                     (    0)
[153] [    14000421]   0-None                     (    0)
[154] [    14010344]   0-None                     (    0)
[155] [    14020278]   0-None                     (    0)
[156] [    14030194]   0-None                     (    0)
[157] [    14040128]   0-None                     (    0)
[158] [    14050069]   0-None                     (    0)
[159] [    14059990]   0-None                     (    0)
[160] [    14069925]   0-None                     (    0)
[161] [    14079859]   0-None                     (    0)
[162] [    14089799]   0-None                     (    0)
[163] [    14099734]   0-None                     (    0)
[164] [    14109674]   0-None                     (    0)
[165] [    14119608]   0-None                     (    0)
[166] [    14129549]   0-None                     (    0)
[167] [    14139483]   0-None                     (    0)
[168] [    14149403]   0-None                     (    0)
[169] [    14159342]   0-None                     (    0)
[170] [    14169276]   0-None                     (    0)
[171] [    14179215]   0-None                     (    0)
[172] [    14189151]   0-None                     (    0)
[173] [    14199087]   0-None                     (    0)
[174] [    14209024]   0-None                     (    0)
[175] [    14218963]   0-None                     (    0)
[176] [    14228921]   0-None                     (    0)
[177] [    14238856]   0-None                     (    0)
[178] [    14248777]   0-None                     (    0)
[179] [    14258714]   0-None                     (    0)
[180] [    14268649]   0-None                     (    0)
[181] [    14278588]   0-None                     (    0)
[182] [    14288523]   0-None                     (    0)
[183] [    14298462]   0-None                     (    0)
[184] [    14308378]   0-None                     (    0)
[185] [    14318334]   0-None                     (    0)
[186] [    14328250]   0-None                     (    0)
[187] [    14338190]   0-None                     (    0)
[188] [    14348131]   0-None                     (    0)
[189] [    14358047]   0-None                     (    0)
[190] [    14367981]   0-None                     (    0)
[191] [    14377935]   0-None                     (    0)
[192] [    14387856]   0-None                     (    0)
[193] [    14397791]   0-None                     (    0)
[194] [    14407712]   0-None                     (    0)
[195] [    14417648]   0-None                     (    0)
[196] [    14427584]   0-None                     (    0)
[197] [    14437501]   0-None                     (    0)
[198] [    14447442]   0-None                     (    0)
[199] [    14457374]   0-None                     (    0)
[200] [    14467293]   0-None                     (    0)
[201] [    14477228]   0-None                     (    0)
[202] [    14487169]   0-None                     (    0)
[203] [    14497103]   0-None                     (    0)
[204] [    14507044]   0-None                     (    0)
[205] [    14516978]   0-None                     (    0)
[206] [    14526918]   0-None                     (    0)
[207] [    14536873]   0-None                     (    0)
[208] [    14546795]   0-None                     (    0)
[209] [    14556749]   0-None                     (    0)
[210] [    14566670]   0-None                     (    0)
[211] [    14576625]   0-None                     (    0)
[212] [    14586560]   0-None                     (    0)
[213] [    14596480]   0-None                     (    0)
[214] [    14606413]   0-None                     (    0)
[215] [    14616357]   0-None                     (    0)
[216] [    14626291]   0-None                     (    0)
[217] [    14636225]   0-None                     (    0)
[218] [    14646166]   0-None                     (    0)
[219] [    14656100]   0-None                     (    0)
[220] [    14666041]   0-None                     (    0)
[221] [    14675995]   0-None                     (    0)
[222] [    14685936]   0-None                     (    0)
[223] [    14695876]   0-None                     (    0)
[224] [    14705812]   0-None                     (    0)
[225] [    14715744]   0-None                     (    0)
[226] [    14725685]   0-None                     (    0)
[227] [    14735626]   0-None                     (    0)
[228] [    14745582]   0-None                     (    0)
[229] [    14755517]   0-None                     (    0)
[230] [    14765453]   0-None                     (    0)
[231] [    14775390]   0-None                     (    0)
[232] [    14785348]   0-None                     (    0)
[233] [    14795289]   0-None                     (    0)
[234] [    14805224]   0-None                     (    0)
[235] [    14815164]   0-None                     (    0)
[236] [    14825118]   0-None                     (    0)
[237] [    14835058]   0-None                     (    0)
[238] [    14844995]   0-None                     (    0)
[239] [    14854938]   0-None                     (    0)
[240] [    14864868]   0-None                     (    0)
[241] [    14874809]   0-None                     (    0)
[242] [    14884743]   0-None                     (    0)
[243] [    14894704]   0-None                     (    0)
[244] [    14904638]   0-None                     (    0)
[245] [    14914574]   0-None                     (    0)
[246] [    14924512]   0-None                     (    0)
[247] [    14934472]   0-None                     (    0)
[248] [    14944412]   0-None                     (    0)
[249] [    14954346]   0-None                     (    0)
[250] [    14964307]   0-None                     (    0)
[251] [    14974247]   0-None                     (    0)
[252] [    14984203]   0-None                     (    0)
[253] [    14994139]   0-None                     (    0)
[254] [    15004075]   0-None                     (    0)
[255] [    15014030]   0-None                     (    0)
[  0] [    15023973]   0-None                     (    0)
[  1] [    15033908]   0-None                     (    0)
[  2] [    15043870]   0-None                     (    0)
[  3] [    15053808]   0-None                     (    0)
[  4] [    15063740]   0-None                     (    0)
[  5] [    15073680]   0-None                     (    0)
[  6] [    15083621]   0-None                     (    0)
[  7] [    15093557]   0-None                     (    0)
[  8] [    15103508]   0-None                     (    0)
[  9] [    15113454]   0-None                     (    0)
[ 10] [    15123387]   0-None                     (    0)
[ 11] [    15133325]   0-None                     (    0)
[ 12] [    15143283]   0-None                     (    0)
[ 13] [    15153218]   0-None                     (    0)
[ 14] [    15163174]   0-None                     (    0)
[ 15] [    15173115]   0-None                     (    0)
[ 16] [    15183056]   0-None                     (    0)
[ 17] [    15192991]   0-None                     (    0)
[ 18] [    15202932]   0-None                     (    0)
[ 19] [    15212883]   0-None                     (    0)
[ 20] [    15222821]   0-None                     (    0)
[ 21] [    15232757]   0-None                     (    0)
[ 22] [    15242717]   0-None                     (    0)
[ 23] [    15252658]   0-None                     (    0)
[ 24] [    15262593]   0-None                     (    0)
[ 25] [    15272533]   0-None                     (    0)
[ 26] [    15282467]   0-None                     (    0)
[ 27] [    15292408]   0-None                     (    0)
[ 28] [    15302362]   0-None                     (    0)
[ 29] [    15312302]   0-None                     (    0)
[ 30] [    15322255]   0-None                     (    0)
[ 31] [    15332194]   0-None                     (    0)
[ 32] [    15342152]   0-None                     (    0)
[ 33] [    15352095]   0-None                     (    0)
[ 34] [    15362029]   0-None                     (    0)
[ 35] [    15371992]   0-None                     (    0)
[ 36] [    15381928]   0-None                     (    0)
[ 37] [    15391860]   0-None                     (    0)
[ 38] [    15401800]   0-None                     (    0)
[ 39] [    15411741]   0-None                     (    0)
[ 40] [    15421698]   0-None                     (    0)
[ 41] [    15431633]   0-None                     (    0)
[ 42] [    15441571]   0-None                     (    0)
[ 43] [    15451508]   0-None                     (    0)
[ 44] [    15461448]   0-None                     (    0)
[ 45] [    15471386]   0-None                     (    0)
[ 46] [    15481345]   0-None                     (    0)
[ 47] [    15491278]   0-None                     (    0)
[ 48] [    15501240]   0-None                     (    0)
[ 49] [    15511171]   0-None                     (    0)
[ 50] [    15521132]   0-None                     (    0)
[ 51] [    15531068]   0-None                     (    0)
[ 52] [    15541024]   0-None                     (    0)
[ 53] [    15550966]   0-None                     (    0)
[ 54] [    15560921]   0-None                     (    0)
[ 55] [    15570861]   0-None                     (    0)
[ 56] [    15580801]   0-None                     (    0)
[ 57] [    15590752]   0-None                     (    0)
[ 58] [    15600691]   0-None                     (    0)
[ 59] [    15610627]   0-None                     (    0)
[ 60] [    15620588]   0-None                     (    0)
[ 61] [    15630528]   0-None                     (    0)
[ 62] [    15640482]   0-None                     (    0)
[ 63] [    15650422]   0-None                     (    0)
[ 64] [    15660363]   0-None                     (    0)
[ 65] [    15670319]   0-None                     (    0)
[ 66] [    15680274]   0-None                     (    0)
[ 67] [    15690217]   0-None                     (    0)
[ 68] [    15700172]   0-None                     (    0)
[ 69] [    15710105]   0-None                     (    0)
[ 70] [    15720046]   0-None                     (    0)
[ 71] [    15729987]   0-None                     (    0)
[ 72] [    15739923]   0-None                     (    0)
[ 73] [    15749875]   0-None                     (    0)
[ 74] [    15759821]   0-None                     (    0)
[ 75] [    15769749]   0-None                     (    0)
[ 76] [    15779695]   0-None                     (    0)
[ 77] [    15789644]   0-None                     (    0)
[ 78] [    15799586]   0-None                     (    0)
[ 79] [    15809519]   0-None                     (    0)
[ 80] [    15819463]   0-None                     (    0)
[ 81] [    15829397]   0-None                     (    0)
[ 82] [    15839340]   0-None                     (    0)
[ 83] [    15849275]   0-None                     (    0)
[ 84] [    15859209]   0-None                     (    0)
[ 85] [    15869150]   0-None                     (    0)
[ 86] [    15879104]   0-None                     (    0)
[ 87] [    15889043]   0-None                     (    0)
[ 88] [    15898985]   0-None                     (    0)
[ 89] [    15908921]   0-None                     (    0)
[ 90] [    15918853]   0-None                     (    0)
[ 91] [    15928793]   0-None                     (    0)
[ 92] [    15938754]   0-None                     (    0)
[ 93] [    15948687]   0-None                     (    0)
[ 94] [    15958622]   0-None                     (    0)
[ 95] [    15968567]   0-None                     (    0)
[ 96] [    15978501]   0-None                     (    0)
[ 97] [    15988438]   0-None                     (    0)
[ 98] [    15998395]   0-None                     (    0)
[ 99] [    16008338]   0-None                     (    0)
[100] [    16018272]   0-None                     (    0)
[101] [    16028227]   0-None                     (    0)
[102] [    16038147]   0-None                     (    0)
[103] [    16048081]   0-None                     (    0)
[104] [    16058041]   0-None                     (    0)
[105] [    16067979]   0-None                     (    0)
[106] [    16077914]   0-None                     (    0)
[107] [    16087854]   0-None                     (    0)
[108] [    16097795]   0-None                     (    0)
[109] [    16107728]   0-None                     (    0)
[110] [    16117669]   0-None                     (    0)
[111] [    16127620]   0-None                     (    0)
[112] [    16137558]   0-None                     (    0)
[113] [    16147514]   0-None                     (    0)
[114] [    16157456]   0-None                     (    0)
[115] [    16167396]   0-None                     (    0)
[116] [    16177330]   0-None                     (    0)
[117] [    16187271]   0-None                     (    0)
[118] [    16197225]   0-None                     (    0)
[119] [    16207165]   0-None                     (    0)
[120] [    16217085]   0-None                     (    0)
[121] [    16227019]   0-None                     (    0)
[122] [    16236974]   0-None                     (    0)
[123] [    16246914]   0-None                     (    0)
[124] [    16256855]   0-None                     (    0)
[125] [    16266791]   0-None                     (    0)
[126] [    16276723]   0-None                     (    0)
[127] [    16286664]   0-None                     (    0)
[128] [    16296604]   0-None                     (    0)
[129] [    16306561]   0-None                     (    0)
[130] [    16316496]   0-None                     (    0)
[131] [    16326432]   0-None                     (    0)
[132] [    16336375]   0-None                     (    0)
[133] [    16346306]   0-None                     (    0)
[134] [    16356261]   0-None                     (    0)
[135] [    16366184]   0-None                     (    0)
[136] [    16376139]   0-None                     (    0)
[137] [    16386082]   0-None                     (    0)
[138] [    16396011]   0-None                     (    0)
[139] [    16405954]   0-None                     (    0)
[140] [    16415889]   0-None                     (    0)
[141] [    16425832]   0-None                     (    0)
[142] [    16435784]   0-None                     (    0)
[143] [    16445724]   0-None                     (    0)
[144] [    16455665]   0-None                     (    0)
[145] [    16465617]   0-None                     (    0)
[146] [    16475555]   0-None                     (    0)
[147] [    16485491]   0-None                     (    0)
[148] [    16495429]   0-None                     (    0)
[149] [    16505372]   0-None                     (    0)
[150] [    16515325]   0-None                     (    0)
[151] [    16525266]   0-None                     (    0)
[152] [    16535200]   0-None                     (    0)
[153] [    16545141]   0-None                     (    0)
[154] [    16555095]   0-None                     (    0)
[155] [    16565014]   0-None                     (    0)
[156] [    16574969]   0-None                     (    0)
[157] [    16584890]   0-None                     (    0)
[158] [    16594844]   0-None                     (    0)
[159] [    16604784]   0-None                     (    0)
[160] [    16614724]   0-None                     (    0)
[161] [    16624661]   0-None                     (    0)
[162] [    16634593]   0-None                     (    0)
[163] [    16644534]   0-None                     (    0)
[164] [    16654474]   0-None                     (    0)
[165] [    16664409]   0-None                     (    0)
[166] [    16674345]   0-None                     (    0)
[167] [    16684287]   0-None                     (    0)
[168] [    16694238]   0-None                     (    0)
[169] [    16704175]   0-None                     (    0)
[170] [    16714117]   0-None                     (    0)
[171] [    16724056]   0-None                     (    0)
[172] [    16733991]   0-None                     (    0)
[173] [    16743928]   0-None                     (    0)
[174] [    16753864]   0-None                     (    0)
[175] [    16763801]   0-None                     (    0)
[176] [    16773736]   0-None                     (    0)
[177] [    16783661]   0-None                     (    0)
[178] [    16793593]   0-None                     (    0)
[179] [    16803533]   0-None                     (    0)
[180] [    16813465]   0-None                     (    0)
[181] [    16823406]   0-None                     (    0)
[182] [    16833327]   0-None                     (    0)
[183] [    16843261]   0-None                     (    0)
[184] [    16853195]   0-None                     (    0)
[185] [    16863136]   0-None                     (    0)
[186] [    16873071]   0-None                     (    0)
[187] [    16882991]   0-None                     (    0)
[188] [    16892929]   0-None                     (    0)
[189] [    16902863]   0-None                     (    0)
[190] [    16912820]   0-None                     (    0)
[191] [    16922760]   0-None                     (    0)
[192] [    16932694]   0-None                     (    0)
[193] [    16942634]   0-None                     (    0)
[194] [    16952569]   0-None                     (    0)
[195] [    16962490]   0-None                     (    0)
[196] [    16972448]   0-None                     (    0)
[197] [    16982381]   0-None                     (    0)
[198] [    16992324]   0-None                     (    0)
[199] [    17002252]   0-None                     (    0)
[200] [    17012194]   0-None                     (    0)
[201] [    17022129]   0-None                     (    0)
[202] [    17032071]   0-None                     (    0)
[203] [    17042024]   0-None                     (    0)
[204] [    17051965]   0-None                     (    0)
[205] [    17061887]   0-None                     (    0)
[206] [    17071822]   0-None                     (    0)
[207] [    17081758]   0-None                     (    0)
[208] [    17091712]   0-None                     (    0)
[209] [    17101632]   0-None                     (    0)
[210] [    17111567]   0-None                     (    0)
[211] [    17121508]   0-None                     (    0)
[212] [    17131462]   0-None                     (    0)
[213] [    17141382]   0-None                     (    0)
[214] [    17151324]   0-None                     (    0)
[215] [    17161258]   0-None                     (    0)
[216] [    17171191]   0-None                     (    0)
[217] [    17181132]   0-None                     (    0)
[218] [    17191066]   0-None                     (    0)
[219] [    17201005]   0-None                     (    0)
[220] [    17210947]   0-None                     (    0)
[221] [    17220881]   0-None                     (    0)
[222] [    17230815]   0-None                     (    0)
[223] [    17240756]   0-None                     (    0)
[224] [    17250690]   0-None                     (    0)
[225] [    17260631]   0-None                     (    0)
[226] [    17270565]   0-None                     (    0)
[227] [    17280505]   0-None                     (    0)
[228] [    17290440]   0-None                     (    0)
[229] [    17300396]   0-None                     (    0)
[230] [    17310337]   0-None                     (    0)
[231] [    17320279]   0-None                     (    0)
[232] [    17330213]   0-None                     (    0)
[233] [    17340153]   0-None                     (    0)
[234] [    17350103]   0-None                     (    0)
[235] [    17360042]   0-None                     (    0)
[236] [    17369978]   0-None                     (    0)
[237] [    17379903]   0-None                     (    0)
[238] [    17389855]   0-None                     (    0)
[239] [    17399792]   0-None                     (    0)
[240] [    17409749]   0-None                     (    0)
[241] [    17419691]   0-None                     (    0)
[242] [    17429626]   0-None                     (    0)
[243] [    17439569]   0-None                     (    0)
[244] [    17449503]   0-None                     (    0)
[245] [    17459457]   0-None                     (    0)
[246] [    17469377]   0-None                     (    0)
[247] [    17479319]   0-None                     (    0)
[248] [    17489253]   0-None                     (    0)
[249] [    17499207]   0-None                     (    0)
[250] [    17509147]   0-None                     (    0)
[251] [    17519088]   0-None                     (    0)
[252] [    17529024]   0-None                     (    0)
[253] [    17538956]   0-None                     (    0)
[254] [    17548896]   0-None                     (    0)
[255] [    17558830]   0-None                     (    0)
[  0] [    17568771]   0-None                     (    0)
[  1] [    17578705]   0-None                     (    0)
[  2] [    17588646]   0-None                     (    0)
[  3] [    17598585]   0-None                     (    0)
[  4] [    17608519]   0-None                     (    0)
[  5] [    17618460]   0-None                     (    0)
[  6] [    17628394]   0-None                     (    0)
[  7] [    17638334]   0-None                     (    0)
[  8] [    17648255]   0-None                     (    0)
[  9] [    17658189]   0-None                     (    0)
[ 10] [    17668143]   0-None                     (    0)
[ 11] [    17678083]   0-None                     (    0)
[ 12] [    17688020]   0-None                     (    0)
[ 13] [    17697960]   0-None                     (    0)
[ 14] [    17707896]   0-None                     (    0)
[ 15] [    17717828]   0-None                     (    0)
[ 16] [    17727768]   0-None                     (    0)
[ 17] [    17737690]   0-None                     (    0)
[ 18] [    17747624]   0-None                     (    0)
[ 19] [    17757558]   0-None                     (    0)
[ 20] [    17767497]   0-None                     (    0)
[ 21] [    17777432]   0-None                     (    0)
[ 22] [    17787351]   0-None                     (    0)
[ 23] [    17797288]   0-None                     (    0)
[ 24] [    17807223]   0-None                     (    0)
[ 25] [    17817161]   0-None                     (    0)
[ 26] [    17827096]   0-None                     (    0)
[ 27] [    17837042]   0-None                     (    0)
[ 28] [    17846977]   0-None                     (    0)
[ 29] [    17856916]   0-None                     (    0)
[ 30] [    17866851]   0-None                     (    0)
[ 31] [    17876787]   0-None                     (    0)
[ 32] [    17886723]   0-None                     (    0)
[ 33] [    17896646]   0-None                     (    0)
[ 34] [    17906595]   0-None                     (    0)
[ 35] [    17916541]   0-None                     (    0)
[ 36] [    17926475]   0-None                     (    0)
[ 37] [    17936412]   0-None                     (    0)
[ 38] [    17946346]   0-None                     (    0)
[ 39] [    17956286]   0-None                     (    0)
[ 40] [    17966222]   0-None                     (    0)
[ 41] [    17976159]   0-None                     (    0)
[ 42] [    17986094]   0-None                     (    0)
[ 43] [    17996020]   0-None                     (    0)
[ 44] [    18005972]   0-None                     (    0)
[ 45] [    18015889]   0-None                     (    0)
[ 46] [    18025828]   0-None                     (    0)
[ 47] [    18035765]   0-None                     (    0)
[ 48] [    18045705]   0-None                     (    0)
[ 49] [    18055641]   0-None                     (    0)
[ 50] [    18065593]   0-None                     (    0)
[ 51] [    18075532]   0-None                     (    0)
[ 52] [    18085468]   0-None                     (    0)
[ 53] [    18095393]   0-None                     (    0)
[ 54] [    18105345]   0-None                     (    0)
[ 55] [    18115282]   0-None                     (    0)
[ 56] [    18125219]   0-None                     (    0)
[ 57] [    18135156]   0-None                     (    0)
[ 58] [    18145092]   0-None                     (    0)
[ 59] [    18155037]   0-None                     (    0)
[ 60] [    18164972]   0-None                     (    0)
[ 61] [    18174907]   0-None                     (    0)
[ 62] [    18184843]   0-None                     (    0)
[ 63] [    18194788]   0-None                     (    0)
[ 64] [    18204717]   0-None                     (    0)
[ 65] [    18214662]   0-None                     (    0)
[ 66] [    18224591]   0-None                     (    0)
[ 67] [    18234530]   0-None                     (    0)
[ 68] [    18244472]   0-None                     (    0)
[ 69] [    18254410]   0-None                     (    0)
[ 70] [    18264345]   0-None                     (    0)
[ 71] [    18274280]   0-None                     (    0)
[ 72] [    18284235]   0-None                     (    0)
[ 73] [    18294155]   0-None                     (    0)
[ 74] [    18304092]   0-None                     (    0)
[ 75] [    18314028]   0-None                     (    0)
[ 76] [    18323965]   0-None                     (    0)
[ 77] [    18333910]   0-None                     (    0)
[ 78] [    18343844]   0-None                     (    0)
[ 79] [    18353781]   0-None                     (    0)
[ 80] [    18363717]   0-None                     (    0)
[ 81] [    18373654]   0-None                     (    0)
[ 82] [    18383609]   0-None                     (    0)
[ 83] [    18393529]   0-None                     (    0)
[ 84] [    18403465]   0-None                     (    0)
[ 85] [    18413403]   0-None                     (    0)
[ 86] [    18423346]   0-None                     (    0)
[ 87] [    18433278]   0-None                     (    0)
[ 88] [    18443213]   0-None                     (    0)
[ 89] [    18453158]   0-None                     (    0)
[ 90] [    18463113]   0-None                     (    0)
[ 91] [    18473048]   0-None                     (    0)
[ 92] [    18482989]   0-None                     (    0)
[ 93] [    18492923]   0-None                     (    0)
[ 94] [    18502864]   0-None                     (    0)
[ 95] [    18512798]   0-None                     (    0)
[ 96] [    18522754]   0-None                     (    0)
[ 97] [    18532677]   0-None                     (    0)
[ 98] [    18542630]   0-None                     (    0)
[ 99] [    18552569]   0-None                     (    0)
[100] [    18562511]   0-None                     (    0)
[101] [    18572462]   0-None                     (    0)
[102] [    18582381]   0-None                     (    0)
[103] [    18592320]   0-None                     (    0)
[104] [    18602275]   0-None                     (    0)
[105] [    18612211]   0-None                     (    0)
[106] [    18622170]   0-None                     (    0)
[107] [    18632110]   0-None                     (    0)
[108] [    18642052]   0-None                     (    0)
[109] [    18652007]   0-None                     (    0)
[110] [    18661940]   0-None                     (    0)
[111] [    18671901]   0-None                     (    0)
[112] [    18681835]   0-None                     (    0)
[113] [    18691780]   0-None                     (    0)
[114] [    18701734]   0-None                     (    0)
[115] [    18711676]   0-None                     (    0)
[116] [    18721630]   0-None                     (    0)
[117] [    18731571]   0-None                     (    0)
[118] [    18741527]   0-None                     (    0)
[119] [    18751462]   0-None                     (    0)
[120] [    18761420]   0-None                     (    0)
[121] [    18771359]   0-None                     (    0)
[122] [    18781301]   0-None                     (    0)
[123] [    18791255]   0-None                     (    0)
[124] [    18801215]   0-None                     (    0)
[125] [    18811153]   0-None                     (    0)
[126] [    18821089]   0-None                     (    0)
[127] [    18831046]   0-None                     (    0)
[128] [    18840999]   0-None                     (    0)
[129] [    18850938]   0-None                     (    0)
[130] [    18860880]   0-None                     (    0)
[131] [    18870832]   0-None                     (    0)
[132] [    18880770]   0-None                     (    0)
[133] [    18890707]   0-None                     (    0)
[134] [    18900652]   0-None                     (    0)
[135] [    18910605]   0-None                     (    0)
[136] [    18920548]   0-None                     (    0)
[137] [    18930483]   0-None                     (    0)
[138] [    18940416]   0-None                     (    0)
[139] [    18950358]   0-None                     (    0)
[140] [    18960292]   0-None                     (    0)
[141] [    18970231]   0-None                     (    0)
[142] [    18980166]   0-None                     (    0)
[143] [    18990107]   0-None                     (    0)
[144] [    19000019]   0-None                     (    0)
[145] [    19009975]   0-None                     (    0)
[146] [    19019895]   0-None                     (    0)
[147] [    19029830]   0-None                     (    0)
[148] [    19039755]   0-None                     (    0)
[149] [    19049687]   0-None                     (    0)
[150] [    19059627]   0-None                     (    0)
[151] [    19069560]   0-None                     (    0)
[152] [    19079500]   0-None                     (    0)
[153] [    19089421]   0-None                     (    0)
[154] [    19099356]   0-None                     (    0)
[155] [    19109277]   0-None                     (    0)
[156] [    19119206]   0-None                     (    0)
[157] [    19129151]   0-None                     (    0)
[158] [    19139079]   0-None                     (    0)
[159] [    19149017]   0-None                     (    0)
[160] [    19158958]   0-None                     (    0)
[161] [    19168878]   0-None                     (    0)
[162] [    19178811]   0-None                     (    0)
[163] [    19188751]   0-None                     (    0)
[164] [    19198683]   0-None                     (    0)
[165] [    19208623]   0-None                     (    0)
[166] [    19218562]   0-None                     (    0)
[167] [    19228518]   0-None                     (    0)
[168] [    19238455]   0-None                     (    0)
[169] [    19248392]   0-None                     (    0)
[170] [    19258328]   0-None                     (    0)
[171] [    19268273]   0-None                     (    0)
[172] [    19278208]   0-None                     (    0)
[173] [    19288146]   0-None                     (    0)
[174] [    19298080]   0-None                     (    0)
[175] [    19308038]   0-None                     (    0)
[176] [    19317958]   0-None                     (    0)
[177] [    19327896]   0-None                     (    0)
[178] [    19337850]   0-None                     (    0)
[179] [    19347771]   0-None                     (    0)
[180] [    19357725]   0-None                     (    0)
[181] [    19367667]   0-None                     (    0)
[182] [    19377602]   0-None                     (    0)
[183] [    19387536]   0-None                     (    0)
[184] [    19397475]   0-None                     (    0)
[185] [    19407410]   0-None                     (    0)
[186] [    19417351]   0-None                     (    0)
[187] [    19427292]   0-None                     (    0)
[188] [    19437225]   0-None                     (    0)
[189] [    19447162]   0-None                     (    0)
[190] [    19457096]   0-None                     (    0)
[191] [    19467038]   0-None                     (    0)
[192] [    19476971]   0-None                     (    0)
[193] [    19486914]   0-None                     (    0)
[194] [    19496848]   0-None                     (    0)
[195] [    19506790]   0-None                     (    0)
[196] [    19516725]   0-None                     (    0)
[197] [    19526658]   0-None                     (    0)
[198] [    19536599]   0-None                     (    0)
[199] [    19546533]   0-None                     (    0)
[200] [    19556473]   0-None                     (    0)
[201] [    19566408]   0-None                     (    0)
[202] [    19576327]   0-None                     (    0)
[203] [    19586263]   0-None                     (    0)
[204] [    19596197]   0-None                     (    0)
[205] [    19606123]   0-None                     (    0)
[206] [    19616054]   0-None                     (    0)
[207] [    19625995]   0-None                     (    0)
[208] [    19635927]   0-None                     (    0)
[209] [    19645867]   0-None                     (    0)
[210] [    19655808]   0-None                     (    0)
[211] [    19665745]   0-None                     (    0)
[212] [    19675676]   0-None                     (    0)
[213] [    19685597]   0-None                     (    0)
[214] [    19695531]   0-None                     (    0)
[215] [    19705451]   0-None                     (    0)
[216] [    19715389]   0-None                     (    0)
[217] [    19725306]   0-None                     (    0)
[218] [    19735247]   0-None                     (    0)
[219] [    19745177]   0-None                     (    0)
[220] [    19755118]   0-None                     (    0)
[221] [    19765071]   0-None                     (    0)
[222] [    19775008]   0-None                     (    0)
[223] [    19784931]   0-None                     (    0)
[224] [    19794865]   0-None                     (    0)
[225] [    19804806]   0-None                     (    0)
[226] [    19814742]   0-None                     (    0)
[227] [    19824674]   0-None                     (    0)
[228] [    19834614]   0-None                     (    0)
[229] [    19844556]   0-None                     (    0)
[230] [    19854492]   0-None                     (    0)
[231] [    19864424]   0-None                     (    0)
[232] [    19874364]   0-None                     (    0)
[233] [    19884305]   0-None                     (    0)
[234] [    19894241]   0-None                     (    0)
[235] [    19904173]   0-None                     (    0)
[236] [    19914094]   0-None                     (    0)
[237] [    19924028]   0-None                     (    0)
[238] [    19933967]   0-None                     (    0)
[239] [    19943909]   0-None                     (    0)
[240] [    19953844]   0-None                     (    0)
[241] [    19963778]   0-None                     (    0)
[242] [    19973717]   0-None                     (    0)
[243] [    19983652]   0-None                     (    0)
[244] [    19993572]   0-None                     (    0)
[245] [    20003508]   0-None                     (    0)
[246] [    20013445]   0-None                     (    0)
[247] [    20023383]   0-None                     (    0)
[248] [    20033318]   0-None                     (    0)
[249] [    20043263]   0-None                     (    0)
[250] [    20053192]   0-None                     (    0)
[251] [    20063129]   0-None                     (    0)
[252] [    20073070]   0-None                     (    0)
[253] [    20083007]   0-None                     (    0)
[254] [    20092942]   0-None                     (    0)
[255] [    20102879]   0-None                     (    0)
[  0] [    20112815]   0-None                     (    0)
[  1] [    20122760]   0-None                     (    0)
[  2] [    20132695]   0-None                     (    0)
[  3] [    20142611]   0-None                     (    0)
[  4] [    20152552]   0-None                     (    0)
[  5] [    20162488]   0-None                     (    0)
[  6] [    20172420]   0-None                     (    0)
[  7] [    20182360]   0-None                     (    0)
[  8] [    20192281]   0-None                     (    0)
[  9] [    20202235]   0-None                     (    0)
[ 10] [    20212156]   0-None                     (    0)
[ 11] [    20222091]   0-None                     (    0)
[ 12] [    20232044]   0-None                     (    0)
[ 13] [    20241964]   0-None                     (    0)
[ 14] [    20251899]   0-None                     (    0)
[ 15] [    20261837]   0-None                     (    0)
[ 16] [    20271780]   0-None                     (    0)
[ 17] [    20281695]   0-None                     (    0)
[ 18] [    20291632]   0-None                     (    0)
[ 19] [    20301567]   0-None                     (    0)
[ 20] [    20311502]   0-None                     (    0)
[ 21] [    20321437]   0-None                     (    0)
[ 22] [    20331383]   0-None                     (    0)
[ 23] [    20341299]   0-None                     (    0)
[ 24] [    20351233]   0-None                     (    0)
[ 25] [    20361174]   0-None                     (    0)
[ 26] [    20371106]   0-None                     (    0)
[ 27] [    20381045]   0-None                     (    0)
[ 28] [    20390986]   0-None                     (    0)
[ 29] [    20400924]   0-None                     (    0)
[ 30] [    20410859]   0-None                     (    0)
[ 31] [    20420791]   0-None                     (    0)
[ 32] [    20430732]   0-None                     (    0)
[ 33] [    20440673]   0-None                     (    0)
[ 34] [    20450608]   0-None                     (    0)
[ 35] [    20460541]   0-None                     (    0)
[ 36] [    20470481]   0-None                     (    0)
[ 37] [    20480402]   0-None                     (    0)
[ 38] [    20490337]   0-None                     (    0)
[ 39] [    20500278]   0-None                     (    0)
[ 40] [    20510211]   0-None                     (    0)
[ 41] [    20520165]   0-None                     (    0)
[ 42] [    20530085]   0-None                     (    0)
[ 43] [    20540040]   0-None                     (    0)
[ 44] [    20549960]   0-None                     (    0)
[ 45] [    20559915]   0-None                     (    0)
[ 46] [    20569835]   0-None                     (    0)
[ 47] [    20579769]   0-None                     (    0)
[ 48] [    20589708]   0-None                     (    0)
[ 49] [    20599651]   0-None                     (    0)
[ 50] [    20609585]   0-None                     (    0)
[ 51] [    20619519]   0-None                     (    0)
[ 52] [    20629458]   0-None                     (    0)
[ 53] [    20639399]   0-None                     (    0)
[ 54] [    20649335]   0-None                     (    0)
[ 55] [    20659270]   0-None                     (    0)
[ 56] [    20669203]   0-None                     (    0)
[ 57] [    20679122]   0-None                     (    0)
[ 58] [    20689064]   0-None                     (    0)
[ 59] [    20699001]   0-None                     (    0)
[ 60] [    20708937]   0-None                     (    0)
[ 61] [    20718872]   0-None                     (    0)
[ 62] [    20728807]   0-None                     (    0)
[ 63] [    20738733]   0-None                     (    0)
[ 64] [    20748664]   0-None                     (    0)
[ 65] [    20758584]   0-None                     (    0)
[ 66] [    20768517]   0-None                     (    0)
[ 67] [    20778456]   0-None                     (    0)
[ 68] [    20788391]   0-None                     (    0)
[ 69] [    20798311]   0-None                     (    0)
[ 70] [    20808248]   0-None                     (    0)
[ 71] [    20818184]   0-None                     (    0)
[ 72] [    20828121]   0-None                     (    0)
[ 73] [    20838037]   0-None                     (    0)
[ 74] [    20847976]   0-None                     (    0)
[ 75] [    20857917]   0-None                     (    0)
[ 76] [    20867853]   0-None                     (    0)
[ 77] [    20877785]   0-None                     (    0)
[ 78] [    20887706]   0-None                     (    0)
[ 79] [    20897640]   0-None                     (    0)
[ 80] [    20907580]   0-None                     (    0)
[ 81] [    20917515]   0-None                     (    0)
[ 82] [    20927456]   0-None                     (    0)
[ 83] [    20937370]   0-None                     (    0)
[ 84] [    20947307]   0-None                     (    0)
[ 85] [    20957246]   0-None                     (    0)
[ 86] [    20967183]   0-None                     (    0)
[ 87] [    20977100]   0-None                     (    0)
[ 88] [    20987053]   0-None                     (    0)
[ 89] [    20996979]   0-None                     (    0)
[ 90] [    21006930]   0-None                     (    0)
[ 91] [    21016866]   0-None                     (    0)
[ 92] [    21026805]   0-None                     (    0)
[ 93] [    21036722]   0-None                     (    0)
[ 94] [    21046661]   0-None                     (    0)
[ 95] [        2821]   0-None                     (    0)
[ 96] [       12757]   0-None                     (    0)
[ 97] [       22690]   0-None                     (    0)
[ 98] [       32604]   0-None                     (    0)
[ 99] [       42548]   0-None                     (    0)
[100] [       52479]   0-None                     (    0)
[101] [       62415]   0-None                     (    0)
[102] [       72341]   0-None                     (    0)
[103] [       82292]   0-None                     (    0)
[104] [       92209]   0-None                     (    0)
[105] [      102149]   0-None                     (    0)
[106] [      112089]   0-None                     (    0)
[107] [      122020]   0-None                     (    0)
[108] [      131960]   0-None                     (    0)
[109] [      141881]   0-None                     (    0)
[110] [      151815]   0-None                     (    0)
[111] [      161750]   0-None                     (    0)
[112] [      171689]   0-None                     (    0)
[113] [      181624]   0-None                     (    0)
[114] [      191565]   0-None                     (    0)
[115] [      201507]   0-None                     (    0)
[116] [      211434]   0-None                     (    0)
[117] [      221377]   0-None                     (    0)
[118] [      231310]   0-None                     (    0)
[119] [      241251]   0-None                     (    0)
[120] [      251186]   0-None                     (    0)
[121] [      261106]   0-None                     (    0)
[122] [      271041]   0-None                     (    0)
[123] [      280977]   0-None                     (    0)
[124] [      290912]   0-None                     (    0)
[125] [      300837]   0-None                     (    0)
[126] [      310789]   0-None                     (    0)
[127] [      320706]   0-None                     (    0)
[128] [      330645]   0-None                     (    0)
[129] [      340586]   0-None                     (    0)
[130] [      350518]   0-None                     (    0)
[131] [      360457]   0-None                     (    0)
[132] [      370378]   0-None                     (    0)
[133] [      380312]   0-None                     (    0)
[134] [      390246]   0-None                     (    0)
[135] [      400186]   0-None                     (    0)
[136] [      410121]   0-None                     (    0)
[137] [      420039]   0-None                     (    0)
[138] [      429975]   0-None                     (    0)
[139] [      439911]   0-None                     (    0)
[140] [      449829]   0-None                     (    0)
[141] [      459769]   0-None                     (    0)
[142] [      469689]   0-None                     (    0)
[143] [      479624]   0-None                     (    0)
[144] [      489538]   0-None                     (    0)
[145] [      499476]   0-None                     (    0)
[146] [      509411]   0-None                     (    0)
[147] [      519356]   0-None                     (    0)
[148] [      529284]   0-None                     (    0)
[149] [      539208]   0-None                     (    0)
[150] [      549121]   0-None                     (    0)
[151] [      559054]   0-None                     (    0)
[152] [      568974]   0-None                     (    0)
[153] [      578910]   0-None                     (    0)
[154] [      588827]   0-None                     (    0)
[155] [      598747]   0-None                     (    0)
[156] [      608681]   0-None                     (    0)
[157] [      618623]   0-None                     (    0)
[158] [      628557]   0-None                     (    0)
[159] [      638500]   0-None                     (    0)
[160] [      648414]   0-None                     (    0)
[161] [      658352]   0-None                     (    0)
[162] [      668286]   0-None                     (    0)
[163] [      678222]   0-None                     (    0)
[164] [      688137]   0-None                     (    0)
[165] [      698078]   0-None                     (    0)
[166] [      707998]   0-None                     (    0)
[167] [      717933]   0-None                     (    0)
[168] [      727867]   0-None                     (    0)
[169] [      737786]   0-None                     (    0)
[170] [      747723]   0-None                     (    0)
[171] [      757660]   0-None                     (    0)
[172] [      767596]   0-None                     (    0)
[173] [      777518]   0-None                     (    0)
[174] [      787453]   0-None                     (    0)
[175] [      797385]   0-None                     (    0)
[176] [      807327]   0-None                     (    0)
[177] [      817264]   0-None                     (    0)
[178] [      827204]   0-None                     (    0)
[179] [      837135]   0-None                     (    0)
[180] [      847078]   0-None                     (    0)
[181] [      856996]   0-None                     (    0)
[182] [      866930]   0-None                     (    0)
[183] [      876884]   0-None                     (    0)
[184] [      886804]   0-None                     (    0)
[185] [      896739]   0-None                     (    0)
[186] [      906678]   0-None                     (    0)
[187] [      916621]   0-None                     (    0)
[188] [      926555]   0-None                     (    0)
[189] [      936497]   0-None                     (    0)
[190] [      946430]   0-None                     (    0)
[191] [      956364]   0-None                     (    0)
[192] [      966303]   0-None                     (    0)
[193] [      976238]   0-None                     (    0)
[194] [      986178]   0-None                     (    0)
[195] [      996113]   0-None                     (    0)
[196] [     1006033]   0-None                     (    0)
[197] [     1015950]   0-None                     (    0)
[198] [     1025882]   0-None                     (    0)
[199] [     1035823]   0-None                     (    0)
[200] [     1045764]   0-None                     (    0)
[201] [     1055700]   0-None                     (    0)
[202] [     1065632]   0-None                     (    0)
[203] [     1075552]   0-None                     (    0)
[204] [     1085494]   0-None                     (    0)
[205] [     1095428]   0-None                     (    0)
[206] [     1105361]   0-None                     (    0)
[207] [     1115296]   0-None                     (    0)
[208] [     1125238]   0-None                     (    0)
[209] [     1135172]   0-None                     (    0)
[210] [     1145115]   0-None                     (    0)
[211] [     1155049]   0-None                     (    0)
[212] [     1164991]   0-None                     (    0)
[213] [     1174924]   0-None                     (    0)
[214] [     1184866]   0-None                     (    0)
[215] [     1194800]   0-None                     (    0)
[216] [     1204735]   0-None                     (    0)
[217] [     1214656]   0-None                     (    0)
[218] [     1224594]   0-None                     (    0)
[219] [     1234548]   0-None                     (    0)
[220] [     1244470]   0-None                     (    0)
[221] [     1254404]   0-None                     (    0)
[222] [     1264361]   0-None                     (    0)
[223] [     1274301]   0-None                     (    0)
[224] [     1284234]   0-None                     (    0)
[225] [     1294174]   0-None                     (    0)
[226] [     1304129]   0-None                     (    0)
[227] [     1314069]   0-None                     (    0)
[228] [     1324010]   0-None                     (    0)
[229] [     1333946]   0-None                     (    0)
[230] [     1343878]   0-None                     (    0)
[231] [     1353818]   0-None                     (    0)
[232] [     1363760]   0-None                     (    0)
[233] [     1373715]   0-None                     (    0)
[234] [     1383651]   0-None                     (    0)
[235] [     1393587]   0-None                     (    0)
[236] [     1403530]   0-None                     (    0)
[237] [     1413471]   0-None                     (    0)
[238] [     1423419]   0-None                     (    0)
