[120] [    11129887] 1 | True  True 00 ( 1312, 1026)   5  1058  1736
[121] [    11139829] 1 | True  True 00 ( 1303, 1026)   6  1053  1452
[122] [    11149763] 1 | True  True 00 ( 1286, 1024)   4   982  1148
[123] [    11159717] 1 | True  True 00 ( 1267, 1019)   4  1099  1288
[124] [    11169655] 1 | True  True 00 ( 1248, 1013)   5  1029  1412
[125] [    11179594] 1 | True  True 00 ( 1231, 1006)   5  1006  1704
[126] [    11189534] 1 | True  True 00 ( 1215,  998)   6   995  1640
[127] [    11199467] 1 | True  True 00 ( 1196,  985)   6  1040  1600
[128] [    11209407] 1 | True  True 00 ( 1172,  970)   5   962  1332
[129] [    11219359] 1 | True  True 00 ( 1150,  955)   6  1050  1308
[130] [    11229278] 1 | True  True 00 ( 1128,  939)   5   928  1276
[131] [    11239213] 1 | True  True 00 ( 1110,  923)   5   976  1160
[132] [    11249147] 1 | True  True 00 ( 1095,  907)   6  1039  1472
[133] [    11259088] 1 | True  True 00 ( 1080,  889)   6   911  1600
[134] [    11269022] 1 | True  True 00 ( 1065,  869)   6   942  1472
[135] [    11278963] 1 | True  True 00 ( 1049,  845)   7   975  1436
[136] [    11288897] 1 | True  True 00 ( 1030,  824)   7  1026  1268
[137] [    11298837] 1 | True  True 00 ( 1014,  804)   5   960  1104
[138] [    11308772] 1 | True  True 00 ( 1001,  782)   6   930  1184
[139] [    11318712] 1 | True  True 00 (  991,  761)   7  1048  1220
[140] [    11328647] 1 | True  True 00 (  981,  739)   7  1037  1356
[141] [    11338587] 1 | True  True 00 (  974,  715)   5   926  1184
[142] [    11348522] 1 | True  True 00 (  968,  691)   4   871   948
[143] [    11358456] 1 | True  True 00 (  964,  669)   5   942  1036
[144] [    11368398] 1 | True  True 00 (  961,  643)   6   952  1272
[145] [    11378334] 1 | True  True 00 (  958,  617)   6   940  1412
[146] [    11388269] 1 | True  True 00 (  955,  591)   4   897  1352
[147] [    11398211] 1 | True  True 00 (  955,  567)   4   904  1012
[148] [    11408145] 1 | True  True 00 (  956,  545)   4   892  1024
[149] [    11418085] 1 | True  True 00 (  959,  523)   5   918  1244
[150] [    11428020] 1 | True  True 00 (  963,  499)   7  1029  1324
[151] [    11437940] 1 | True  True 00 (  970,  474)   6   949  1424
[152] [    11447873] 1 | True  True 00 (  976,  451)   5   921  1404
[153] [    11457810] 1 | True  True 00 (  987,  429)   6   941  1324
[154] [    11467747] 1 | True  True 00 ( 1000,  407)   6   945  1464
[155] [    11477684] 1 | True  True 00 ( 1012,  385)   6   950  1704
[156] [    11487601] 1 | True  True 00 ( 1023,  361)   5   893  1704
[157] [    11497540] 1 | True  True 00 ( 1036,  337)   5   950  1584
[158] [    11507479] 1 | True  True 00 ( 1049,  316)   4   892  1284
[159] [    11517420] 1 | True  True 00 ( 1062,  298)   4   899   940
[160] [    11527354] 1 | True  True 00 ( 1079,  279)   6  1024  1072
[161] [    11537273] 1 | True  True 00 ( 1101,  261)   7  1048  1344
[162] [    11547222] 1 | True  True 00 ( 1125,  243)   6   959  1576
[163] [    11557144] 1 | True  True 00 ( 1147,  228)   7  1048  1732
[164] [    11567079] 1 | True  True 00 ( 1167,  213)   6  1045  1636
[165] [    11577022] 1 | True  True 00 ( 1186,  198)   5  1002  1344
[166] [    11586937] 1 | True  True 00 ( 1207,  187)   6  1092  1648
[167] [    11596876] 1 | True  True 00 ( 1229,  177)   7  1232  1812
[168] [    11606791] 1 | True  True 00 ( 1254,  168)   5  1065  2024
[169] [    11616728] 1 | True  True 00 ( 1278,  161)   4  1126  2000
[170] [    11626661] 1 | True  True 00 ( 1299,  156)   4  1103  1812
[171] [    11636582] 1 | True  True 00 ( 1320,  150)   4  1188  1412
[172] [    11646537] 1 | True  True 00 ( 1342,  147)   5  1095  1612
[173] [    11656457] 1 | True  True 00 ( 1369,  145)   6  1200  1872
[174] [    11666411] 1 | True  True 00 ( 1395,  144)   5  1182  1976
[175] [    11676332] 1 | True  True 00 ( 1418,  144)   4  1097  1872
[176] [    11686267] 1 | True  True 00 ( 1440,  144)   4  1107  1636
[177] [    11696207] 1 | True  True 00 ( 1461,  144)   5  1196  1508
[178] [    11706142] 1 | True  True 00 ( 1483,  146)   7  1285  1760
[179] [    11716075] 1 | True  True 00 ( 1509,  150)   7  1248  2140
[180] [    11726018] 1 | True  True 00 ( 1535,  155)   6  1197  2240
[181] [    11735953] 1 | True  True 00 ( 1559,  162)   6  1240  2188
[182] [    11745868] 1 | True  True 00 ( 1580,  171)   6  1208  1836
[183] [    11755806] 1 | True  True 00 ( 1600,  182)   6  1163  1432
[184] [    11765744] 1 | True  True 00 ( 1621,  194)   7  1195  1544
[185] [    11775661] 1 | True  True 00 ( 1644,  208)   6  1160  1716
[186] [    11785600] 1 | True  True 00 ( 1668,  222)   6  1151  1564
[187] [    11795538] 1 | True  True 00 ( 1691,  236)   4  1063  1752
[188] [    11805472] 1 | True  True 00 ( 1710,  251)   5  1098  1752
[189] [    11815411] 1 | True  True 00 ( 1727,  265)   6  1172  1732
[190] [    11825333] 1 | True  True 00 ( 1741,  284)   6  1062  1476
[191] [    11835269] 1 | True  True 00 ( 1755,  306)   6  1114  1300
[192] [    11845203] 1 | True  True 00 ( 1767,  327)   4   962  1252
[193] [    11855140] 1 | True  True 00 ( 1779,  348)   6  1085  1484
[194] [    11865072] 1 | True  True 00 ( 1792,  367)   8  1187  1588
[195] [    11875016] 1 | True  True 00 ( 1805,  388)   7  1124  1672
[196] [    11884951] 1 | True  True 00 ( 1817,  411)   6  1051  1672
[197] [    11894887] 1 | True  True 00 ( 1829,  438)   6  1043  1504
[198] [    11904829] 1 | True  True 00 ( 1840,  463)   5  1048  1772
[199] [    11914763] 1 | True  True 00 ( 1848,  487)   6  1062  1860
[200] [    11924704] 1 | True  True 00 ( 1854,  510)   7  1133  1904
[201] [    11934638] 1 | True  True 00 ( 1858,  536)   5  1014  1904
[202] [    11944578] 1 | True  True 00 ( 1858,  562)   6  1047  1660
[203] [    11954513] 1 | True  True 00 ( 1861,  587)   5  1087  1576
[204] [    11964453] 1 | True  True 00 ( 1862,  610)   6  1112  1908
[205] [    11974388] 1 | True  True 00 ( 1859,  635)   7  1145  1864
[206] [    11984328] 1 | True  True 00 ( 1852,  658)   6  1046  1908
[207] [    11994262] 1 | True  True 00 ( 1849,  682)   7  1061  1464
[208] [    12004203] 1 | True  True 00 ( 1843,  705)   6  1039  1308
[209] [    12014137] 1 | True  True 00 ( 1833,  728)   6  1018  1448
[210] [    12024058] 1 | True  True 00 ( 1820,  750)   6  1065  1404
[211] [    12034011] 1 | True  True 00 ( 1808,  770)   7  1156  1464
[212] [    12043952] 1 | True  True 00 ( 1795,  795)   6  1031  1420
[213] [    12053887] 1 | True  True 00 ( 1781,  820)   5   967  1256
[214] [    12063807] 1 | True  True 00 ( 1768,  843)   5  1010  1368
[215] [    12073761] 1 | True  True 00 ( 1758,  861)   4   941  1596
[216] [    12083682] 1 | True  True 00 ( 1748,  879)   6  1096  1840
[217] [    12093619] 1 | True  True 00 ( 1729,  898)   6  1052  1552
[218] [    12103557] 1 | True  True 00 ( 1708,  917)   6  1018  1328
[219] [    12113495] 1 | True  True 00 ( 1685,  936)   6  1107  1616
[220] [    12123426] 1 | True  True 00 ( 1664,  953)   6  1144  1664
[221] [    12133363] 1 | True  True 00 ( 1644,  966)   5  1145  1824
[222] [    12143306] 1 | True  True 00 ( 1626,  979)   6  1169  1640
[223] [    12153224] 1 | True  True 00 ( 1606,  989)   7  1217  1524
[224] [    12163175] 1 | True  True 00 ( 1584,  999)   7  1184  1428
[225] [    12173113] 1 | True  True 00 ( 1560, 1006)   6  1214  1340
[226] [    12183050] 1 | True  True 00 ( 1537, 1012)   5  1202  1668
[227] [    12192968] 1 | True  True 00 ( 1515, 1017)   5  1199  1944
[228] [    12202908] 1 | True  True 00 ( 1496, 1022)   6  1166  1996
[229] [    12212844] 1 | True  True 00 ( 1472, 1026)   6  1107  1744
[230] [    12222785] 1 | True  True 00 ( 1445, 1028)   5  1110  1464
[231] [    12232702] 1 | True  True 00 ( 1419, 1028)   5  1189  1452
[232] [    12242638] 1 | True  True 00 ( 1394, 1030)   5  1091  1736
[233] [    12252574] 1 | True  True 00 ( 1373, 1031)   4  1022  1852
[234] [    12262509] 1 | True  True 00 ( 1352, 1030)   6  1113  1712
[235] [    12272429] 1 | True  True 00 ( 1328, 1029)   6  1088  1384
[236] [    12282361] 1 | True  True 00 ( 1301, 1024)   6  1162  1244
[237] [    12292299] 1 | True  True 00 ( 1275, 1019)   4  1015  1204
[238] [    12302237] 1 | True  True 00 ( 1253, 1012)   6  1130  1536
[239] [    12312172] 1 | True  True 00 ( 1231, 1004)   6  1035  1664
[240] [    12322091] 1 | True  True 00 ( 1213,  993)   7  1155  1808
[241] [    12332031] 1 | True  True 00 ( 1193,  979)   7  1094  1476
[242] [    12341968] 1 | True  True 00 ( 1170,  966)   6   970  1392
[243] [    12351888] 1 | True  True 00 ( 1145,  951)   4   918  1336
[244] [    12361803] 1 | True  True 00 ( 1124,  935)   4   925  1296
[245] [    12371735] 1 | True  True 00 ( 1106,  920)   4   925  1200
[246] [    12381672] 1 | True  True 00 ( 1089,  904)   5   886  1436
[247] [    12391611] 1 | True  True 00 ( 1073,  886)   6  1003  1692
[248] [    12401551] 1 | True  True 00 ( 1059,  866)   5   924  1748
[249] [    12411467] 1 | True  True 00 ( 1044,  844)   7  1016  1436
[250] [    12421405] 1 | True  True 00 ( 1032,  824)   5   911  1268
[251] [    12431345] 1 | True  True 00 ( 1018,  804)   5   982  1068
[252] [    12441277] 1 | True  True 00 ( 1005,  784)   6   917  1184
[253] [    12451200] 1 | True  True 00 (  993,  762)   5   845  1144
[254] [    12461135] 1 | True  True 00 (  984,  739)   6   994  1324
[255] [    12471068] 1 | True  True 00 (  975,  714)   6  1038  1260
[  0] [    12481005] 1 | True  True 00 (  969,  690)   4   955   988
[  1] [    12490926] 1 | True  True 00 (  962,  667)   5   906  1112
[  2] [    12500838] 1 | True  True 00 (  958,  643)   5   888  1252
[  3] [    12510779] 1 | True  True 00 (  957,  616)   5   935  1352
[  4] [    12520715] 1 | True  True 00 (  956,  590)   4   872  1212
[  5] [    12530649] 1 | True  True 00 (  956,  566)   4   939  1032
[  6] [    12540570] 1 | True  True 00 (  957,  542)   4   887  1124
[  7] [    12550504] 1 | True  True 00 (  959,  519)   5   904  1184
[  8] [    12560425] 1 | True  True 00 (  963,  494)   5   920  1444
[  9] [    12570357] 1 | True  True 00 (  969,  470)   6   973  1444
[ 10] [    12580273] 1 | True  True 00 (  976,  447)   5   926  1404
[ 11] [    12590214] 1 | True  True 00 (  987,  425)   6   962  1304
[ 12] [    12600128] 1 | True  True 00 ( 1001,  404)   6   964  1484
[ 13] [    12610069] 1 | True  True 00 ( 1013,  382)   5   871  1684
[ 14] [    12620004] 1 | True  True 00 ( 1025,  360)   6   991  1804
[ 15] [    12629924] 1 | True  True 00 ( 1037,  337)   5   925  1624
[ 16] [    12639855] 1 | True  True 00 ( 1048,  316)   4   888  1284
[ 17] [    12649792] 1 | True  True 00 ( 1063,  296)   6  1031  1000
[ 18] [    12659711] 1 | True  True 00 ( 1083,  278)   7  1056  1072
[ 19] [    12669652] 1 | True  True 00 ( 1104,  260)   7  1052  1400
[ 20] [    12679568] 1 | True  True 00 ( 1125,  245)   6  1017  1656
[ 21] [    12689503] 1 | True  True 00 ( 1147,  229)   8  1175  1812
[ 22] [    12699423] 1 | True  True 00 ( 1169,  213)   7  1162  1636
[ 23] [    12709362] 1 | True  True 00 ( 1190,  199)   6  1048  1304
[ 24] [    12719292] 1 | True  True 00 ( 1208,  188)   6  1092  1576
[ 25] [    12729210] 1 | True  True 00 ( 1229,  177)   7  1168  1860
[ 26] [    12739132] 1 | True  True 00 ( 1255,  168)   5  1085  2000
[ 27] [    12749065] 1 | True  True 00 ( 1281,  159)   4  1119  1788
[ 28] [    12758986] 1 | True  True 00 ( 1303,  152)   4  1127  1648
[ 29] [    12768920] 1 | True  True 00 ( 1322,  148)   5  1117  1316
[ 30] [    12778841] 1 | True  True 00 ( 1343,  144)   5  1120  1532
[ 31] [    12788772] 1 | True  True 00 ( 1366,  141)   6  1236  1872
[ 32] [    12798693] 1 | True  True 00 ( 1393,  140)   5  1133  1976
[ 33] [    12808627] 1 | True  True 00 ( 1418,  140)   4  1162  1844
[ 34] [    12818566] 1 | True  True 00 ( 1441,  140)   4  1173  1612
[ 35] [    12828479] 1 | True  True 00 ( 1462,  142)   5  1177  1508
[ 36] [    12838416] 1 | True  True 00 ( 1484,  145)   6  1156  1784
[ 37] [    12848354] 1 | True  True 00 ( 1510,  150)   7  1247  2164
[ 38] [    12858291] 1 | True  True 00 ( 1536,  154)   6  1123  2088
[ 39] [    12868209] 1 | True  True 00 ( 1560,  161)   6  1195  2088
[ 40] [    12878148] 1 | True  True 00 ( 1582,  169)   6  1233  1888
[ 41] [    12888065] 1 | True  True 00 ( 1601,  180)   6  1166  1560
[ 42] [    12897999] 1 | True  True 00 ( 1621,  193)   7  1175  1568
[ 43] [    12907940] 1 | True  True 00 ( 1645,  208)   6  1074  1592
[ 44] [    12917875] 1 | True  True 00 ( 1669,  222)   5  1101  1584
[ 45] [    12927815] 1 | True  True 00 ( 1691,  236)   4  1104  1816
[ 46] [    12937750] 1 | True  True 00 ( 1709,  250)   5  1050  1816
[ 47] [    12947670] 1 | True  True 00 ( 1725,  266)   6  1142  1732
[ 48] [    12957624] 1 | True  True 00 ( 1740,  284)   7  1208  1520
[ 49] [    12967545] 1 | True  True 00 ( 1754,  307)   5  1017  1300
[ 50] [    12977477] 1 | True  True 00 ( 1766,  328)   5  1043  1232
[ 51] [    12987414] 1 | True  True 00 ( 1779,  349)   6  1093  1420
[ 52] [    12997352] 1 | True  True 00 ( 1793,  368)   7  1153  1608
[ 53] [    13007267] 1 | True  True 00 ( 1805,  390)   6  1061  1776
[ 54] [    13017209] 1 | True  True 00 ( 1818,  413)   6  1080  1692
[ 55] [    13027148] 1 | True  True 00 ( 1829,  437)   7  1084  1484
[ 56] [    13037061] 1 | True  True 00 ( 1839,  461)   7  1148  1616
[ 57] [    13046998] 1 | True  True 00 ( 1846,  485)   7  1098  1948
[ 58] [    13056932] 1 | True  True 00 ( 1851,  508)   6  1079  2060
[ 59] [    13066853] 1 | True  True 00 ( 1855,  535)   6  1102  1904
[ 60] [    13076787] 1 | True  True 00 ( 1858,  562)   5  1054  1684
[ 61] [    13086725] 1 | True  True 00 ( 1859,  587)   5   993  1620
[ 62] [    13096661] 1 | True  True 00 ( 1859,  609)   5   981  1796
[ 63] [    13106580] 1 | True  True 00 ( 1856,  631)   7  1110  1908
[ 64] [    13116520] 1 | True  True 00 ( 1851,  655)   5   960  1840
[ 65] [    13126436] 1 | True  True 00 ( 1843,  682)   5   998  1640
[ 66] [    13136378] 1 | True  True 00 ( 1836,  708)   6  1006  1340
[ 67] [    13146292] 1 | True  True 00 ( 1829,  730)   5   919  1340
[ 68] [    13156225] 1 | True  True 00 ( 1819,  753)   7  1061  1280
[ 69] [    13166162] 1 | True  True 00 ( 1809,  777)   5  1069  1484
[ 70] [    13176099] 1 | True  True 00 ( 1794,  803)   5   980  1464
[ 71] [    13186016] 1 | True  True 00 ( 1781,  827)   5  1010  1296
[ 72] [    13195956] 1 | True  True 00 ( 1769,  848)   5  1020  1432
[ 73] [    13205890] 1 | True  True 00 ( 1755,  865)   7  1151  1716
[ 74] [    13215811] 1 | True  True 00 ( 1740,  884)   6  1016  1760
[ 75] [    13225745] 1 | True  True 00 ( 1722,  902)   7  1156  1636
[ 76] [    13235666] 1 | True  True 00 ( 1702,  918)   6  1046  1308
[ 77] [    13245598] 1 | True  True 00 ( 1681,  936)   6  1115  1524
[ 78] [    13255535] 1 | True  True 00 ( 1661,  951)   6  1131  1572
[ 79] [    13265453] 1 | True  True 00 ( 1643,  965)   6  1141  1640
[ 80] [    13275393] 1 | True  True 00 ( 1628,  978)   5  1098  1708
[ 81] [    13285310] 1 | True  True 00 ( 1607,  989)   6  1176  1524
[ 82] [    13295244] 1 | True  True 00 ( 1582,  999)   6  1181  1380
[ 83] [    13305165] 1 | True  True 00 ( 1557, 1008)   5  1167  1364
[ 84] [    13315080] 1 | True  True 00 ( 1533, 1015)   5  1162  1744
[ 85] [    13325018] 1 | True  True 00 ( 1513, 1021)   5  1112  1920
[ 86] [    13334932] 1 | True  True 00 ( 1494, 1024)   5  1139  1972
[ 87] [    13344868] 1 | True  True 00 ( 1471, 1026)   7  1211  1744
[ 88] [    13354802] 1 | True  True 00 ( 1444, 1027)   5  1128  1440
[ 89] [    13364744] 1 | True  True 00 ( 1417, 1030)   4  1010  1524
[ 90] [    13374657] 1 | True  True 00 ( 1392, 1031)   4  1103  1784
[ 91] [    13384601] 1 | True  True 00 ( 1371, 1031)   4  1050  1828
[ 92] [    13394516] 1 | True  True 00 ( 1352, 1029)   5  1069  1664
[ 93] [    13404453] 1 | True  True 00 ( 1328, 1028)   7  1126  1428
[ 94] [    13414394] 1 | True  True 00 ( 1300, 1024)   5  1071  1132
[ 95] [    13424329] 1 | True  True 00 ( 1274, 1020)   4   976  1164
[ 96] [    13434242] 1 | True  True 00 ( 1251, 1014)   4   982  1516
[ 97] [    13444183] 1 | True  True 00 ( 1230, 1005)   6  1101  1808
[ 98] [    13454117] 1 | True  True 00 ( 1210,  994)   5  1021  1744
[ 99] [    13464038] 1 | True  True 00 ( 1190,  980)   6  1052  1536
[100] [    13473970] 1 | True  True 00 ( 1169,  965)   6  1079  1392
[101] [    13483907] 1 | True  True 00 ( 1145,  949)   4   916  1376
[102] [    13493844] 1 | True  True 00 ( 1124,  934)   5  1040  1336
[103] [    13503762] 1 | True  True 00 ( 1106,  919)   5  1000  1268
[104] [    13513702] 1 | True  True 00 ( 1091,  903)   5   910  1436
[105] [    13523622] 1 | True  True 00 ( 1076,  887)   6  1011  1656
[106] [    13533557] 1 | True  True 00 ( 1063,  866)   5   813  1528
[107] [    13543491] 1 | True  True 00 ( 1049,  845)   7  1022  1488
[108] [    13553412] 1 | True  True 00 ( 1033,  824)   6   988  1304
[109] [    13563344] 1 | True  True 00 ( 1020,  803)   5   885  1144
[110] [    13573280] 1 | True  True 00 ( 1006,  784)   5   946  1264
[111] [    13583199] 1 | True  True 00 (  993,  763)   5   882  1180
[112] [    13593139] 1 | True  True 00 (  982,  738)   7  1012  1356
[113] [    13603075] 1 | True  True 00 (  973,  712)   4   881  1088
[114] [    13613009] 1 | True  True 00 (  967,  688)   4   891   948
[115] [    13622950] 1 | True  True 00 (  964,  664)   5   912  1132
[116] [    13632869] 1 | True  True 00 (  962,  639)   5   883  1352
[117] [    13642805] 1 | True  True 00 (  959,  612)   5   935  1372
[118] [    13652739] 1 | True  True 00 (  958,  587)   5   940  1212
[119] [    13662673] 1 | True  True 00 (  957,  563)   4   954  1016
[120] [    13672597] 1 | True  True 00 (  957,  541)   4   907  1084
[121] [    13682532] 1 | True  True 00 (  961,  517)   6   976  1204
[122] [    13692472] 1 | True  True 00 (  966,  492)   6   998  1444
[123] [    13702407] 1 | True  True 00 (  973,  469)   6   943  1464
[124] [    13712323] 1 | True  True 00 (  979,  446)   5   895  1404
[125] [    13722264] 1 | True  True 00 (  989,  424)   6   996  1324
[126] [    13732200] 1 | True  True 00 ( 1001,  402)   6   956  1604
[127] [    13742132] 1 | True  True 00 ( 1014,  380)   5   913  1704
[128] [    13752053] 1 | True  True 00 ( 1026,  355)   5   892  1624
[129] [    13761987] 1 | True  True 00 ( 1039,  332)   5   939  1544
[130] [    13771909] 1 | True  True 00 ( 1051,  312)   4   892  1204
[131] [    13781841] 1 | True  True 00 ( 1065,  294)   5   959   960
[132] [    13791778] 1 | True  True 00 ( 1084,  276)   6  1002  1128
[133] [    13801716] 1 | True  True 00 ( 1104,  261)   7  1051  1344
[134] [    13811652] 1 | True  True 00 ( 1127,  245)   6  1044  1616
[135] [    13821591] 1 | True  True 00 ( 1149,  229)   6  1002  1656
[136] [    13831526] 1 | True  True 00 ( 1170,  214)   6   992  1520
[137] [    13841464] 1 | True  True 00 ( 1190,  200)   7  1112  1324
[138] [    13851402] 1 | True  True 00 ( 1210,  188)   6  1087  1648
[139] [    13861319] 1 | True  True 00 ( 1232,  177)   7  1259  1952
[140] [    13871260] 1 | True  True 00 ( 1259,  167)   6  1115  1880
[141] [    13881196] 1 | True  True 00 ( 1283,  159)   5  1191  1976
[142] [    13891137] 1 | True  True 00 ( 1305,  152)   4  1091  1504
[143] [    13901054] 1 | True  True 00 ( 1325,  146)   4  1116  1324
[144] [    13910991] 1 | True  True 00 ( 1345,  142)   4  1077  1560
[145] [    13920926] 1 | True  True 00 ( 1369,  140)   6  1191  1768
[146] [    13930861] 1 | True  True 00 ( 1395,  139)   5  1196  1948
[147] [    13940798] 1 | True  True 00 ( 1420,  138)   4  1156  1872
[148] [    13950742] 1 | True  True 00 ( 1442,  139)   4  1132  1560
[149] [    13960674] 1 | True  True 00 ( 1464,  141)   5  1165  1536
[150] [    13970617] 1 | True  True 00 ( 1486,  144)   6  1226  1912
[151] [    13980544] 1 | True  True 00 ( 1512,  149)   6  1183  2164
[152] [    13990487] 1 | True  True 00 ( 1538,  154)   5  1132  2212
[153] [    14000421] 1 | True  True 00 ( 1561,  162)   7  1253  2088
[154] [    14010344] 1 | True  True 00 ( 1582,  171)   6  1160  1836
[155] [    14020278] 1 | True  True 00 ( 1602,  183)   5  1092  1472
[156] [    14030194] 1 | True  True 00 ( 1622,  196)   6  1097  1592
[157] [    14040128] 1 | True  True 00 ( 1645,  210)   6  1122  1716
[158] [    14050069] 1 | True  True 00 ( 1670,  225)   5  1086  1584
[159] [    14059990] 1 | True  True 00 ( 1692,  239)   4  1051  1772
[160] [    14069925] 1 | True  True 00 ( 1710,  253)   6  1122  1836
[161] [    14079859] 1 | True  True 00 ( 1725,  269)   6  1148  1732
[162] [    14089799] 1 | True  True 00 ( 1740,  288)   6  1095  1436
[163] [    14099734] 1 | True  True 00 ( 1756,  309)   5  1107  1392
[164] [    14109674] 1 | True  True 00 ( 1769,  330)   5  1127  1324
[165] [    14119608] 1 | True  True 00 ( 1783,  349)   6  1090  1400
[166] [    14129549] 1 | True  True 00 ( 1795,  368)   7  1142  1652
[167] [    14139483] 1 | True  True 00 ( 1807,  388)   6  1114  1800
[168] [    14149403] 1 | True  True 00 ( 1819,  413)   6  1021  1588
[169] [    14159342] 1 | True  True 00 ( 1831,  439)   5   987  1444
[170] [    14169276] 1 | True  True 00 ( 1840,  464)   6  1046  1660
[171] [    14179215] 1 | True  True 00 ( 1847,  488)   6  1089  1992
[172] [    14189151] 1 | True  True 00 ( 1851,  512)   8  1217  2040
[173] [    14199087] 1 | True  True 00 ( 1855,  537)   5   993  1884
[174] [    14209024] 1 | True  True 00 ( 1858,  564)   5  1022  1596
[175] [    14218963] 1 | True  True 00 ( 1860,  589)   5  1031  1596
[176] [    14228921] 1 | True  True 00 ( 1858,  612)   5  1014  1976
[177] [    14238856] 1 | True  True 00 ( 1856,  635)   5  1004  1820
[178] [    14248777] 1 | True  True 00 ( 1850,  658)   5   982  1796
[179] [    14258714] 1 | True  True 00 ( 1848,  684)   7  1094  1576
[180] [    14268649] 1 | True  True 00 ( 1844,  710)   6  1089  1364
[181] [    14278588] 1 | True  True 00 ( 1836,  733)   7  1045  1364
[182] [    14288523] 1 | True  True 00 ( 1823,  756)   5  1020  1380
[183] [    14298462] 1 | True  True 00 ( 1809,  779)   6  1079  1360
[184] [    14308378] 1 | True  True 00 ( 1794,  805)   4   969  1504
[185] [    14318334] 1 | True  True 00 ( 1781,  829)   4   993  1400
[186] [    14328250] 1 | True  True 00 ( 1770,  848)   4  1022  1412
[187] [    14338190] 1 | True  True 00 ( 1758,  866)   6  1067  1760
[188] [    14348131] 1 | True  True 00 ( 1742,  883)   6  1087  1820
[189] [    14358047] 1 | True  True 00 ( 1724,  900)   6  1009  1472
[190] [    14367981] 1 | True  True 00 ( 1703,  915)   6  1087  1268
[191] [    14377935] 1 | True  True 00 ( 1682,  931)   7  1199  1524
[192] [    14387856] 1 | True  True 00 ( 1661,  949)   6  1113  1664
[193] [    14397791] 1 | True  True 00 ( 1643,  965)   5  1066  1548
[194] [    14407712] 1 | True  True 00 ( 1626,  981)   5  1029  1524
[195] [    14417648] 1 | True  True 00 ( 1606,  991)   6  1209  1548
[196] [    14427584] 1 | True  True 00 ( 1582, 1000)   6  1204  1380
[197] [    14437501] 1 | True  True 00 ( 1556, 1009)   4  1058  1340
[198] [    14447442] 1 | True  True 00 ( 1532, 1014)   5  1211  1744
[199] [    14457374] 1 | True  True 00 ( 1512, 1020)   4  1086  1972
[200] [    14467293] 1 | True  True 00 ( 1491, 1023)   6  1189  1996
[201] [    14477228] 1 | True  True 00 ( 1467, 1027)   5  1048  1692
[202] [    14487169] 1 | True  True 00 ( 1440, 1030)   4   969  1388
[203] [    14497103] 1 | True  True 00 ( 1414, 1032)   4  1022  1476
[204] [    14507044] 1 | True  True 00 ( 1391, 1033)   4  1056  1712
[205] [    14516978] 1 | True  True 00 ( 1371, 1032)   5  1129  1804
[206] [    14526918] 1 | True  True 00 ( 1349, 1030)   6  1119  1664
[207] [    14536873] 1 | True  True 00 ( 1325, 1026)   6  1143  1336
[208] [    14546795] 1 | True  True 00 ( 1298, 1023)   4   941  1032
[209] [    14556749] 1 | True  True 00 ( 1273, 1018)   5  1058  1180
[210] [    14566670] 1 | True  True 00 ( 1250, 1012)   6  1103  1600
[211] [    14576625] 1 | True  True 00 ( 1230, 1005)   5   960  1728
[212] [    14586560] 1 | True  True 00 ( 1207,  995)   5   905  1620
[213] [    14596480] 1 | True  True 00 ( 1183,  982)   5   927  1516
[214] [    14606413] 1 | True  True 00 ( 1161,  965)   6  1035  1268
[215] [    14616357] 1 | True  True 00 ( 1139,  949)   4   839  1216
[216] [    14626291] 1 | True  True 00 ( 1119,  934)   6   996  1236
[217] [    14636225] 1 | True  True 00 ( 1103,  918)   5  1037  1288
[218] [    14646166] 1 | True  True 00 ( 1088,  901)   5   959  1600
[219] [    14656100] 1 | True  True 00 ( 1074,  884)   7   989  1544
[220] [    14666041] 1 | True  True 00 ( 1062,  863)   6   965  1672
[221] [    14675995] 1 | True  True 00 ( 1045,  841)   6   903  1304
[222] [    14685936] 1 | True  True 00 ( 1029,  821)   5   850  1176
[223] [    14695876] 1 | True  True 00 ( 1013,  802)   4   885  1184
[224] [    14705812] 1 | True  True 00 ( 1001,  783)   6   960  1088
[225] [    14715744] 1 | True  True 00 (  990,  761)   6   975  1204
[226] [    14725685] 1 | True  True 00 (  981,  735)   5   866  1224
[227] [    14735626] 1 | True  True 00 (  974,  710)   6   997  1180
[228] [    14745582] 1 | True  True 00 (  967,  686)   4   833   916
[229] [    14755517] 1 | True  True 00 (  962,  661)   5   902  1192
[230] [    14765453] 1 | True  True 00 (  960,  639)   5   927  1312
[231] [    14775390] 1 | True  True 00 (  959,  614)   5   930  1332
[232] [    14785348] 1 | True  True 00 (  958,  586)   4   898  1112
[233] [    14795289] 1 | True  True 00 (  957,  561)   4   894   920
[234] [    14805224] 1 | True  True 00 (  958,  538)   4   907  1144
[235] [    14815164] 1 | True  True 00 (  960,  515)   7  1004  1184
[236] [    14825118] 1 | True  True 00 (  966,  490)   6   987  1364
[237] [    14835058] 1 | True  True 00 (  971,  466)   5   905  1404
[238] [    14844995] 1 | True  True 00 (  978,  443)   6   923  1344
[239] [    14854938] 1 | True  True 00 (  990,  421)   7  1005  1304
[240] [    14864868] 1 | True  True 00 ( 1002,  399)   6   969  1564
[241] [    14874809] 1 | True  True 00 ( 1016,  377)   6   954  1684
[242] [    14884743] 1 | True  True 00 ( 1028,  354)   6   972  1684
[243] [    14894704] 1 | True  True 00 ( 1041,  331)   4   869  1484
[244] [    14904638] 1 | True  True 00 ( 1053,  311)   4   888  1244
[245] [    14914574] 1 | True  True 00 ( 1067,  293)   5   978  1040
[246] [    14924512] 1 | True  True 00 ( 1086,  276)   7  1026  1168
[247] [    14934472] 1 | True  True 00 ( 1106,  260)   7   983  1364
[248] [    14944412] 1 | True  True 00 ( 1129,  243)   7  1089  1692
[249] [    14954346] 1 | True  True 00 ( 1151,  226)   7  1129  1752
[250] [    14964307] 1 | True  True 00 ( 1172,  211)   6  1058  1576
[251] [    14974247] 1 | True  True 00 ( 1192,  195)   6  1020  1248
[252] [    14984203] 1 | True  True 00 ( 1212,  183)   6  1068  1600
[253] [    14994139] 1 | True  True 00 ( 1235,  173)   7  1114  1812
[254] [    15004075] 1 | True  True 00 ( 1260,  164)   5  1092  2048
[255] [    15014030] 1 | True  True 00 ( 1284,  157)   4  1167  1952
[  0] [    15023973] 1 | True  True 00 ( 1306,  153)   4  1078  1624
[  1] [    15033908] 1 | True  True 00 ( 1326,  149)   5  1164  1376
[  2] [    15043870] 1 | True  True 00 ( 1349,  147)   5  1122  1560
[  3] [    15053808] 1 | True  True 00 ( 1374,  144)   6  1238  1924
[  4] [    15063740] 1 | True  True 00 ( 1399,  141)   5  1236  2052
[  5] [    15073680] 1 | True  True 00 ( 1423,  139)   4  1169  1792
[  6] [    15083621] 1 | True  True 00 ( 1444,  140)   4  1144  1688
[  7] [    15093557] 1 | True  True 00 ( 1465,  141)   5  1165  1508
[  8] [    15103508] 1 | True  True 00 ( 1487,  145)   7  1232  1860
[  9] [    15113454] 1 | True  True 00 ( 1516,  148)   6  1208  2112
[ 10] [    15123387] 1 | True  True 00 ( 1543,  152)   6  1184  2164
[ 11] [    15133325] 1 | True  True 00 ( 1566,  161)   6  1198  2012
[ 12] [    15143283] 1 | True  True 00 ( 1587,  172)   6  1181  1760
[ 13] [    15153218] 1 | True  True 00 ( 1606,  184)   6  1201  1496
[ 14] [    15163174] 1 | True  True 00 ( 1627,  197)   7  1219  1668
[ 15] [    15173115] 1 | True  True 00 ( 1651,  210)   6  1136  1644
[ 16] [    15183056] 1 | True  True 00 ( 1675,  224)   5  1147  1584
[ 17] [    15192991] 1 | True  True 00 ( 1697,  238)   4  1102  1836
[ 18] [    15202932] 1 | True  True 00 ( 1715,  253)   6  1141  1772
[ 19] [    15212883] 1 | True  True 00 ( 1733,  269)   7  1192  1604
[ 20] [    15222821] 1 | True  True 00 ( 1746,  289)   7  1154  1476
[ 21] [    15232757] 1 | True  True 00 ( 1758,  311)   6  1065  1208
[ 22] [    15242717] 1 | True  True 00 ( 1770,  333)   6  1093  1232
[ 23] [    15252658] 1 | True  True 00 ( 1783,  352)   6  1115  1504
[ 24] [    15262593] 1 | True  True 00 ( 1797,  371)   7  1155  1736
[ 25] [    15272533] 1 | True  True 00 ( 1808,  393)   5  1002  1692
[ 26] [    15282467] 1 | True  True 00 ( 1818,  417)   6  1035  1672
[ 27] [    15292408] 1 | True  True 00 ( 1829,  442)   5   976  1464
[ 28] [    15302362] 1 | True  True 00 ( 1837,  467)   6  1049  1748
[ 29] [    15312302] 1 | True  True 00 ( 1846,  491)   7  1157  2040
[ 30] [    15322255] 1 | True  True 00 ( 1852,  514)   7  1140  2060
[ 31] [    15332194] 1 | True  True 00 ( 1853,  540)   7  1124  1860
[ 32] [    15342152] 1 | True  True 00 ( 1855,  566)   3   905  1572
[ 33] [    15352095] 1 | True  True 00 ( 1857,  591)   6  1119  1620
[ 34] [    15362029] 1 | True  True 00 ( 1861,  614)   4   950  1908
[ 35] [    15371992] 1 | True  True 00 ( 1856,  639)   6  1069  2040
[ 36] [    15381928] 1 | True  True 00 ( 1851,  663)   6  1018  1864
[ 37] [    15391860] 1 | True  True 00 ( 1849,  688)   6  1007  1488
[ 38] [    15401800] 1 | True  True 00 ( 1842,  713)   5  1044  1404
[ 39] [    15411741] 1 | True  True 00 ( 1831,  735)   6  1047  1404
[ 40] [    15421698] 1 | True  True 00 ( 1818,  757)   6  1023  1196
[ 41] [    15431633] 1 | True  True 00 ( 1805,  780)   7  1144  1464
[ 42] [    15441571] 1 | True  True 00 ( 1793,  803)   5  1049  1528
[ 43] [    15451508] 1 | True  True 00 ( 1781,  826)   5  1033  1336
[ 44] [    15461448] 1 | True  True 00 ( 1769,  847)   5  1021  1432
[ 45] [    15471386] 1 | True  True 00 ( 1755,  865)   6  1064  1696
[ 46] [    15481345] 1 | True  True 00 ( 1741,  883)   8  1149  1736
[ 47] [    15491278] 1 | True  True 00 ( 1724,  900)   6  1049  1412
[ 48] [    15501240] 1 | True  True 00 ( 1703,  918)   6  1126  1432
[ 49] [    15511171] 1 | True  True 00 ( 1682,  936)   6  1124  1476
[ 50] [    15521132] 1 | True  True 00 ( 1661,  952)   6  1110  1572
[ 51] [    15531068] 1 | True  True 00 ( 1642,  967)   5  1095  1640
[ 52] [    15541024] 1 | True  True 00 ( 1624,  980)   6  1182  1684
[ 53] [    15550966] 1 | True  True 00 ( 1602,  991)   7  1225  1500
[ 54] [    15560921] 1 | True  True 00 ( 1576, 1000)   5  1137  1332
[ 55] [    15570861] 1 | True  True 00 ( 1550, 1009)   5  1122  1416
[ 56] [    15580801] 1 | True  True 00 ( 1527, 1016)   4  1123  1768
[ 57] [    15590752] 1 | True  True 00 ( 1506, 1021)   4  1063  1972
[ 58] [    15600691] 1 | True  True 00 ( 1484, 1025)   6  1140  1896
[ 59] [    15610627] 1 | True  True 00 ( 1461, 1027)   7  1168  1692
[ 60] [    15620588] 1 | True  True 00 ( 1437, 1028)   5  1155  1388
[ 61] [    15630528] 1 | True  True 00 ( 1412, 1028)   4  1114  1572
[ 62] [    15640482] 1 | True  True 00 ( 1388, 1030)   4  1037  1784
[ 63] [    15650422] 1 | True  True 00 ( 1368, 1028)   4  1069  1804
[ 64] [    15660363] 1 | True  True 00 ( 1345, 1027)   7  1136  1572
[ 65] [    15670319] 1 | True  True 00 ( 1319, 1026)   5  1028  1264
[ 66] [    15680274] 1 | True  True 00 ( 1295, 1022)   5  1083  1152
[ 67] [    15690217] 1 | True  True 00 ( 1271, 1016)   7  1162  1244
[ 68] [    15700172] 1 | True  True 00 ( 1247, 1009)   5  1024  1516
[ 69] [    15710105] 1 | True  True 00 ( 1226,  999)   6  1049  1728
[ 70] [    15720046] 1 | True  True 00 ( 1206,  989)   5   979  1728
[ 71] [    15729987] 1 | True  True 00 ( 1184,  975)   5   930  1452
[ 72] [    15739923] 1 | True  True 00 ( 1162,  962)   6  1067  1332
[ 73] [    15749875] 1 | True  True 00 ( 1141,  946)   5  1040  1336
[ 74] [    15759821] 1 | True  True 00 ( 1120,  931)   4   953  1356
[ 75] [    15769749] 1 | True  True 00 ( 1102,  915)   4   895  1304
[ 76] [    15779695] 1 | True  True 00 ( 1085,  902)   5   898  1472
[ 77] [    15789644] 1 | True  True 00 ( 1069,  884)   6   939  1692
[ 78] [    15799586] 1 | True  True 00 ( 1053,  863)   5   932  1672
[ 79] [    15809519] 1 | True  True 00 ( 1039,  841)   5   933  1508
[ 80] [    15819463] 1 | True  True 00 ( 1026,  821)   6   954  1252
[ 81] [    15829397] 1 | True  True 00 ( 1011,  800)   5   968  1184
[ 82] [    15839340] 1 | True  True 00 (  998,  778)   7  1010  1144
[ 83] [    15849275] 1 | True  True 00 (  986,  754)   7  1003  1320
[ 84] [    15859209] 1 | True  True 00 (  976,  728)   5   927  1280
[ 85] [    15869150] 1 | True  True 00 (  970,  704)   4   857  1088
[ 86] [    15879104] 1 | True  True 00 (  966,  681)   4   887   996
[ 87] [    15889043] 1 | True  True 00 (  962,  658)   5   941  1192
[ 88] [    15898985] 1 | True  True 00 (  960,  632)   6   962  1352
[ 89] [    15908921] 1 | True  True 00 (  958,  606)   5   966  1352
[ 90] [    15918853] 1 | True  True 00 (  957,  579)   4   913  1112
[ 91] [    15928793] 1 | True  True 00 (  957,  556)   4   940  1004
[ 92] [    15938754] 1 | True  True 00 (  957,  534)   4   883  1124
[ 93] [    15948687] 1 | True  True 00 (  961,  510)   5   899  1324
[ 94] [    15958622] 1 | True  True 00 (  966,  486)   5   905  1444
[ 95] [    15968567] 1 | True  True 00 (  971,  461)   5   912  1404
[ 96] [    15978501] 1 | True  True 00 (  979,  438)   6   957  1304
[ 97] [    15988438] 1 | True  True 00 (  990,  417)   7  1045  1384
[ 98] [    15998395] 1 | True  True 00 ( 1004,  395)   6   935  1524
[ 99] [    16008338] 1 | True  True 00 ( 1016,  373)   5   884  1804
[100] [    16018272] 1 | True  True 00 ( 1028,  351)   6   957  1664
[101] [    16028227] 1 | True  True 00 ( 1040,  329)   5   959  1524
[102] [    16038147] 1 | True  True 00 ( 1054,  309)   4   941  1204
[103] [    16048081] 1 | True  True 00 ( 1069,  290)   5   983  1012
[104] [    16058041] 1 | True  True 00 ( 1087,  272)   7   973  1228
[105] [    16067979] 1 | True  True 00 ( 1109,  255)   6  1044  1556
[106] [    16077914] 1 | True  True 00 ( 1130,  238)   6  1072  1712
[107] [    16087854] 1 | True  True 00 ( 1152,  222)   6  1016  1676
[108] [    16097795] 1 | True  True 00 ( 1174,  207)   6  1052  1520
[109] [    16107728] 1 | True  True 00 ( 1193,  194)   6  1088  1460
[110] [    16117669] 1 | True  True 00 ( 1214,  183)   7  1124  1692
[111] [    16127620] 1 | True  True 00 ( 1240,  174)   6  1097  1880
[112] [    16137558] 1 | True  True 00 ( 1266,  164)   4  1042  1928
[113] [    16147514] 1 | True  True 00 ( 1289,  157)   4  1095  1836
[114] [    16157456] 1 | True  True 00 ( 1311,  150)   4  1144  1528
[115] [    16167396] 1 | True  True 00 ( 1332,  145)   4  1065  1404
[116] [    16177330] 1 | True  True 00 ( 1352,  142)   6  1194  1636
[117] [    16187271] 1 | True  True 00 ( 1379,  139)   6  1287  1948
[118] [    16197225] 1 | True  True 00 ( 1406,  138)   4  1165  2028
[119] [    16207165] 1 | True  True 00 ( 1429,  137)   4  1141  1716
[120] [    16217085] 1 | True  True 00 ( 1450,  139)   5  1245  1664
[121] [    16227019] 1 | True  True 00 ( 1471,  140)   6  1239  1584
[122] [    16236974] 1 | True  True 00 ( 1496,  144)   7  1278  1988
[123] [    16246914] 1 | True  True 00 ( 1523,  149)   7  1208  2212
[124] [    16256855] 1 | True  True 00 ( 1547,  156)   5  1042  2036
[125] [    16266791] 1 | True  True 00 ( 1569,  164)   6  1169  1912
[126] [    16276723] 1 | True  True 00 ( 1590,  175)   6  1105  1660
[127] [    16286664] 1 | True  True 00 ( 1609,  188)   6  1142  1448
[128] [    16296604] 1 | True  True 00 ( 1632,  201)   6  1120  1568
[129] [    16306561] 1 | True  True 00 ( 1657,  216)   6  1083  1592
[130] [    16316496] 1 | True  True 00 ( 1679,  231)   5  1106  1712
[131] [    16326432] 1 | True  True 00 ( 1699,  244)   5  1140  1816
[132] [    16336375] 1 | True  True 00 ( 1717,  258)   6  1135  1772
[133] [    16346306] 1 | True  True 00 ( 1733,  274)   6  1129  1648
[134] [    16356261] 1 | True  True 00 ( 1749,  294)   7  1150  1308
[135] [    16366184] 1 | True  True 00 ( 1762,  316)   4   997  1372
[136] [    16376139] 1 | True  True 00 ( 1775,  337)   6  1130  1316
[137] [    16386082] 1 | True  True 00 ( 1788,  356)   6  1093  1484
[138] [    16396011] 1 | True  True 00 ( 1801,  376)   7  1134  1736
[139] [    16405954] 1 | True  True 00 ( 1814,  397)   5  1020  1800
[140] [    16415889] 1 | True  True 00 ( 1824,  420)   6  1034  1608
[141] [    16425832] 1 | True  True 00 ( 1834,  446)   6  1023  1504
[142] [    16435784] 1 | True  True 00 ( 1844,  471)   7  1110  1816
[143] [    16445724] 1 | True  True 00 ( 1850,  495)   6  1107  1992
[144] [    16455665] 1 | True  True 00 ( 1853,  519)   8  1145  1948
[145] [    16465617] 1 | True  True 00 ( 1859,  546)   5  1067  1860
[146] [    16475555] 1 | True  True 00 ( 1862,  573)   6  1092  1528
[147] [    16485491] 1 | True  True 00 ( 1864,  597)   4   989  1776
[148] [    16495429] 1 | True  True 00 ( 1863,  621)   5   991  1820
[149] [    16505372] 1 | True  True 00 ( 1857,  645)   6  1072  2040
[150] [    16515325] 1 | True  True 00 ( 1851,  669)   6  1021  1688
[151] [    16525266] 1 | True  True 00 ( 1843,  695)   6  1062  1596
[152] [    16535200] 1 | True  True 00 ( 1837,  719)   6  1061  1468
[153] [    16545141] 1 | True  True 00 ( 1825,  740)   6  1128  1448
[154] [    16555095] 1 | True  True 00 ( 1815,  763)   7  1071  1340
[155] [    16565014] 1 | True  True 00 ( 1802,  788)   7  1118  1380
[156] [    16574969] 1 | True  True 00 ( 1789,  811)   4   943  1464
[157] [    16584890] 1 | True  True 00 ( 1776,  834)   4   935  1336
[158] [    16594844] 1 | True  True 00 ( 1766,  854)   4   965  1412
[159] [    16604784] 1 | True  True 00 ( 1751,  871)   7  1133  1820
[160] [    16614724] 1 | True  True 00 ( 1734,  888)   7  1055  1676
[161] [    16624661] 1 | True  True 00 ( 1718,  906)   5  1027  1552
[162] [    16634593] 1 | True  True 00 ( 1697,  925)   6  1098  1500
[163] [    16644534] 1 | True  True 00 ( 1674,  942)   6  1119  1572
[164] [    16654474] 1 | True  True 00 ( 1655,  957)   6  1133  1500
[165] [    16664409] 1 | True  True 00 ( 1635,  971)   7  1221  1708
[166] [    16674345] 1 | True  True 00 ( 1617,  982)   7  1243  1640
[167] [    16684287] 1 | True  True 00 ( 1594,  992)   6  1196  1476
[168] [    16694238] 1 | True  True 00 ( 1569, 1002)   5  1126  1308
[169] [    16704175] 1 | True  True 00 ( 1545, 1010)   4  1143  1492
[170] [    16714117] 1 | True  True 00 ( 1523, 1016)   4  1149  1868
[171] [    16724056] 1 | True  True 00 ( 1503, 1020)   6  1202  1996
[172] [    16733991] 1 | True  True 00 ( 1482, 1025)   7  1136  1896
[173] [    16743928] 1 | True  True 00 ( 1456, 1028)   5  1080  1568
[174] [    16753864] 1 | True  True 00 ( 1429, 1030)   4  1051  1340
[175] [    16763801] 1 | True  True 00 ( 1405, 1029)   5  1168  1572
[176] [    16773736] 1 | True  True 00 ( 1384, 1030)   4  1038  1760
[177] [    16783661] 1 | True  True 00 ( 1364, 1029)   5  1118  1804
[178] [    16793593] 1 | True  True 00 ( 1342, 1026)   6  1167  1548
[179] [    16803533] 1 | True  True 00 ( 1315, 1023)   5  1039  1220
[180] [    16813465] 1 | True  True 00 ( 1288, 1020)   4  1020  1084
[181] [    16823406] 1 | True  True 00 ( 1264, 1015)   5  1051  1348
[182] [    16833327] 1 | True  True 00 ( 1241, 1010)   4   913  1536
[183] [    16843261] 1 | True  True 00 ( 1221, 1001)   6  1044  1728
[184] [    16853195] 1 | True  True 00 ( 1200,  990)   5   901  1496
[185] [    16863136] 1 | True  True 00 ( 1178,  976)   6  1014  1392
[186] [    16873071] 1 | True  True 00 ( 1154,  961)   5   948  1276
[187] [    16882991] 1 | True  True 00 ( 1132,  944)   5   994  1296
[188] [    16892929] 1 | True  True 00 ( 1112,  928)   5   968  1296
[189] [    16902863] 1 | True  True 00 ( 1095,  913)   5   959  1324
[190] [    16912820] 1 | True  True 00 ( 1081,  897)   4   857  1656
[191] [    16922760] 1 | True  True 00 ( 1069,  877)   6   946  1580
[192] [    16932694] 1 | True  True 00 ( 1052,  856)   5   936  1580
[193] [    16942634] 1 | True  True 00 ( 1039,  836)   4   826  1360
[194] [    16952569] 1 | True  True 00 ( 1024,  816)   6   946  1196
[195] [    16962490] 1 | True  True 00 ( 1010,  796)   5   895  1204
[196] [    16972448] 1 | True  True 00 (  996,  775)   6   925  1080
[197] [    16982381] 1 | True  True 00 (  987,  751)   7  1045  1320
[198] [    16992324] 1 | True  True 00 (  979,  724)   5   942  1300
[199] [    17002252] 1 | True  True 00 (  971,  700)   5   932  1180
[200] [    17012194] 1 | True  True 00 (  966,  677)   4   896  1016
[201] [    17022129] 1 | True  True 00 (  961,  654)   5   956  1272
[202] [    17032071] 1 | True  True 00 (  959,  629)   6   938  1332
[203] [    17042024] 1 | True  True 00 (  958,  602)   6  1001  1312
[204] [    17051965] 1 | True  True 00 (  957,  577)   4   913  1132
[205] [    17061887] 1 | True  True 00 (  957,  553)   4   891  1004
[206] [    17071822] 1 | True  True 00 (  957,  532)   4   888  1152
[207] [    17081758] 1 | True  True 00 (  960,  508)   6   978  1324
[208] [    17091712] 1 | True  True 00 (  967,  483)   6   973  1384
[209] [    17101632] 1 | True  True 00 (  973,  458)   5   956  1444
[210] [    17111567] 1 | True  True 00 (  982,  435)   6  1007  1324
[211] [    17121508] 1 | True  True 00 (  993,  414)   7  1016  1384
[212] [    17131462] 1 | True  True 00 ( 1006,  393)   6   968  1624
[213] [    17141382] 1 | True  True 00 ( 1019,  370)   6   976  1704
[214] [    17151324] 1 | True  True 00 ( 1032,  348)   6   999  1624
[215] [    17161258] 1 | True  True 00 ( 1046,  325)   5   958  1424
[216] [    17171191] 1 | True  True 00 ( 1059,  304)   5   950  1040
[217] [    17181132] 1 | True  True 00 ( 1073,  287)   5   933   992
[218] [    17191066] 1 | True  True 00 ( 1092,  269)   6   998  1324
[219] [    17201005] 1 | True  True 00 ( 1114,  252)   6   964  1556
[220] [    17210947] 1 | True  True 00 ( 1136,  235)   5   932  1692
[221] [    17220881] 1 | True  True 00 ( 1157,  218)   6  1050  1676
[222] [    17230815] 1 | True  True 00 ( 1179,  204)   6  1051  1500
[223] [    17240756] 1 | True  True 00 ( 1199,  192)   6  1108  1480
[224] [    17250690] 1 | True  True 00 ( 1220,  181)   7  1120  1648
[225] [    17260631] 1 | True  True 00 ( 1246,  172)   6  1128  1928
[226] [    17270565] 1 | True  True 00 ( 1270,  165)   4  1055  2000
[227] [    17280505] 1 | True  True 00 ( 1292,  158)   4  1113  1860
[228] [    17290440] 1 | True  True 00 ( 1313,  153)   4  1118  1504
[229] [    17300396] 1 | True  True 00 ( 1332,  148)   4  1132  1480
[230] [    17310337] 1 | True  True 00 ( 1355,  144)   6  1236  1768
[231] [    17320279] 1 | True  True 00 ( 1382,  143)   5  1162  1948
[232] [    17330213] 1 | True  True 00 ( 1408,  140)   4  1152  1924
[233] [    17340153] 1 | True  True 00 ( 1430,  140)   4  1147  1792
[234] [    17350103] 1 | True  True 00 ( 1451,  142)   4  1112  1508
[235] [    17360042] 1 | True  True 00 ( 1474,  145)   6  1260  1760
[236] [    17369978] 1 | True  True 00 ( 1500,  148)   7  1212  1936
[237] [    17379903] 1 | True  True 00 ( 1527,  153)   7  1200  2164
[238] [    17389855] 1 | True  True 00 ( 1551,  158)   6  1219  2188
[239] [    17399792] 1 | True  True 00 ( 1571,  164)   6  1194  2012
[240] [    17409749] 1 | True  True 00 ( 1592,  175)   6  1181  1584
[241] [    17419691] 1 | True  True 00 ( 1612,  188)   6  1115  1396
[242] [    17429626] 1 | True  True 00 ( 1634,  201)   7  1145  1568
[243] [    17439569] 1 | True  True 00 ( 1658,  214)   6  1104  1592
[244] [    17449503] 1 | True  True 00 ( 1681,  230)   5  1127  1732
[245] [    17459457] 1 | True  True 00 ( 1701,  244)   5  1087  1796
[246] [    17469377] 1 | True  True 00 ( 1718,  259)   6  1172  1900
[247] [    17479319] 1 | True  True 00 ( 1733,  275)   6  1101  1584
[248] [    17489253] 1 | True  True 00 ( 1747,  296)   6  1101  1348
[249] [    17499207] 1 | True  True 00 ( 1760,  319)   5  1033  1232
[250] [    17509147] 1 | True  True 00 ( 1774,  339)   5  1085  1336
[251] [    17519088] 1 | True  True 00 ( 1788,  358)   7  1156  1528
[252] [    17529024] 1 | True  True 00 ( 1800,  377)   7  1123  1632
[253] [    17538956] 1 | True  True 00 ( 1811,  400)   5   991  1652
[254] [    17548896] 1 | True  True 00 ( 1822,  424)   6  1088  1632
[255] [    17558830] 1 | True  True 00 ( 1834,  450)   6  1018  1528
[  0] [    17568771] 1 | True  True 00 ( 1844,  476)   6  1102  1948
[  1] [    17578705] 1 | True  True 00 ( 1850,  501)   6  1055  1992
[  2] [    17588646] 1 | True  True 00 ( 1854,  527)   7  1101  1860
[  3] [    17598585] 1 | True  True 00 ( 1858,  553)   7  1137  1796
[  4] [    17608519] 1 | True  True 00 ( 1859,  578)   6  1074  1552
[  5] [    17618460] 1 | True  True 00 ( 1861,  602)   5  1053  1840
[  6] [    17628394] 1 | True  True 00 ( 1856,  626)   6  1083  1996
[  7] [    17638334] 1 | True  True 00 ( 1847,  649)   6  1094  1908
[  8] [    17648255] 1 | True  True 00 ( 1846,  674)   6  1030  1640
[  9] [    17658189] 1 | True  True 00 ( 1844,  699)   6  1010  1288
[ 10] [    17668143] 1 | True  True 00 ( 1838,  722)   7  1117  1404
[ 11] [    17678083] 1 | True  True 00 ( 1827,  745)   8  1116  1300
[ 12] [    17688020] 1 | True  True 00 ( 1814,  766)   6  1023  1360
[ 13] [    17697960] 1 | True  True 00 ( 1800,  790)   8  1084  1444
[ 14] [    17707896] 1 | True  True 00 ( 1787,  816)   4   978  1400
[ 15] [    17717828] 1 | True  True 00 ( 1775,  838)   5  1073  1276
[ 16] [    17727768] 1 | True  True 00 ( 1764,  857)   4   943  1596
[ 17] [    17737690] 1 | True  True 00 ( 1752,  873)   7  1088  1696
[ 18] [    17747624] 1 | True  True 00 ( 1735,  889)   8  1172  1572
[ 19] [    17757558] 1 | True  True 00 ( 1716,  905)   5  1024  1452
[ 20] [    17767497] 1 | True  True 00 ( 1694,  922)   6  1100  1384
[ 21] [    17777432] 1 | True  True 00 ( 1673,  939)   6  1111  1500
[ 22] [    17787351] 1 | True  True 00 ( 1652,  954)   6  1132  1640
[ 23] [    17797288] 1 | True  True 00 ( 1634,  969)   6  1139  1684
[ 24] [    17807223] 1 | True  True 00 ( 1618,  982)   7  1209  1572
[ 25] [    17817161] 1 | True  True 00 ( 1596,  992)   7  1172  1428
[ 26] [    17827096] 1 | True  True 00 ( 1571, 1002)   4  1106  1260
[ 27] [    17837042] 1 | True  True 00 ( 1545, 1010)   4  1090  1516
[ 28] [    17846977] 1 | True  True 00 ( 1522, 1017)   5  1144  1896
[ 29] [    17856916] 1 | True  True 00 ( 1503, 1021)   6  1201  1972
[ 30] [    17866851] 1 | True  True 00 ( 1482, 1025)   5  1054  1844
[ 31] [    17876787] 1 | True  True 00 ( 1457, 1027)   5  1121  1568
[ 32] [    17886723] 1 | True  True 00 ( 1429, 1029)   4  1038  1360
[ 33] [    17896646] 1 | True  True 00 ( 1403, 1031)   4  1018  1640
[ 34] [    17906595] 1 | True  True 00 ( 1381, 1030)   4  1099  1784
[ 35] [    17916541] 1 | True  True 00 ( 1361, 1029)   5  1094  1804
[ 36] [    17926475] 1 | True  True 00 ( 1338, 1028)   6  1142  1572
[ 37] [    17936412] 1 | True  True 00 ( 1310, 1026)   5   990  1196
[ 38] [    17946346] 1 | True  True 00 ( 1285, 1021)   5  1111  1152
[ 39] [    17956286] 1 | True  True 00 ( 1262, 1015)   4  1019  1452
[ 40] [    17966222] 1 | True  True 00 ( 1239, 1008)   5  1015  1664
[ 41] [    17976159] 1 | True  True 00 ( 1218,  998)   6  1040  1828
[ 42] [    17986094] 1 | True  True 00 ( 1195,  986)   5   937  1536
[ 43] [    17996020] 1 | True  True 00 ( 1170,  972)   6  1017  1476
[ 44] [    18005972] 1 | True  True 00 ( 1148,  957)   6  1019  1228
[ 45] [    18015889] 1 | True  True 00 ( 1129,  941)   4   956  1316
[ 46] [    18025828] 1 | True  True 00 ( 1111,  924)   4   935  1180
[ 47] [    18035765] 1 | True  True 00 ( 1094,  909)   5   900  1232
[ 48] [    18045705] 1 | True  True 00 ( 1080,  893)   6   979  1672
[ 49] [    18055641] 1 | True  True 00 ( 1064,  874)   5   937  1620
[ 50] [    18065593] 1 | True  True 00 ( 1046,  852)   5   868  1452
[ 51] [    18075532] 1 | True  True 00 ( 1031,  831)   6   963  1416
[ 52] [    18085468] 1 | True  True 00 ( 1019,  813)   5   915  1140
[ 53] [    18095393] 1 | True  True 00 ( 1007,  792)   5   851  1088
[ 54] [    18105345] 1 | True  True 00 (  996,  770)   5   903  1304
[ 55] [    18115282] 1 | True  True 00 (  986,  748)   7  1043  1320
[ 56] [    18125219] 1 | True  True 00 (  976,  722)   5   941  1260
[ 57] [    18135156] 1 | True  True 00 (  969,  698)   5   942  1080
[ 58] [    18145092] 1 | True  True 00 (  964,  675)   4   911  1036
[ 59] [    18155037] 1 | True  True 00 (  960,  650)   5   898  1372
[ 60] [    18164972] 1 | True  True 00 (  956,  625)   6   964  1372
[ 61] [    18174907] 1 | True  True 00 (  954,  598)   5   920  1292
[ 62] [    18184843] 1 | True  True 00 (  954,  572)   4   914  1016
[ 63] [    18194788] 1 | True  True 00 (  956,  548)   4   891  1064
[ 64] [    18204717] 1 | True  True 00 (  956,  526)   5   923  1192
[ 65] [    18214662] 1 | True  True 00 (  961,  502)   7  1071  1304
[ 66] [    18224591] 1 | True  True 00 (  967,  478)   6   941  1484
[ 67] [    18234530] 1 | True  True 00 (  975,  454)   5   935  1444
[ 68] [    18244472] 1 | True  True 00 (  984,  432)   6   956  1264
[ 69] [    18254410] 1 | True  True 00 (  997,  411)   7  1010  1424
[ 70] [    18264345] 1 | True  True 00 ( 1009,  390)   6   935  1624
[ 71] [    18274280] 1 | True  True 00 ( 1020,  367)   6   953  1724
[ 72] [    18284235] 1 | True  True 00 ( 1031,  345)   5   892  1704
[ 73] [    18294155] 1 | True  True 00 ( 1043,  324)   5   892  1344
[ 74] [    18304092] 1 | True  True 00 ( 1057,  303)   4   899   960
[ 75] [    18314028] 1 | True  True 00 ( 1072,  286)   5   912   972
[ 76] [    18323965] 1 | True  True 00 ( 1093,  267)   7   995  1148
[ 77] [    18333910] 1 | True  True 00 ( 1117,  250)   6  1055  1616
[ 78] [    18343844] 1 | True  True 00 ( 1141,  233)   5   969  1676
[ 79] [    18353781] 1 | True  True 00 ( 1162,  220)   6   990  1556
[ 80] [    18363717] 1 | True  True 00 ( 1182,  206)   7  1114  1440
[ 81] [    18373654] 1 | True  True 00 ( 1203,  192)   6  1048  1364
[ 82] [    18383609] 1 | True  True 00 ( 1226,  181)   7  1166  1788
[ 83] [    18393529] 1 | True  True 00 ( 1250,  171)   6  1090  1952
[ 84] [    18403465] 1 | True  True 00 ( 1274,  163)   4  1067  2000
[ 85] [    18413403] 1 | True  True 00 ( 1295,  157)   4  1090  1764
[ 86] [    18423346] 1 | True  True 00 ( 1316,  150)   4  1128  1436
[ 87] [    18433278] 1 | True  True 00 ( 1336,  145)   6  1229  1456
[ 88] [    18443213] 1 | True  True 00 ( 1360,  143)   6  1198  1716
[ 89] [    18453158] 1 | True  True 00 ( 1385,  141)   5  1117  1844
[ 90] [    18463113] 1 | True  True 00 ( 1410,  141)   5  1215  1976
[ 91] [    18473048] 1 | True  True 00 ( 1433,  141)   4  1148  1664
[ 92] [    18482989] 1 | True  True 00 ( 1456,  143)   4  1051  1332
[ 93] [    18492923] 1 | True  True 00 ( 1478,  144)   6  1221  1736
[ 94] [    18502864] 1 | True  True 00 ( 1505,  148)   7  1256  2036
[ 95] [    18512798] 1 | True  True 00 ( 1532,  153)   5  1134  2316
[ 96] [    18522754] 1 | True  True 00 ( 1556,  159)   6  1190  2140
[ 97] [    18532677] 1 | True  True 00 ( 1578,  169)   6  1190  1912
[ 98] [    18542630] 1 | True  True 00 ( 1598,  179)   7  1249  1484
[ 99] [    18552569] 1 | True  True 00 ( 1617,  191)   6  1171  1544
[100] [    18562511] 1 | True  True 00 ( 1639,  203)   7  1156  1616
[101] [    18572462] 1 | True  True 00 ( 1663,  217)   6  1105  1568
[102] [    18582381] 1 | True  True 00 ( 1685,  232)   5  1098  1712
[103] [    18592320] 1 | True  True 00 ( 1704,  246)   4  1019  1772
[104] [    18602275] 1 | True  True 00 ( 1721,  261)   6  1113  1624
[105] [    18612211] 1 | True  True 00 ( 1736,  279)   6  1124  1624
[106] [    18622170] 1 | True  True 00 ( 1751,  301)   6  1115  1348
[107] [    18632110] 1 | True  True 00 ( 1763,  321)   4  1008  1372
[108] [    18642052] 1 | True  True 00 ( 1777,  340)   6  1122  1276
[109] [    18652007] 1 | True  True 00 ( 1789,  359)   7  1126  1528
[110] [    18661940] 1 | True  True 00 ( 1800,  381)   5  1025  1736
[111] [    18671901] 1 | True  True 00 ( 1812,  403)   5  1073  1840
[112] [    18681835] 1 | True  True 00 ( 1824,  427)   7  1072  1608
[113] [    18691780] 1 | True  True 00 ( 1835,  454)   7  1163  1596
[114] [    18701734] 1 | True  True 00 ( 1844,  479)   6  1123  1840
[115] [    18711676] 1 | True  True 00 ( 1850,  504)   5   991  1928
[116] [    18721630] 1 | True  True 00 ( 1855,  531)   7  1185  1928
[117] [    18731571] 1 | True  True 00 ( 1859,  558)   6  1139  1840
[118] [    18741527] 1 | True  True 00 ( 1862,  583)   4  1021  1596
[119] [    18751462] 1 | True  True 00 ( 1862,  606)   5  1065  1952
[120] [    18761420] 1 | True  True 00 ( 1862,  630)   5  1042  1908
[121] [    18771359] 1 | True  True 00 ( 1859,  652)   5  1007  1732
[122] [    18781301] 1 | True  True 00 ( 1850,  676)   6  1058  1732
[123] [    18791255] 1 | True  True 00 ( 1844,  699)   5   932  1332
[124] [    18801215] 1 | True  True 00 ( 1836,  723)   6   994  1340
[125] [    18811153] 1 | True  True 00 ( 1828,  747)   7  1058  1340
[126] [    18821089] 1 | True  True 00 ( 1816,  769)   7  1163  1420
[127] [    18831046] 1 | True  True 00 ( 1800,  792)   6  1035  1504
[128] [    18840999] 1 | True  True 00 ( 1786,  816)   4   922  1444
[129] [    18850938] 1 | True  True 00 ( 1773,  836)   5  1030  1400
[130] [    18860880] 1 | True  True 00 ( 1762,  857)   4   974  1696
[131] [    18870832] 1 | True  True 00 ( 1749,  875)   6  1043  1696
[132] [    18880770] 1 | True  True 00 ( 1732,  892)   6  1090  1736
[133] [    18890707] 1 | True  True 00 ( 1714,  911)   5  1014  1492
[134] [    18900652] 1 | True  True 00 ( 1692,  929)   5  1037  1524
[135] [    18910605] 1 | True  True 00 ( 1670,  947)   6  1137  1640
[136] [    18920548] 1 | True  True 00 ( 1650,  962)   5  1125  1684
[137] [    18930483] 1 | True  True 00 ( 1631,  974)   5  1166  1732
[138] [    18940416] 1 | True  True 00 ( 1610,  986)   6  1204  1616
[139] [    18950358] 1 | True  True 00 ( 1585,  996)   6  1157  1428
[140] [    18960292] 1 | True  True 00 ( 1561, 1004)   7  1249  1212
[141] [    18970231] 1 | True  True 00 ( 1537, 1011)   4  1139  1616
[142] [    18980166] 1 | True  True 00 ( 1516, 1016)   4  1137  1896
[143] [    18990107] 1 | True  True 00 ( 1498, 1020)   5  1151  1996
[144] [    19000019] 1 | True  True 00 ( 1476, 1024)   6  1132  1820
[145] [    19009975] 1 | True  True 00 ( 1451, 1027)   5  1083  1492
[146] [    19019895] 1 | True  True 00 ( 1424, 1029)   4  1042  1384
[147] [    19029830] 1 | True  True 00 ( 1400, 1029)   4  1121  1688
[148] [    19039755] 1 | True  True 00 ( 1378, 1029)   4  1022  1804
[149] [    19049687] 1 | True  True 00 ( 1356, 1028)   6  1182  1760
[150] [    19059627] 1 | True  True 00 ( 1330, 1026)   6  1120  1476
[151] [    19069560] 1 | True  True 00 ( 1304, 1023)   6  1088  1124
[152] [    19079500] 1 | True  True 00 ( 1279, 1020)   4   973  1040
[153] [    19089421] 1 | True  True 00 ( 1256, 1014)   4   989  1452
[154] [    19099356] 1 | True  True 00 ( 1236, 1006)   5  1029  1640
[155] [    19109277] 1 | True  True 00 ( 1215,  995)   7  1061  1680
[156] [    19119206] 1 | True  True 00 ( 1192,  983)   5   901  1536
[157] [    19129151] 1 | True  True 00 ( 1169,  970)   5   910  1268
[158] [    19139079] 1 | True  True 00 ( 1145,  953)   5   938  1160
[159] [    19149017] 1 | True  True 00 ( 1124,  939)   4   925  1396
[160] [    19158958] 1 | True  True 00 ( 1107,  924)   4   956  1180
[161] [    19168878] 1 | True  True 00 ( 1091,  909)   5   943  1380
[162] [    19178811] 1 | True  True 00 ( 1077,  890)   5   894  1580
[163] [    19188751] 1 | True  True 00 ( 1063,  871)   8  1005  1544
[164] [    19198683] 1 | True  True 00 ( 1048,  851)   6   893  1396
[165] [    19208623] 1 | True  True 00 ( 1033,  830)   5   954  1416
[166] [    19218562] 1 | True  True 00 ( 1020,  808)   6   938  1028
[167] [    19228518] 1 | True  True 00 ( 1007,  789)   5   913  1264
[168] [    19238455] 1 | True  True 00 (  994,  766)   6   976  1280
[169] [    19248392] 1 | True  True 00 (  982,  743)   6   935  1140
[170] [    19258328] 1 | True  True 00 (  974,  719)   5   965  1240
[171] [    19268273] 1 | True  True 00 (  968,  695)   4   882  1088
[172] [    19278208] 1 | True  True 00 (  962,  673)   4   902  1132
[173] [    19288146] 1 | True  True 00 (  959,  649)   6   981  1212
[174] [    19298080] 1 | True  True 00 (  958,  624)   7  1038  1352
[175] [    19308038] 1 | True  True 00 (  956,  597)   5   975  1332
[176] [    19317958] 1 | True  True 00 (  955,  572)   4   909  1016
[177] [    19327896] 1 | True  True 00 (  956,  548)   4   877   984
[178] [    19337850] 1 | True  True 00 (  958,  525)   5   928  1164
[179] [    19347771] 1 | True  True 00 (  964,  500)   6  1017  1384
[180] [    19357725] 1 | True  True 00 (  969,  475)   6   948  1364
[181] [    19367667] 1 | True  True 00 (  976,  452)   4   842  1484
[182] [    19377602] 1 | True  True 00 (  984,  431)   6   953  1364
[183] [    19387536] 1 | True  True 00 (  997,  410)   7  1001  1384
[184] [    19397475] 1 | True  True 00 ( 1010,  389)   6   920  1644
[185] [    19407410] 1 | True  True 00 ( 1022,  365)   5   888  1764
[186] [    19417351] 1 | True  True 00 ( 1034,  343)   6   956  1644
[187] [    19427292] 1 | True  True 00 ( 1046,  321)   4   868  1324
[188] [    19437225] 1 | True  True 00 ( 1060,  301)   5   972  1020
[189] [    19447162] 1 | True  True 00 ( 1076,  283)   7  1061  1088
[190] [    19457096] 1 | True  True 00 ( 1096,  266)   7  1038  1304
[191] [    19467038] 1 | True  True 00 ( 1118,  249)   6  1034  1596
[192] [    19476971] 1 | True  True 00 ( 1142,  232)   6  1031  1712
[193] [    19486914] 1 | True  True 00 ( 1164,  216)   6  1051  1636
[194] [    19496848] 1 | True  True 00 ( 1184,  201)   6  1060  1384
[195] [    19506790] 1 | True  True 00 ( 1206,  190)   6  1069  1480
[196] [    19516725] 1 | True  True 00 ( 1229,  180)   6  1042  1740
[197] [    19526658] 1 | True  True 00 ( 1256,  171)   6  1122  2000
[198] [    19536599] 1 | True  True 00 ( 1281,  163)   4  1156  2092
[199] [    19546533] 1 | True  True 00 ( 1302,  156)   4  1075  1672
[200] [    19556473] 1 | True  True 00 ( 1321,  149)   4  1099  1292
[201] [    19566408] 1 | True  True 00 ( 1342,  144)   6  1189  1480
[202] [    19576327] 1 | True  True 00 ( 1365,  141)   6  1256  1768
[203] [    19586263] 1 | True  True 00 ( 1391,  141)   5  1169  1948
[204] [    19596197] 1 | True  True 00 ( 1415,  140)   4  1190  2000
[205] [    19606123] 1 | True  True 00 ( 1438,  140)   5  1195  1636
[206] [    19616054] 1 | True  True 00 ( 1459,  141)   4  1084  1408
[207] [    19625995] 1 | True  True 00 ( 1482,  143)   5  1191  1636
[208] [    19635927] 1 | True  True 00 ( 1510,  146)   7  1193  1936
[209] [    19645867] 1 | True  True 00 ( 1538,  151)   5  1125  2140
[210] [    19655808] 1 | True  True 00 ( 1561,  159)   6  1228  2240
[211] [    19665745] 1 | True  True 00 ( 1581,  168)   6  1168  1812
[212] [    19675676] 1 | True  True 00 ( 1599,  180)   6  1185  1608
[213] [    19685597] 1 | True  True 00 ( 1617,  192)   6  1144  1544
[214] [    19695531] 1 | True  True 00 ( 1638,  206)   7  1178  1692
[215] [    19705451] 1 | True  True 00 ( 1662,  220)   6  1149  1544
[216] [    19715389] 1 | True  True 00 ( 1685,  234)   4  1058  1772
[217] [    19725306] 1 | True  True 00 ( 1705,  248)   6  1110  1732
[218] [    19735247] 1 | True  True 00 ( 1722,  263)   6  1092  1668
[219] [    19745177] 1 | True  True 00 ( 1739,  282)   7  1156  1500
[220] [    19755118] 1 | True  True 00 ( 1753,  303)   5  1074  1348
[221] [    19765071] 1 | True  True 00 ( 1766,  324)   5  1085  1300
[222] [    19775008] 1 | True  True 00 ( 1779,  343)   5  1098  1360
[223] [    19784931] 1 | True  True 00 ( 1791,  363)   7  1085  1568
[224] [    19794865] 1 | True  True 00 ( 1802,  384)   5  1014  1756
[225] [    19804806] 1 | True  True 00 ( 1813,  407)   7  1083  1672
[226] [    19814742] 1 | True  True 00 ( 1824,  431)   6  1065  1608
[227] [    19824674] 1 | True  True 00 ( 1835,  457)   6  1095  1684
[228] [    19834614] 1 | True  True 00 ( 1843,  480)   5  1012  1948
[229] [    19844556] 1 | True  True 00 ( 1849,  505)   6  1035  1884
[230] [    19854492] 1 | True  True 00 ( 1856,  533)   6  1075  1928
[231] [    19864424] 1 | True  True 00 ( 1861,  561)   6  1101  1684
[232] [    19874364] 1 | True  True 00 ( 1860,  586)   6  1113  1688
[233] [    19884305] 1 | True  True 00 ( 1858,  608)   6  1100  1996
[234] [    19894241] 1 | True  True 00 ( 1853,  630)   7  1104  2064
[235] [    19904173] 1 | True  True 00 ( 1849,  653)   5  1016  1884
[236] [    19914094] 1 | True  True 00 ( 1842,  678)   5   999  1664
[237] [    19924028] 1 | True  True 00 ( 1839,  702)   6  1015  1288
[238] [    19933967] 1 | True  True 00 ( 1831,  724)   6  1058  1424
[239] [    19943909] 1 | True  True 00 ( 1820,  746)   6  1131  1532
[240] [    19953844] 1 | True  True 00 ( 1808,  769)   6  1035  1504
[241] [    19963778] 1 | True  True 00 ( 1796,  793)   5   961  1380
[242] [    19973717] 1 | True  True 00 ( 1784,  818)   5  1007  1400
[243] [    19983652] 1 | True  True 00 ( 1772,  840)   4   975  1336
[244] [    19993572] 1 | True  True 00 ( 1760,  859)   5  1028  1636
[245] [    20003508] 1 | True  True 00 ( 1746,  879)   6  1011  1860
[246] [    20013445] 1 | True  True 00 ( 1730,  897)   7  1121  1532
[247] [    20023383] 1 | True  True 00 ( 1713,  915)   6  1059  1328
[248] [    20033318] 1 | True  True 00 ( 1690,  931)   6  1083  1432
[249] [    20043263] 1 | True  True 00 ( 1668,  947)   6  1128  1592
[250] [    20053192] 1 | True  True 00 ( 1649,  963)   5  1068  1616
[251] [    20063129] 1 | True  True 00 ( 1631,  977)   6  1099  1524
[252] [    20073070] 1 | True  True 00 ( 1612,  988)   6  1176  1572
[253] [    20083007] 1 | True  True 00 ( 1589,  997)   7  1192  1380
[254] [    20092942] 1 | True  True 00 ( 1564, 1006)   5  1096  1236
[255] [    20102879] 1 | True  True 00 ( 1540, 1014)   5  1143  1640
[  0] [    20112815] 1 | True  True 00 ( 1518, 1018)   4  1143  1920
[  1] [    20122760] 1 | True  True 00 ( 1496, 1022)   6  1177  1972
[  2] [    20132695] 1 | True  True 00 ( 1474, 1026)   7  1123  1768
[  3] [    20142611] 1 | True  True 00 ( 1447, 1028)   4  1054  1440
[  4] [    20152552] 1 | True  True 00 ( 1421, 1029)   4  1087  1428
[  5] [    20162488] 1 | True  True 00 ( 1396, 1029)   5  1160  1736
[  6] [    20172420] 1 | True  True 00 ( 1375, 1028)   5  1130  1828
[  7] [    20182360] 1 | True  True 00 ( 1354, 1028)   6  1107  1712
[  8] [    20192281] 1 | True  True 00 ( 1330, 1025)   5  1042  1428
[  9] [    20202235] 1 | True  True 00 ( 1304, 1023)   5   998  1124
[ 10] [    20212156] 1 | True  True 00 ( 1278, 1021)   4   968  1064
[ 11] [    20222091] 1 | True  True 00 ( 1254, 1015)   4   971  1536
[ 12] [    20232044] 1 | True  True 00 ( 1232, 1006)   5  1032  1808
[ 13] [    20241964] 1 | True  True 00 ( 1211,  994)   6  1058  1744
[ 14] [    20251899] 1 | True  True 00 ( 1192,  981)   5   965  1476
[ 15] [    20261837] 1 | True  True 00 ( 1169,  966)   6  1031  1392
[ 16] [    20271780] 1 | True  True 00 ( 1145,  948)   4   885  1256
[ 17] [    20281695] 1 | True  True 00 ( 1124,  933)   4   975  1356
[ 18] [    20291632] 1 | True  True 00 ( 1104,  920)   4   876  1216
[ 19] [    20301567] 1 | True  True 00 ( 1089,  904)   4   905  1472
[ 20] [    20311502] 1 | True  True 00 ( 1076,  887)   7   960  1672
[ 21] [    20321437] 1 | True  True 00 ( 1062,  868)   6   937  1692
[ 22] [    20331383] 1 | True  True 00 ( 1048,  849)   6   967  1508
[ 23] [    20341299] 1 | True  True 00 ( 1032,  828)   6   973  1304
[ 24] [    20351233] 1 | True  True 00 ( 1016,  807)   6   969  1028
[ 25] [    20361174] 1 | True  True 00 ( 1002,  788)   4   892  1244
[ 26] [    20371106] 1 | True  True 00 (  991,  766)   6   955  1120
[ 27] [    20381045] 1 | True  True 00 (  982,  742)   5   914  1320
[ 28] [    20390986] 1 | True  True 00 (  973,  718)   6  1011  1280
[ 29] [    20400924] 1 | True  True 00 (  967,  694)   4   926  1068
[ 30] [    20410859] 1 | True  True 00 (  961,  671)   4   853  1096
[ 31] [    20420791] 1 | True  True 00 (  956,  646)   6   993  1452
[ 32] [    20430732] 1 | True  True 00 (  952,  617)   5   895  1452
[ 33] [    20440673] 1 | True  True 00 (  952,  590)   5   935  1252
[ 34] [    20450608] 1 | True  True 00 (  953,  566)   4   914   976
[ 35] [    20460541] 1 | True  True 00 (  954,  544)   4   897  1032
[ 36] [    20470481] 1 | True  True 00 (  956,  523)   6   978  1224
[ 37] [    20480402] 1 | True  True 00 (  963,  499)   6   990  1404
[ 38] [    20490337] 1 | True  True 00 (  970,  474)   6  1017  1524
[ 39] [    20500278] 1 | True  True 00 (  979,  451)   6   956  1364
[ 40] [    20510211] 1 | True  True 00 (  988,  428)   6   992  1324
[ 41] [    20520165] 1 | True  True 00 ( 1000,  406)   6   952  1524
[ 42] [    20530085] 1 | True  True 00 ( 1013,  385)   6   953  1744
[ 43] [    20540040] 1 | True  True 00 ( 1025,  361)   5   897  1704
[ 44] [    20549960] 1 | True  True 00 ( 1037,  338)   6  1007  1544
[ 45] [    20559915] 1 | True  True 00 ( 1049,  317)   4   874  1324
[ 46] [    20569835] 1 | True  True 00 ( 1062,  298)   6  1012   980
[ 47] [    20579769] 1 | True  True 00 ( 1079,  280)   6   965  1108
[ 48] [    20589708] 1 | True  True 00 ( 1101,  263)   7  1031  1364
[ 49] [    20599651] 1 | True  True 00 ( 1123,  246)   5   933  1556
[ 50] [    20609585] 1 | True  True 00 ( 1145,  231)   6   976  1676
[ 51] [    20619519] 1 | True  True 00 ( 1166,  215)   6  1037  1520
[ 52] [    20629458] 1 | True  True 00 ( 1185,  201)   5  1003  1384
[ 53] [    20639399] 1 | True  True 00 ( 1205,  188)   6  1105  1672
[ 54] [    20649335] 1 | True  True 00 ( 1227,  177)   7  1191  1812
[ 55] [    20659270] 1 | True  True 00 ( 1256,  167)   5  1102  2000
[ 56] [    20669203] 1 | True  True 00 ( 1281,  159)   4  1134  1976
[ 57] [    20679122] 1 | True  True 00 ( 1302,  152)   4  1168  1764
[ 58] [    20689064] 1 | True  True 00 ( 1322,  146)   4  1125  1316
[ 59] [    20699001] 1 | True  True 00 ( 1342,  144)   4  1044  1532
[ 60] [    20708937] 1 | True  True 00 ( 1366,  140)   6  1248  1820
[ 61] [    20718872] 1 | True  True 00 ( 1393,  138)   5  1230  2028
[ 62] [    20728807] 1 | True  True 00 ( 1418,  139)   4  1149  1872
[ 63] [    20738733] 1 | True  True 00 ( 1440,  140)   4  1165  1612
[ 64] [    20748664] 1 | True  True 00 ( 1461,  140)   4  1131  1384
[ 65] [    20758584] 1 | True  True 00 ( 1485,  142)   6  1205  1784
[ 66] [    20768517] 1 | True  True 00 ( 1512,  146)   7  1293  2112
[ 67] [    20778456] 1 | True  True 00 ( 1539,  152)   6  1133  2112
[ 68] [    20788391] 1 | True  True 00 ( 1560,  160)   6  1110  2088
[ 69] [    20798311] 1 | True  True 00 ( 1581,  169)   6  1190  1784
[ 70] [    20808248] 1 | True  True 00 ( 1600,  181)   6  1138  1508
[ 71] [    20818184] 1 | True  True 00 ( 1619,  194)   7  1186  1544
[ 72] [    20828121] 1 | True  True 00 ( 1640,  207)   7  1170  1692
[ 73] [    20838037] 1 | True  True 00 ( 1666,  222)   5  1077  1564
[ 74] [    20847976] 1 | True  True 00 ( 1689,  235)   4  1090  1732
[ 75] [    20857917] 1 | True  True 00 ( 1708,  248)   5  1030  1712
[ 76] [    20867853] 1 | True  True 00 ( 1724,  264)   6  1098  1712
[ 77] [    20877785] 1 | True  True 00 ( 1739,  284)   6  1084  1476
[ 78] [    20887706] 1 | True  True 00 ( 1753,  306)   5  1023  1276
[ 79] [    20897640] 1 | True  True 00 ( 1767,  327)   5  1063  1276
[ 80] [    20907580] 1 | True  True 00 ( 1780,  346)   6  1113  1380
[ 81] [    20917515] 1 | True  True 00 ( 1793,  366)   7  1129  1608
[ 82] [    20927456] 1 | True  True 00 ( 1806,  386)   6  1078  1716
[ 83] [    20937370] 1 | True  True 00 ( 1816,  410)   6  1052  1672
[ 84] [    20947307] 1 | True  True 00 ( 1827,  436)   7  1125  1548
[ 85] [    20957246] 1 | True  True 00 ( 1837,  461)   6  1029  1616
[ 86] [    20967183] 1 | True  True 00 ( 1846,  484)   6  1077  1884
[ 87] [    20977100] 1 | True  True 00 ( 1852,  508)   6  1089  2060
[ 88] [    20987053] 1 | True  True 00 ( 1857,  535)   6  1099  1928
[ 89] [    20996979] 1 | True  True 00 ( 1860,  562)   6  1105  1684
[ 90] [    21006930] 1 | True  True 00 ( 1861,  587)   5  1124  1576
[ 91] [    21016866] 1 | True  True 00 ( 1860,  610)   6  1111  1820
[ 92] [    21026805] 1 | True  True 00 ( 1860,  634)   7  1098  1864
[ 93] [    21036722] 1 | True  True 00 ( 1859,  657)   5   983  1664
[ 94] [    21046661] 1 | True  True 00 ( 1851,  681)   7  1121  1488
[ 95] [        2821] 1 | True  True 00 ( 1840,  704)   6   997  1396
[ 96] [       12757] 1 | True  True 00 ( 1830,  727)   6  1122  1448
[ 97] [       22690] 1 | True  True 00 ( 1818,  749)   5   952  1256
[ 98] [       32604] 1 | True  True 00 ( 1806,  772)   6  1137  1484
[ 99] [       42548] 1 | True  True 00 ( 1795,  796)   5   989  1464
[100] [       52479] 1 | True  True 00 ( 1784,  818)   5  1028  1400
[101] [       62415] 1 | True  True 00 ( 1773,  839)   4   996  1348
[102] [       72341] 1 | True  True 00 ( 1759,  859)   6  1085  1716
[103] [       82292] 1 | True  True 00 ( 1746,  878)   7  1049  1676
[104] [       92209] 1 | True  True 00 ( 1729,  895)   6  1069  1572
[105] [      102149] 1 | True  True 00 ( 1709,  911)   7  1183  1388
[106] [      112089] 1 | True  True 00 ( 1687,  928)   6  1111  1524
[107] [      122020] 1 | True  True 00 ( 1665,  947)   4   997  1664
[108] [      131960] 1 | True  True 00 ( 1646,  963)   7  1234  1684
[109] [      141881] 1 | True  True 00 ( 1629,  976)   5  1126  1780
[110] [      151815] 1 | True  True 00 ( 1611,  988)   6  1159  1500
[111] [      161750] 1 | True  True 00 ( 1588,  998)   6  1169  1404
[112] [      171689] 1 | True  True 00 ( 1562, 1005)   5  1162  1264
[113] [      181624] 1 | True  True 00 ( 1538, 1013)   4  1104  1668
[114] [      191565] 1 | True  True 00 ( 1515, 1020)   4  1050  1944
[115] [      201507] 1 | True  True 00 ( 1494, 1025)   5  1069  1972
[116] [      211434] 1 | True  True 00 ( 1473, 1028)   7  1159  1768
[117] [      221377] 1 | True  True 00 ( 1446, 1028)   6  1198  1440
[118] [      231310] 1 | True  True 00 ( 1419, 1030)   4  1056  1476
[119] [      241251] 1 | True  True 00 ( 1394, 1030)   4  1080  1736
[120] [      251186] 1 | True  True 00 ( 1373, 1030)   4  1039  1852
[121] [      261106] 1 | True  True 00 ( 1352, 1030)   6  1054  1664
[122] [      271041] 1 | True  True 00 ( 1327, 1028)   6  1076  1360
[123] [      280977] 1 | True  True 00 ( 1301, 1025)   4   939  1100
[124] [      290912] 1 | True  True 00 ( 1276, 1020)   4  1026  1180
[125] [      300837] 1 | True  True 00 ( 1253, 1014)   4   988  1516
[126] [      310789] 1 | True  True 00 ( 1234, 1006)   5  1020  1664
[127] [      320706] 1 | True  True 00 ( 1213,  995)   5   979  1828
[128] [      330645] 1 | True  True 00 ( 1188,  983)   5   951  1536
[129] [      340586] 1 | True  True 00 ( 1166,  970)   6  1042  1392
[130] [      350518] 1 | True  True 00 ( 1143,  954)   4   881  1296
[131] [      360457] 1 | True  True 00 ( 1123,  939)   4   892  1256
[132] [      370378] 1 | True  True 00 ( 1105,  923)   5   978  1196
[133] [      380312] 1 | True  True 00 ( 1089,  905)   5   955  1528
[134] [      390246] 1 | True  True 00 ( 1074,  887)   5   867  1472
[135] [      400186] 1 | True  True 00 ( 1060,  866)   6   929  1544
[136] [      410121] 1 | True  True 00 ( 1046,  845)   6   910  1416
[137] [      420039] 1 | True  True 00 ( 1031,  824)   6   928  1288
[138] [      429975] 1 | True  True 00 ( 1015,  804)   4   848  1164
[139] [      439911] 1 | True  True 00 ( 1003,  785)   6   941  1204
[140] [      449829] 1 | True  True 00 (  992,  762)   5   836  1224
[141] [      459769] 1 | True  True 00 (  983,  737)   6   921  1240
[142] [      469689] 1 | True  True 00 (  975,  712)   4   870  1144
[143] [      479624] 1 | True  True 00 (  968,  690)   4   912  1048
[144] [      489538] 1 | True  True 00 (  963,  668)   5   937  1076
[145] [      499476] 1 | True  True 00 (  959,  643)   6   987  1352
[146] [      509411] 1 | True  True 00 (  956,  616)   6  1009  1412
[147] [      519356] 1 | True  True 00 (  955,  590)   4   891  1252
[148] [      529284] 1 | True  True 00 (  954,  566)   4   914   996
[149] [      539208] 1 | True  True 00 (  956,  543)   4   902  1084
[150] [      549121] 1 | True  True 00 (  959,  520)   6   993  1264
[151] [      559054] 1 | True  True 00 (  963,  496)   5   896  1324
[152] [      568974] 1 | True  True 00 (  967,  471)   5   961  1464
[153] [      578910] 1 | True  True 00 (  975,  447)   5   874  1324
[154] [      588827] 1 | True  True 00 (  985,  426)   6   958  1264
[155] [      598747] 1 | True  True 00 (  997,  405)   6   925  1524
[156] [      608681] 1 | True  True 00 ( 1011,  384)   5   908  1684
[157] [      618623] 1 | True  True 00 ( 1024,  360)   5   917  1784
[158] [      628557] 1 | True  True 00 ( 1036,  337)   5   935  1624
[159] [      638500] 1 | True  True 00 ( 1048,  316)   4   873  1224
[160] [      648414] 1 | True  True 00 ( 1062,  295)   5   944   920
[161] [      658352] 1 | True  True 00 ( 1078,  277)   6   990  1052
[162] [      668286] 1 | True  True 00 ( 1099,  260)   7  1015  1324
[163] [      678222] 1 | True  True 00 ( 1122,  243)   7  1080  1636
[164] [      688137] 1 | True  True 00 ( 1146,  227)   7  1092  1692
[165] [      698078] 1 | True  True 00 ( 1167,  211)   6  1064  1576
[166] [      707998] 1 | True  True 00 ( 1187,  197)   5  1021  1400
[167] [      717933] 1 | True  True 00 ( 1205,  185)   6  1031  1340
[168] [      727867] 1 | True  True 00 ( 1227,  175)   7  1188  1880
[169] [      737786] 1 | True  True 00 ( 1251,  167)   6  1130  2072
[170] [      747723] 1 | True  True 00 ( 1277,  159)   4  1109  1904
[171] [      757660] 1 | True  True 00 ( 1300,  154)   4  1113  1692
[172] [      767596] 1 | True  True 00 ( 1322,  149)   4  1063  1272
[173] [      777518] 1 | True  True 00 ( 1343,  144)   5  1152  1532
[174] [      787453] 1 | True  True 00 ( 1369,  142)   6  1245  2028
[175] [      797385] 1 | True  True 00 ( 1395,  141)   5  1182  1924
[176] [      807327] 1 | True  True 00 ( 1419,  141)   4  1129  1844
[177] [      817264] 1 | True  True 00 ( 1440,  141)   4  1121  1664
[178] [      827204] 1 | True  True 00 ( 1463,  142)   5  1220  1536
[179] [      837135] 1 | True  True 00 ( 1487,  144)   5  1099  1760
[180] [      847078] 1 | True  True 00 ( 1513,  147)   7  1212  2140
[181] [      856996] 1 | True  True 00 ( 1540,  152)   5  1114  2140
[182] [      866930] 1 | True  True 00 ( 1563,  159)   6  1189  2064
[183] [      876884] 1 | True  True 00 ( 1584,  169)   7  1267  1888
[184] [      886804] 1 | True  True 00 ( 1602,  181)   5  1168  1636
[185] [      896739] 1 | True  True 00 ( 1622,  193)   6  1164  1616
[186] [      906678] 1 | True  True 00 ( 1642,  207)   6  1168  1692
[187] [      916621] 1 | True  True 00 ( 1666,  222)   5  1071  1568
[188] [      926555] 1 | True  True 00 ( 1689,  236)   5  1145  1836
[189] [      936497] 1 | True  True 00 ( 1709,  250)   5  1076  1732
[190] [      946430] 1 | True  True 00 ( 1726,  266)   6  1115  1668
[191] [      956364] 1 | True  True 00 ( 1740,  286)   6  1099  1500
[192] [      966303] 1 | True  True 00 ( 1753,  307)   5  1007  1276
[193] [      976238] 1 | True  True 00 ( 1768,  326)   5  1093  1372
[194] [      986178] 1 | True  True 00 ( 1782,  345)   6  1109  1360
[195] [      996113] 1 | True  True 00 ( 1795,  365)   6  1035  1568
[196] [     1006033] 1 | True  True 00 ( 1807,  388)   6  1082  1716
[197] [     1015950] 1 | True  True 00 ( 1818,  413)   6  1043  1632
[198] [     1025882] 1 | True  True 00 ( 1829,  437)   7  1033  1568
[199] [     1035823] 1 | True  True 00 ( 1840,  462)   5  1011  1660
[200] [     1045764] 1 | True  True 00 ( 1848,  486)   6  1090  1884
[201] [     1055700] 1 | True  True 00 ( 1855,  511)   7  1091  1972
[202] [     1065632] 1 | True  True 00 ( 1859,  537)   6  1080  1860
[203] [     1075552] 1 | True  True 00 ( 1859,  563)   6  1090  1660
[204] [     1085494] 1 | True  True 00 ( 1860,  589)   6  1091  1640
[205] [     1095428] 1 | True  True 00 ( 1859,  612)   5  1015  1884
[206] [     1105361] 1 | True  True 00 ( 1858,  636)   5  1007  1796
[207] [     1115296] 1 | True  True 00 ( 1855,  660)   7  1127  1732
[208] [     1125238] 1 | True  True 00 ( 1849,  684)   7  1106  1688
[209] [     1135172] 1 | True  True 00 ( 1844,  709)   6  1046  1384
[210] [     1145115] 1 | True  True 00 ( 1837,  732)   6  1078  1488
[211] [     1155049] 1 | True  True 00 ( 1825,  753)   7  1114  1300
[212] [     1164991] 1 | True  True 00 ( 1811,  776)   7  1125  1360
[213] [     1174924] 1 | True  True 00 ( 1796,  799)   7  1080  1484
[214] [     1184866] 1 | True  True 00 ( 1783,  823)   6  1105  1336
[215] [     1194800] 1 | True  True 00 ( 1770,  844)   5  1031  1328
[216] [     1204735] 1 | True  True 00 ( 1758,  862)   6  1120  1736
[217] [     1214656] 1 | True  True 00 ( 1747,  881)   6   945  1736
[218] [     1224594] 1 | True  True 00 ( 1732,  900)   5   994  1596
[219] [     1234548] 1 | True  True 00 ( 1708,  916)   6  1073  1292
[220] [     1244470] 1 | True  True 00 ( 1686,  933)   5  1054  1548
[221] [     1254404] 1 | True  True 00 ( 1665,  949)   6  1172  1708
[222] [     1264361] 1 | True  True 00 ( 1645,  964)   5  1038  1616
[223] [     1274301] 1 | True  True 00 ( 1627,  978)   7  1211  1708
[224] [     1284234] 1 | True  True 00 ( 1606,  989)   6  1167  1572
[225] [     1294174] 1 | True  True 00 ( 1582, 1000)   5  1068  1404
[226] [     1304129] 1 | True  True 00 ( 1558, 1007)   4  1114  1288
[227] [     1314069] 1 | True  True 00 ( 1534, 1015)   5  1141  1692
[228] [     1324010] 1 | True  True 00 ( 1513, 1020)   4  1079  1920
[229] [     1333946] 1 | True  True 00 ( 1494, 1024)   5  1081  1972
[230] [     1343878] 1 | True  True 00 ( 1473, 1027)   7  1158  1768
[231] [     1353818] 1 | True  True 00 ( 1452, 1029)   5  1069  1640
[232] [     1363760] 1 | True  True 00 ( 1437, 1031)   6  1070  1640
[233] [     1373715] 1 | True  True 00 ( 1429, 1032)   6  1130  1692
[234] [     1383651] 1 | True  True 00 ( 1422, 1032)   6  1155  1640
[235] [     1393587] 1 | True  True 00 ( 1417, 1032)   6  1086  1668
[236] [     1403530] 1 | True  True 00 ( 1415, 1032)   5   793  1188
[237] [     1413471] 1 |False  True 00 ( 1415, 1032)   5   793  1188
[238] [     1423419] 0 
