[ 32] [    20166791]   0-None                     (    0)
[ 33] [    20176787]   0-None                     (    0)
[ 34] [    20186770]   0-None                     (    0)
[ 35] [    20196768]   0-None                     (    0)
[ 36] [    20206768]   0-None                     (    0)
[ 37] [    20216768]   0-None                     (    0)
[ 38] [    20226767]   0-None                     (    0)
[ 39] [    20236748]   0-None                     (    0)
[ 40] [    20246751]   0-None                     (    0)
[ 41] [    20256745]   0-None                     (    0)
[ 42] [    20266737]   0-None                     (    0)
[ 43] [    20276721]   0-None                     (    0)
[ 44] [    20286713]   0-None                     (    0)
[ 45] [    20296715]   0-None                     (    0)
[ 46] [    20306696]   0-None                     (    0)
[ 47] [    20316698]   0-None                     (    0)
[ 48] [    20326674]   0-None                     (    0)
[ 49] [    20336674]   0-None                     (    0)
[ 50] [    20346674]   0-None                     (    0)
[ 51] [    20356654]   0-None                     (    0)
[ 52] [    20366658]   0-None                     (    0)
[ 53] [    20376636]   0-None                     (    0)
[ 54] [    20386638]   0-None                     (    0)
[ 55] [    20396619]   0-None                     (    0)
[ 56] [    20406613]   0-None                     (    0)
[ 57] [    20416611]   0-None                     (    0)
[ 58] [    20426608]   0-None                     (    0)
[ 59] [    20436594]   0-None                     (    0)
[ 60] [    20446588]   0-None                     (    0)
[ 61] [    20456569]   0-None                     (    0)
[ 62] [    20466552]   0-None                     (    0)
[ 63] [    20476552]   0-None                     (    0)
[ 64] [    20486527]   0-None                     (    0)
[ 65] [    20496532]   0-None                     (    0)
[ 66] [    20506510]   0-None                     (    0)
[ 67] [    20516512]   0-None                     (    0)
[ 68] [    20526486]   0-None                     (    0)
[ 69] [    20536484]   0-None                     (    0)
[ 70] [    20546482]   0-None                     (    0)
[ 71] [    20556467]   0-None                     (    0)
[ 72] [    20566461]   0-None                     (    0)
[ 73] [    20576462]   0-None                     (    0)
[ 74] [    20586444]   0-None                     (    0)
[ 75] [    20596443]   0-None                     (    0)
[ 76] [    20606441]   0-None                     (    0)
[ 77] [    20616419]   0-None                     (    0)
[ 78] [    20626421]   0-None                     (    0)
[ 79] [    20636421]   0-None                     (    0)
[ 80] [    20646421]   0-None                     (    0)
[ 81] [    20656421]   0-None                     (    0)
[ 82] [    20666421]   0-None                     (    0)
[ 83] [    20676421]   0-None                     (    0)
[ 84] [    20686401]   0-None                     (    0)
[ 85] [    20696405]   0-None                     (    0)
[ 86] [    20706404]   0-None                     (    0)
[ 87] [    20716404]   0-None                     (    0)
[ 88] [    20726404]   0-None                     (    0)
[ 89] [    20736404]   0-None                     (    0)
[ 90] [    20746381]   0-None                     (    0)
[ 91] [    20756381]   0-None                     (    0)
[ 92] [    20766362]   0-None                     (    0)
[ 93] [    20776360]   0-None                     (    0)
[ 94] [    20786373]   0-None                     (    0)
[ 95] [    20796360]   0-None                     (    0)
[ 96] [    20806360]   0-None                     (    0)
[ 97] [    20816359]   0-None                     (    0)
[ 98] [    20826374]   0-None                     (    0)
[ 99] [    20836356]   0-None                     (    0)
[100] [    20846354]   0-None                     (    0)
[101] [    20856352]   0-None                     (    0)
[102] [    20866357]   0-None                     (    0)
[103] [    20876357]   0-None                     (    0)
[104] [    20886357]   0-None                     (    0)
[105] [    20896353]   0-None                     (    0)
[106] [    20906351]   0-None                     (    0)
[107] [    20916335]   0-None                     (    0)
[108] [    20926333]   0-None                     (    0)
[109] [    20936334]   0-None                     (    0)
[110] [    20946333]   0-None                     (    0)
[111] [    20956333]   0-None                     (    0)
[112] [    20966333]   0-None                     (    0)
[113] [    20976333]   0-None                     (    0)
[114] [    20986313]   0-None                     (    0)
[115] [    20996310]   0-None                     (    0)
[116] [    21006314]   0-None                     (    0)
[117] [    21016311]   0-None                     (    0)
[118] [    21026315]   0-None                     (    0)
[119] [    21036312]   0-None                     (    0)
[120] [    21046313]   0-None                     (    0)
[121] [        2547]   0-None                     (    0)
[122] [       12531]   0-None                     (    0)
[123] [       22530]   0-None                     (    0)
[124] [       32529]   0-None                     (    0)
[125] [       42507]   0-None                     (    0)
[126] [       52511]   0-None                     (    0)
[127] [       62507]   0-None                     (    0)
[128] [       72490]   0-None                     (    0)
[129] [       82491]   0-None                     (    0)
[130] [       92491]   0-None                     (    0)
[131] [      102491]   0-None                     (    0)
[132] [      112491]   0-None                     (    0)
[133] [      122472]   0-None                     (    0)
[134] [      132484]   0-None                     (    0)
[135] [      142490]   0-None                     (    0)
[136] [      152470]   0-None                     (    0)
[137] [      162482]   0-None                     (    0)
[138] [      172468]   0-None                     (    0)
[139] [      182482]   0-None                     (    0)
[140] [      192469]   0-None                     (    0)
[141] [      202482]   0-None                     (    0)
[142] [      212468]   0-None                     (    0)
[143] [      222481]   0-None                     (    0)
[144] [      232467]   0-None                     (    0)
[145] [      242482]   0-None                     (    0)
[146] [      252468]   0-None                     (    0)
[147] [      262459]   0-None                     (    0)
[148] [      272465]   0-None                     (    0)
[149] [      282462]   0-None                     (    0)
[150] [      292462]   0-None                     (    0)
[151] [      302463]   0-None                     (    0)
[152] [      312444]   0-None                     (    0)
[153] [      322437]   0-None                     (    0)
[154] [      332444]   0-None                     (    0)
[155] [      342443]   0-None                     (    0)
[156] [      352441]   0-None                     (    0)
[157] [      362441]   0-None                     (    0)
[158] [      372441]   0-None                     (    0)
[159] [      382420]   0-None                     (    0)
[160] [      392417]   0-None                     (    0)
[161] [      402421]   0-None                     (    0)
[162] [      412419]   0-None                     (    0)
[163] [      422416]   0-None                     (    0)
[164] [      432421]   0-None                     (    0)
[165] [      442420]   0-None                     (    0)
[166] [      452419]   0-None                     (    0)
[167] [      462417]   0-None                     (    0)
[168] [      472421]   0-None                     (    0)
[169] [      482418]   0-None                     (    0)
[170] [      492415]   0-None                     (    0)
[171] [      502399]   0-None                     (    0)
[172] [      512398]   0-None                     (    0)
[173] [      522399]   0-None                     (    0)
[174] [      532398]   0-None                     (    0)
[175] [      542398]   0-None                     (    0)
[176] [      552398]   0-None                     (    0)
[177] [      562398]   0-None                     (    0)
[178] [      572397]   0-None                     (    0)
[179] [      582397]   0-None                     (    0)
[180] [      592398]   0-None                     (    0)
[181] [      602379]   0-None                     (    0)
[182] [      612394]   0-None                     (    0)
[183] [      622375]   0-None                     (    0)
[184] [      632373]   0-None                     (    0)
[185] [      642377]   0-None                     (    0)
[186] [      652374]   0-None                     (    0)
[187] [      662357]   0-None                     (    0)
[188] [      672353]   0-None                     (    0)
[189] [      682352]   0-None                     (    0)
[190] [      692353]   0-None                     (    0)
[191] [      702354]   0-None                     (    0)
[192] [      712337]   0-None                     (    0)
[193] [      722330]   0-None                     (    0)
[194] [      732336]   0-None                     (    0)
[195] [      742314]   0-None                     (    0)
[196] [      752308]   0-None                     (    0)
[197] [      762309]   0-None                     (    0)
[198] [      772310]   0-None                     (    0)
[199] [      782290]   0-None                     (    0)
[200] [      792289]   0-None                     (    0)
[201] [      802287]   0-None                     (    0)
[202] [      812292]   0-None                     (    0)
[203] [      822290]   0-None                     (    0)
[204] [      832289]   0-None                     (    0)
[205] [      842287]   0-None                     (    0)
[206] [      852292]   0-None                     (    0)
[207] [      862289]   0-None                     (    0)
[208] [      872286]   0-None                     (    0)
[209] [      882268]   0-None                     (    0)
[210] [      892267]   0-None                     (    0)
[211] [      902268]   0-None                     (    0)
[212] [      912269]   0-None                     (    0)
[213] [      922270]   0-None                     (    0)
[214] [      932248]   0-None                     (    0)
[215] [      942245]   0-None                     (    0)
[216] [      952231]   0-None                     (    0)
[217] [      962231]   0-None                     (    0)
[218] [      972231]   0-None                     (    0)
[219] [      982211]   0-None                     (    0)
[220] [      992211]   0-None                     (    0)
[221] [     1002207]   0-None                     (    0)
[222] [     1012199]   0-None                     (    0)
[223] [     1022183]   0-None                     (    0)
[224] [     1032184]   0-None                     (    0)
[225] [     1042177]   0-None                     (    0)
[226] [     1052179]   0-None                     (    0)
[227] [     1062159]   0-None                     (    0)
[228] [     1072163]   0-None                     (    0)
[229] [     1082159]   0-None                     (    0)
[230] [     1092156]   0-None                     (    0)
[231] [     1102161]   0-None                     (    0)
[232] [     1112137]   0-None                     (    0)
[233] [     1122137]   0-None                     (    0)
[234] [     1132117]   0-None                     (    0)
[235] [     1142120]   0-None                     (    0)
[236] [     1152118]   0-None                     (    0)
[237] [     1162100]   0-None                     (    0)
[238] [     1172102]   0-None                     (    0)
[239] [     1182099]   0-None                     (    0)
[240] [     1192100]   0-None                     (    0)
[241] [     1202080]   0-None                     (    0)
[242] [     1212080]   0-None                     (    0)
[243] [     1222077]   0-None                     (    0)
[244] [     1232055]   0-None                     (    0)
[245] [     1242055]   0-None                     (    0)
[246] [     1252049]   0-None                     (    0)
[247] [     1262051]   0-None                     (    0)
[248] [     1272052]   0-None                     (    0)
[249] [     1282053]   0-None                     (    0)
[250] [     1292053]   0-None                     (    0)
[251] [     1302053]   0-None                     (    0)
[252] [     1312053]   0-None                     (    0)
[253] [     1322052]   0-None                     (    0)
[254] [     1332052]   0-None                     (    0)
[255] [     1342052]   0-None                     (    0)
[  0] [     1352052]   0-None                     (    0)
[  1] [     1362052]   0-None                     (    0)
[  2] [     1372052]   0-None                     (    0)
[  3] [     1382052]   0-None                     (    0)
[  4] [     1392073]   0-None                     (    0)
[  5] [     1402071]   0-None                     (    0)
[  6] [     1412047]   0-None                     (    0)
[  7] [     1422049]   0-None                     (    0)
[  8] [     1432049]   0-None                     (    0)
[  9] [     1442049]   0-None                     (    0)
[ 10] [     1452049]   0-None                     (    0)
[ 11] [     1462049]   0-None                     (    0)
[ 12] [     1472052]   0-None                     (    0)
[ 13] [     1482048]   0-None                     (    0)
[ 14] [     1492051]   0-None                     (    0)
[ 15] [     1502054]   0-None                     (    0)
[ 16] [     1512046]   0-None                     (    0)
[ 17] [     1522052]   0-None                     (    0)
[ 18] [     1532050]   0-None                     (    0)
[ 19] [     1542050]   0-None                     (    0)
[ 20] [     1552051]   0-None                     (    0)
[ 21] [     1562067]   0-None                     (    0)
[ 22] [     1572045]   0-None                     (    0)
[ 23] [     1582068]   0-None                     (    0)
[ 24] [     1592068]   0-None                     (    0)
[ 25] [     1602047]   0-None                     (    0)
[ 26] [     1612048]   0-None                     (    0)
[ 27] [     1622048]   0-None                     (    0)
[ 28] [     1632048]   0-None                     (    0)
[ 29] [     1642048]   0-None                     (    0)
[ 30] [     1652070]   0-None                     (    0)
[ 31] [     1662065]   0-None                     (    0)
[ 32] [     1672065]   0-None                     (    0)
[ 33] [     1682065]   0-None                     (    0)
[ 34] [     1692072]   0-None                     (    0)
[ 35] [     1702064]   0-None                     (    0)
[ 36] [     1712071]   0-None                     (    0)
[ 37] [     1722064]   0-None                     (    0)
[ 38] [     1732064]   0-None                     (    0)
[ 39] [     1742064]   0-None                     (    0)
[ 40] [     1752064]   0-None                     (    0)
[ 41] [     1762064]   0-None                     (    0)
[ 42] [     1772063]   0-None                     (    0)
[ 43] [     1782066]   0-None                     (    0)
[ 44] [     1792069]   0-None                     (    0)
[ 45] [     1802068]   0-None                     (    0)
[ 46] [     1812063]   0-None                     (    0)
[ 47] [     1822082]   0-None                     (    0)
[ 48] [     1832072]   0-None                     (    0)
[ 49] [     1842089]   0-None                     (    0)
[ 50] [     1852092]   0-None                     (    0)
[ 51] [     1862086]   0-None                     (    0)
[ 52] [     1872087]   0-None                     (    0)
[ 53] [     1882091]   0-None                     (    0)
[ 54] [     1892106]   0-None                     (    0)
[ 55] [     1902112]   0-None                     (    0)
[ 56] [     1912111]   0-None                     (    0)
[ 57] [     1922111]   0-None                     (    0)
[ 58] [     1932111]   0-None                     (    0)
[ 59] [     1942131]   0-None                     (    0)
[ 60] [     1952131]   0-None                     (    0)
[ 61] [     1962131]   0-None                     (    0)
[ 62] [     1972131]   0-None                     (    0)
[ 63] [     1982130]   0-None                     (    0)
[ 64] [     1992130]   0-None                     (    0)
[ 65] [     2002130]   0-None                     (    0)
[ 66] [     2012130]   0-None                     (    0)
[ 67] [     2022130]   0-None                     (    0)
[ 68] [     2032150]   0-None                     (    0)
[ 69] [     2042147]   0-None                     (    0)
[ 70] [     2052146]   0-None                     (    0)
[ 71] [     2062145]   0-None                     (    0)
[ 72] [     2072148]   0-None                     (    0)
[ 73] [     2082144]   0-None                     (    0)
[ 74] [     2092147]   0-None                     (    0)
[ 75] [     2102144]   0-None                     (    0)
[ 76] [     2112148]   0-None                     (    0)
[ 77] [     2122144]   0-None                     (    0)
[ 78] [     2132148]   0-None                     (    0)
[ 79] [     2142144]   0-None                     (    0)
[ 80] [     2152128]   0-None                     (    0)
[ 81] [     2162128]   0-None                     (    0)
[ 82] [     2172128]   0-None                     (    0)
[ 83] [     2182128]   0-None                     (    0)
[ 84] [     2192128]   0-None                     (    0)
[ 85] [     2202127]   0-None                     (    0)
[ 86] [     2212127]   0-None                     (    0)
[ 87] [     2222127]   0-None                     (    0)
[ 88] [     2232127]   0-None                     (    0)
[ 89] [     2242127]   0-None                     (    0)
[ 90] [     2252127]   0-None                     (    0)
[ 91] [     2262126]   0-None                     (    0)
[ 92] [     2272126]   0-None                     (    0)
[ 93] [     2282126]   0-None                     (    0)
[ 94] [     2292126]   0-None                     (    0)
[ 95] [     2302125]   0-None                     (    0)
[ 96] [     2312124]   0-None                     (    0)
[ 97] [     2322123]   0-None                     (    0)
[ 98] [     2332102]   0-None                     (    0)
[ 99] [     2342106]   0-None                     (    0)
[100] [     2352105]   0-None                     (    0)
[101] [     2362103]   0-None                     (    0)
[102] [     2372105]   0-None                     (    0)
[103] [     2382099]   0-None                     (    0)
[104] [     2392101]   0-None                     (    0)
[105] [     2402085]   0-None                     (    0)
[106] [     2412083]   0-None                     (    0)
[107] [     2422078]   0-None                     (    0)
[108] [     2432059]   0-None                     (    0)
[109] [     2442059]   0-None                     (    0)
[110] [     2452059]   0-None                     (    0)
[111] [     2462059]   0-None                     (    0)
[112] [     2472038]   0-None                     (    0)
[113] [     2482053]   0-None                     (    0)
[114] [     2492039]   0-None                     (    0)
[115] [     2502053]   0-None                     (    0)
[116] [     2512037]   0-None                     (    0)
[117] [     2522031]   0-None                     (    0)
[118] [     2532033]   0-None                     (    0)
[119] [     2542033]   0-None                     (    0)
[120] [     2552034]   0-None                     (    0)
[121] [     2562035]   0-None                     (    0)
[122] [     2572015]   0-None                     (    0)
[123] [     2582032]   0-None                     (    0)
[124] [     2592032]   0-None                     (    0)
[125] [     2602013]   0-None                     (    0)
[126] [     2612010]   0-None                     (    0)
[127] [     2622014]   0-None                     (    0)
[128] [     2632011]   0-None                     (    0)
[129] [     2642016]   0-None                     (    0)
[130] [     2652012]   0-None                     (    0)
[131] [     2662015]   0-None                     (    0)
[132] [     2672009]   0-None                     (    0)
[133] [     2682012]   0-None                     (    0)
[134] [     2692029]   0-None                     (    0)
[135] [     2702029]   0-None                     (    0)
[136] [     2712029]   0-None                     (    0)
[137] [     2722029]   0-None                     (    0)
[138] [     2732009]   0-None                     (    0)
[139] [     2742015]   0-None                     (    0)
[140] [     2752012]   0-None                     (    0)
[141] [     2762011]   0-None                     (    0)
[142] [     2772010]   0-None                     (    0)
[143] [     2782008]   0-None                     (    0)
[144] [     2792014]   0-None                     (    0)
[145] [     2802012]   0-None                     (    0)
[146] [     2812010]   0-None                     (    0)
[147] [     2821987]   0-None                     (    0)
[148] [     2831989]   0-None                     (    0)
[149] [     2841989]   0-None                     (    0)
[150] [     2851989]   0-None                     (    0)
[151] [     2861989]   0-None                     (    0)
[152] [     2871989]   0-None                     (    0)
[153] [     2881969]   0-None                     (    0)
[154] [     2891973]   0-None                     (    0)
[155] [     2901972]   0-None                     (    0)
[156] [     2911972]   0-None                     (    0)
[157] [     2921972]   0-None                     (    0)
[158] [     2931952]   0-None                     (    0)
[159] [     2941947]   0-None                     (    0)
[160] [     2951949]   0-None                     (    0)
[161] [     2961949]   0-None                     (    0)
[162] [     2971949]   0-None                     (    0)
[163] [     2981950]   0-None                     (    0)
[164] [     2991951]   0-None                     (    0)
[165] [     3001931]   0-None                     (    0)
[166] [     3011946]   0-None                     (    0)
[167] [     3021926]   0-None                     (    0)
[168] [     3031926]   0-None                     (    0)
[169] [     3041927]   0-None                     (    0)
[170] [     3051920]   0-None                     (    0)
[171] [     3061920]   0-None                     (    0)
[172] [     3071920]   0-None                     (    0)
[173] [     3081920]   0-None                     (    0)
[174] [     3091920]   0-None                     (    0)
[175] [     3101905]   0-None                     (    0)
[176] [     3111898]   0-None                     (    0)
[177] [     3121900]   0-None                     (    0)
[178] [     3131902]   0-None                     (    0)
[179] [     3141902]   0-None                     (    0)
[180] [     3151902]   0-None                     (    0)
[181] [     3161902]   0-None                     (    0)
[182] [     3171902]   0-None                     (    0)
[183] [     3181902]   0-None                     (    0)
[184] [     3191902]   0-None                     (    0)
[185] [     3201897]   0-None                     (    0)
[186] [     3211899]   0-None                     (    0)
[187] [     3221899]   0-None                     (    0)
[188] [     3231901]   0-None                     (    0)
[189] [     3241900]   0-None                     (    0)
[190] [     3251902]   0-None                     (    0)
[191] [     3261904]   0-None                     (    0)
[192] [     3271899]   0-None                     (    0)
[193] [     3281900]   0-None                     (    0)
[194] [     3291902]   0-None                     (    0)
[195] [     3301900]   0-None                     (    0)
[196] [     3311899]   0-None                     (    0)
[197] [     3321920]   0-None                     (    0)
[198] [     3331918]   0-None                     (    0)
[199] [     3341916]   0-None                     (    0)
[200] [     3351901]   0-None                     (    0)
[201] [     3361916]   0-None                     (    0)
[202] [     3371901]   0-None                     (    0)
[203] [     3381894]   0-None                     (    0)
[204] [     3391897]   0-None                     (    0)
[205] [     3401898]   0-None                     (    0)
[206] [     3411898]   0-None                     (    0)
[207] [     3421898]   0-None                     (    0)
[208] [     3431898]   0-None                     (    0)
[209] [     3441878]   0-None                     (    0)
[210] [     3451875]   0-None                     (    0)
[211] [     3461879]   0-None                     (    0)
[212] [     3471876]   0-None                     (    0)
[213] [     3481873]   0-None                     (    0)
[214] [     3491877]   0-None                     (    0)
[215] [     3501874]   0-None                     (    0)
[216] [     3511878]   0-None                     (    0)
[217] [     3521875]   0-None                     (    0)
[218] [     3531872]   0-None                     (    0)
[219] [     3541876]   0-None                     (    0)
[220] [     3551873]   0-None                     (    0)
[221] [     3561875]   0-None                     (    0)
[222] [     3571878]   0-None                     (    0)
[223] [     3581873]   0-None                     (    0)
[224] [     3591878]   0-None                     (    0)
[225] [     3601876]   0-None                     (    0)
[226] [     3611872]   0-None                     (    0)
[227] [     3621856]   0-None                     (    0)
[228] [     3631856]   0-None                     (    0)
[229] [     3641854]   0-None                     (    0)
[230] [     3651854]   0-None                     (    0)
[231] [     3661853]   0-None                     (    0)
[232] [     3671832]   0-None                     (    0)
[233] [     3681834]   0-None                     (    0)
[234] [     3691833]   0-None                     (    0)
[235] [     3701836]   0-None                     (    0)
[236] [     3711833]   0-None                     (    0)
[237] [     3721836]   0-None                     (    0)
[238] [     3731833]   0-None                     (    0)
[239] [     3741831]   0-None                     (    0)
[240] [     3751833]   0-None                     (    0)
[241] [     3761831]   0-None                     (    0)
[242] [     3771814]   0-None                     (    0)
[243] [     3781815]   0-None                     (    0)
[244] [     3791815]   0-None                     (    0)
[245] [     3801815]   0-None                     (    0)
[246] [     3811808]   0-None                     (    0)
[247] [     3821808]   0-None                     (    0)
[248] [     3831808]   0-None                     (    0)
[249] [     3841808]   0-None                     (    0)
[250] [     3851795]   0-None                     (    0)
[251] [     3861792]   0-None                     (    0)
[252] [     3871790]   0-None                     (    0)
[253] [     3881789]   0-None                     (    0)
[254] [     3891789]   0-None                     (    0)
[255] [     3901789]   0-None                     (    0)
[  0] [     3911790]   0-None                     (    0)
[  1] [     3921789]   0-None                     (    0)
[  2] [     3931783]   0-None                     (    0)
[  3] [     3941768]   0-None                     (    0)
[  4] [     3951761]   0-None                     (    0)
[  5] [     3961763]   0-None                     (    0)
[  6] [     3971765]   0-None                     (    0)
[  7] [     3981765]   0-None                     (    0)
[  8] [     3991765]   0-None                     (    0)
[  9] [     4001745]   0-None                     (    0)
[ 10] [     4011744]   0-None                     (    0)
[ 11] [     4021742]   0-None                     (    0)
[ 12] [     4031740]   0-None                     (    0)
[ 13] [     4041745]   0-None                     (    0)
[ 14] [     4051724]   0-None                     (    0)
[ 15] [     4061725]   0-None                     (    0)
[ 16] [     4071724]   0-None                     (    0)
[ 17] [     4081704]   0-None                     (    0)
[ 18] [     4091704]   0-None                     (    0)
[ 19] [     4101703]   0-None                     (    0)
[ 20] [     4111704]   0-None                     (    0)
[ 21] [     4121703]   0-None                     (    0)
[ 22] [     4131703]   0-None                     (    0)
[ 23] [     4141703]   0-None                     (    0)
[ 24] [     4151719]   0-None                     (    0)
[ 25] [     4161719]   0-None                     (    0)
[ 26] [     4171720]   0-None                     (    0)
[ 27] [     4181720]   0-None                     (    0)
[ 28] [     4191720]   0-None                     (    0)
[ 29] [     4201720]   0-None                     (    0)
[ 30] [     4211720]   0-None                     (    0)
[ 31] [     4221719]   0-None                     (    0)
[ 32] [     4231719]   0-None                     (    0)
[ 33] [     4241699]   0-None                     (    0)
[ 34] [     4251702]   0-None                     (    0)
[ 35] [     4261701]   0-None                     (    0)
[ 36] [     4271700]   0-None                     (    0)
[ 37] [     4281704]   0-None                     (    0)
[ 38] [     4291703]   0-None                     (    0)
[ 39] [     4301682]   0-None                     (    0)
[ 40] [     4311678]   0-None                     (    0)
[ 41] [     4321678]   0-None                     (    0)
[ 42] [     4331682]   0-None                     (    0)
[ 43] [     4341677]   0-None                     (    0)
[ 44] [     4351677]   0-None                     (    0)
[ 45] [     4361676]   0-None                     (    0)
[ 46] [     4371662]   0-None                     (    0)
[ 47] [     4381656]   0-None                     (    0)
[ 48] [     4391675]   0-None                     (    0)
[ 49] [     4401661]   0-None                     (    0)
[ 50] [     4411674]   0-None                     (    0)
[ 51] [     4421660]   0-None                     (    0)
[ 52] [     4431672]   0-None                     (    0)
[ 53] [     4441658]   0-None                     (    0)
[ 54] [     4451658]   0-None                     (    0)
[ 55] [     4461652]   0-None                     (    0)
[ 56] [     4471671]   0-None                     (    0)
[ 57] [     4481659]   0-None                     (    0)
[ 58] [     4491670]   0-None                     (    0)
[ 59] [     4501659]   0-None                     (    0)
[ 60] [     4511673]   0-None                     (    0)
[ 61] [     4521679]   0-None                     (    0)
[ 62] [     4531680]   0-None                     (    0)
[ 63] [     4541673]   0-None                     (    0)
[ 64] [     4551679]   0-None                     (    0)
[ 65] [     4561679]   0-None                     (    0)
[ 66] [     4571679]   0-None                     (    0)
[ 67] [     4581679]   0-None                     (    0)
[ 68] [     4591679]   0-None                     (    0)
[ 69] [     4601678]   0-None                     (    0)
[ 70] [     4611678]   0-None                     (    0)
[ 71] [     4621678]   0-None                     (    0)
[ 72] [     4631678]   0-None                     (    0)
[ 73] [     4641678]   0-None                     (    0)
[ 74] [     4651678]   0-None                     (    0)
[ 75] [     4661677]   0-None                     (    0)
[ 76] [     4671678]   0-None                     (    0)
[ 77] [     4681657]   0-None                     (    0)
[ 78] [     4691670]   0-None                     (    0)
[ 79] [     4701676]   0-None                     (    0)
[ 80] [     4711657]   0-None                     (    0)
[ 81] [     4721671]   0-None                     (    0)
[ 82] [     4731671]   0-None                     (    0)
[ 83] [     4741657]   0-None                     (    0)
[ 84] [     4751655]   0-None                     (    0)
[ 85] [     4761667]   0-None                     (    0)
[ 86] [     4771656]   0-None                     (    0)
[ 87] [     4781667]   0-None                     (    0)
[ 88] [     4791675]   0-None                     (    0)
[ 89] [     4801655]   0-None                     (    0)
[ 90] [     4811673]   0-None                     (    0)
[ 91] [     4821655]   0-None                     (    0)
[ 92] [     4831667]   0-None                     (    0)
[ 93] [     4841653]   0-None                     (    0)
[ 94] [     4851645]   0-None                     (    0)
[ 95] [     4861629]   0-None                     (    0)
[ 96] [     4871630]   0-None                     (    0)
[ 97] [     4881624]   0-None                     (    0)
[ 98] [     4891605]   0-None                     (    0)
[ 99] [     4901603]   0-None                     (    0)
[100] [     4911587]   0-None                     (    0)
[101] [     4921586]   0-None                     (    0)
[102] [     4931565]   0-None                     (    0)
[103] [     4941567]   0-None                     (    0)
[104] [     4951567]   0-None                     (    0)
[105] [     4961546]   0-None                     (    0)
[106] [     4971548]   0-None                     (    0)
[107] [     4981543]   0-None                     (    0)
[108] [     4991543]   0-None                     (    0)
[109] [     5001543]   0-None                     (    0)
[110] [     5011523]   0-None                     (    0)
[111] [     5021523]   0-None                     (    0)
[112] [     5031518]   0-None                     (    0)
[113] [     5041520]   0-None                     (    0)
[114] [     5051501]   0-None                     (    0)
[115] [     5061499]   0-None                     (    0)
[116] [     5071499]   0-None                     (    0)
[117] [     5081498]   0-None                     (    0)
[118] [     5091479]   0-None                     (    0)
[119] [     5101475]   0-None                     (    0)
[120] [     5111479]   0-None                     (    0)
[121] [     5121478]   0-None                     (    0)
[122] [     5131477]   0-None                     (    0)
[123] [     5141475]   0-None                     (    0)
[124] [     5151480]   0-None                     (    0)
[125] [     5161477]   0-None                     (    0)
[126] [     5171475]   0-None                     (    0)
[127] [     5181481]   0-None                     (    0)
[128] [     5191478]   0-None                     (    0)
[129] [     5201477]   0-None                     (    0)
[130] [     5211495]   0-None                     (    0)
[131] [     5221498]   0-None                     (    0)
[132] [     5231498]   0-None                     (    0)
[133] [     5241498]   0-None                     (    0)
[134] [     5251498]   0-None                     (    0)
[135] [     5261498]   0-None                     (    0)
[136] [     5271519]   0-None                     (    0)
[137] [     5281517]   0-None                     (    0)
[138] [     5291516]   0-None                     (    0)
[139] [     5301514]   0-None                     (    0)
[140] [     5311521]   0-None                     (    0)
[141] [     5321535]   0-None                     (    0)
[142] [     5331522]   0-None                     (    0)
[143] [     5341521]   0-None                     (    0)
[144] [     5351533]   0-None                     (    0)
[145] [     5361521]   0-None                     (    0)
[146] [     5371533]   0-None                     (    0)
[147] [     5381521]   0-None                     (    0)
[148] [     5391538]   0-None                     (    0)
[149] [     5401519]   0-None                     (    0)
[150] [     5411534]   0-None                     (    0)
[151] [     5421521]   0-None                     (    0)
[152] [     5431534]   0-None                     (    0)
[153] [     5441536]   0-None                     (    0)
[154] [     5451535]   0-None                     (    0)
[155] [     5461535]   0-None                     (    0)
[156] [     5471535]   0-None                     (    0)
[157] [     5481541]   0-None                     (    0)
[158] [     5491542]   0-None                     (    0)
[159] [     5501535]   0-None                     (    0)
[160] [     5511536]   0-None                     (    0)
[161] [     5521555]   0-None                     (    0)
[162] [     5531538]   0-None                     (    0)
[163] [     5541540]   0-None                     (    0)
[164] [     5551541]   0-None                     (    0)
[165] [     5561534]   0-None                     (    0)
[166] [     5571540]   0-None                     (    0)
[167] [     5581554]   0-None                     (    0)
[168] [     5591557]   0-None                     (    0)
[169] [     5601555]   0-None                     (    0)
[170] [     5611557]   0-None                     (    0)
[171] [     5621555]   0-None                     (    0)
[172] [     5631556]   0-None                     (    0)
[173] [     5641557]   0-None                     (    0)
[174] [     5651552]   0-None                     (    0)
[175] [     5661555]   0-None                     (    0)
[176] [     5671557]   0-None                     (    0)
[177] [     5681552]   0-None                     (    0)
[178] [     5691559]   0-None                     (    0)
[179] [     5701554]   0-None                     (    0)
[180] [     5711556]   0-None                     (    0)
[181] [     5721554]   0-None                     (    0)
[182] [     5731558]   0-None                     (    0)
[183] [     5741555]   0-None                     (    0)
[184] [     5751553]   0-None                     (    0)
[185] [     5761536]   0-None                     (    0)
[186] [     5771537]   0-None                     (    0)
[187] [     5781531]   0-None                     (    0)
[188] [     5791537]   0-None                     (    0)
[189] [     5801537]   0-None                     (    0)
[190] [     5811530]   0-None                     (    0)
[191] [     5821537]   0-None                     (    0)
[192] [     5831536]   0-None                     (    0)
[193] [     5841536]   0-None                     (    0)
[194] [     5851537]   0-None                     (    0)
[195] [     5861530]   0-None                     (    0)
[196] [     5871536]   0-None                     (    0)
[197] [     5881536]   0-None                     (    0)
[198] [     5891530]   0-None                     (    0)
[199] [     5901535]   0-None                     (    0)
[200] [     5911535]   0-None                     (    0)
[201] [     5921529]   0-None                     (    0)
[202] [     5931529]   0-None                     (    0)
[203] [     5941529]   0-None                     (    0)
[204] [     5951534]   0-None                     (    0)
[205] [     5961535]   0-None                     (    0)
[206] [     5971553]   0-None                     (    0)
[207] [     5981550]   0-None                     (    0)
[208] [     5991554]   0-None                     (    0)
[209] [     6001550]   0-None                     (    0)
[210] [     6011572]   0-None                     (    0)
[211] [     6021571]   0-None                     (    0)
[212] [     6031570]   0-None                     (    0)
[213] [     6041589]   0-None                     (    0)
[214] [     6051573]   0-None                     (    0)
[215] [     6061571]   0-None                     (    0)
[216] [     6071570]   0-None                     (    0)
[217] [     6081569]   0-None                     (    0)
[218] [     6091589]   0-None                     (    0)
[219] [     6101588]   0-None                     (    0)
[220] [     6111586]   0-None                     (    0)
[221] [     6121591]   0-None                     (    0)
[222] [     6131588]   0-None                     (    0)
[223] [     6141606]   0-None                     (    0)
[224] [     6151608]   0-None                     (    0)
[225] [     6161609]   0-None                     (    0)
[226] [     6171609]   0-None                     (    0)
[227] [     6181609]   0-None                     (    0)
[228] [     6191609]   0-None                     (    0)
[229] [     6201609]   0-None                     (    0)
[230] [     6211609]   0-None                     (    0)
[231] [     6221610]   0-None                     (    0)
[232] [     6231627]   0-None                     (    0)
[233] [     6241610]   0-None                     (    0)
[234] [     6251608]   0-None                     (    0)
[235] [     6261612]   0-None                     (    0)
[236] [     6271605]   0-None                     (    0)
[237] [     6281606]   0-None                     (    0)
[238] [     6291587]   0-None                     (    0)
[239] [     6301586]   0-None                     (    0)
[240] [     6311583]   0-None                     (    0)
[241] [     6321588]   0-None                     (    0)
[242] [     6331587]   0-None                     (    0)
[243] [     6341587]   0-None                     (    0)
[244] [     6351566]   0-None                     (    0)
[245] [     6361567]   0-None                     (    0)
[246] [     6371567]   0-None                     (    0)
[247] [     6381566]   0-None                     (    0)
[248] [     6391566]   0-None                     (    0)
[249] [     6401547]   0-None                     (    0)
[250] [     6411546]   0-None                     (    0)
[251] [     6421546]   0-None                     (    0)
[252] [     6431526]   0-None                     (    0)
[253] [     6441527]   0-None                     (    0)
[254] [     6451542]   0-None                     (    0)
[255] [     6461526]   0-None                     (    0)
[  0] [     6471548]   0-None                     (    0)
[  1] [     6481545]   0-None                     (    0)
[  2] [     6491544]   0-None                     (    0)
[  3] [     6501544]   0-None                     (    0)
[  4] [     6511544]   0-None                     (    0)
[  5] [     6521544]   0-None                     (    0)
[  6] [     6531526]   0-None                     (    0)
[  7] [     6541527]   0-None                     (    0)
[  8] [     6551527]   0-None                     (    0)
[  9] [     6561522]   0-None                     (    0)
[ 10] [     6571522]   0-None                     (    0)
[ 11] [     6581504]   0-None                     (    0)
[ 12] [     6591518]   0-None                     (    0)
[ 13] [     6601506]   0-None                     (    0)
[ 14] [     6611497]   0-None                     (    0)
[ 15] [     6621495]   0-None                     (    0)
[ 16] [     6631500]   0-None                     (    0)
[ 17] [     6641500]   0-None                     (    0)
[ 18] [     6651497]   0-None                     (    0)
[ 19] [     6661495]   0-None                     (    0)
[ 20] [     6671502]   0-None                     (    0)
[ 21] [     6681495]   0-None                     (    0)
[ 22] [     6691500]   0-None                     (    0)
[ 23] [     6701479]   0-None                     (    0)
[ 24] [     6711494]   0-None                     (    0)
[ 25] [     6721478]   0-None                     (    0)
[ 26] [     6731477]   0-None                     (    0)
[ 27] [     6741477]   0-None                     (    0)
[ 28] [     6751476]   0-None                     (    0)
[ 29] [     6761476]   0-None                     (    0)
[ 30] [     6771476]   0-None                     (    0)
[ 31] [     6781476]   0-None                     (    0)
[ 32] [     6791476]   0-None                     (    0)
[ 33] [     6801475]   0-None                     (    0)
[ 34] [     6811477]   0-None                     (    0)
[ 35] [     6821480]   0-None                     (    0)
[ 36] [     6831474]   0-None                     (    0)
[ 37] [     6841452]   0-None                     (    0)
[ 38] [     6851470]   0-None                     (    0)
[ 39] [     6861456]   0-None                     (    0)
[ 40] [     6871453]   0-None                     (    0)
[ 41] [     6881456]   0-None                     (    0)
[ 42] [     6891451]   0-None                     (    0)
[ 43] [     6901455]   0-None                     (    0)
[ 44] [     6911453]   0-None                     (    0)
[ 45] [     6921450]   0-None                     (    0)
[ 46] [     6931454]   0-None                     (    0)
[ 47] [     6941451]   0-None                     (    0)
[ 48] [     6951455]   0-None                     (    0)
[ 49] [     6961452]   0-None                     (    0)
[ 50] [     6971449]   0-None                     (    0)
[ 51] [     6981453]   0-None                     (    0)
[ 52] [     6991450]   0-None                     (    0)
[ 53] [     7001435]   0-None                     (    0)
[ 54] [     7011433]   0-None                     (    0)
[ 55] [     7021432]   0-None                     (    0)
[ 56] [     7031430]   0-None                     (    0)
[ 57] [     7041429]   0-None                     (    0)
[ 58] [     7051409]   0-None                     (    0)
[ 59] [     7061412]   0-None                     (    0)
[ 60] [     7071391]   0-None                     (    0)
[ 61] [     7081393]   0-None                     (    0)
[ 62] [     7091374]   0-None                     (    0)
[ 63] [     7101368]   0-None                     (    0)
[ 64] [     7111366]   0-None                     (    0)
[ 65] [     7121346]   0-None                     (    0)
[ 66] [     7131350]   0-None                     (    0)
[ 67] [     7141346]   0-None                     (    0)
[ 68] [     7151344]   0-None                     (    0)
[ 69] [     7161323]   0-None                     (    0)
[ 70] [     7171326]   0-None                     (    0)
[ 71] [     7181322]   0-None                     (    0)
[ 72] [     7191306]   0-None                     (    0)
[ 73] [     7201305]   0-None                     (    0)
[ 74] [     7211284]   0-None                     (    0)
[ 75] [     7221287]   0-None                     (    0)
[ 76] [     7231287]   0-None                     (    0)
[ 77] [     7241266]   0-None                     (    0)
[ 78] [     7251261]   0-None                     (    0)
[ 79] [     7261261]   0-None                     (    0)
[ 80] [     7271261]   0-None                     (    0)
[ 81] [     7281241]   0-None                     (    0)
[ 82] [     7291238]   0-None                     (    0)
[ 83] [     7301222]   0-None                     (    0)
[ 84] [     7311216]   0-None                     (    0)
[ 85] [     7321217]   0-None                     (    0)
[ 86] [     7331198]   0-None                     (    0)
[ 87] [     7341197]   0-None                     (    0)
[ 88] [     7351182]   0-None                     (    0)
[ 89] [     7361161]   0-None                     (    0)
[ 90] [     7371160]   0-None                     (    0)
[ 91] [     7381157]   0-None                     (    0)
[ 92] [     7391137]   0-None                     (    0)
[ 93] [     7401139]   0-None                     (    0)
[ 94] [     7411137]   0-None                     (    0)
[ 95] [     7421137]   0-None                     (    0)
[ 96] [     7431138]   0-None                     (    0)
[ 97] [     7441118]   0-None                     (    0)
[ 98] [     7451109]   0-None                     (    0)
[ 99] [     7461114]   0-None                     (    0)
[100] [     7471112]   0-None                     (    0)
[101] [     7481091]   0-None                     (    0)
[102] [     7491091]   0-None                     (    0)
[103] [     7501091]   0-None                     (    0)
[104] [     7511071]   0-None                     (    0)
[105] [     7521067]   0-None                     (    0)
[106] [     7531073]   0-None                     (    0)
[107] [     7541070]   0-None                     (    0)
[108] [     7551068]   0-None                     (    0)
[109] [     7561066]   0-None                     (    0)
[110] [     7571050]   0-None                     (    0)
[111] [     7581048]   0-None                     (    0)
[112] [     7591047]   0-None                     (    0)
[113] [     7601047]   0-None                     (    0)
[114] [     7611046]   0-None                     (    0)
[115] [     7621046]   0-None                     (    0)
[116] [     7631046]   0-None                     (    0)
[117] [     7641026]   0-None                     (    0)
[118] [     7651029]   0-None                     (    0)
[119] [     7661027]   0-None                     (    0)
[120] [     7671029]   0-None                     (    0)
[121] [     7681026]   0-None                     (    0)
[122] [     7691028]   0-None                     (    0)
[123] [     7701006]   0-None                     (    0)
[124] [     7711005]   0-None                     (    0)
[125] [     7721006]   0-None                     (    0)
[126] [     7731007]   0-None                     (    0)
[127] [     7741005]   0-None                     (    0)
[128] [     7750984]   0-None                     (    0)
[129] [     7760982]   0-None                     (    0)
[130] [     7770982]   0-None                     (    0)
[131] [     7780980]   0-None                     (    0)
[132] [     7790963]   0-None                     (    0)
[133] [     7800961]   0-None                     (    0)
[134] [     7810961]   0-None                     (    0)
[135] [     7820941]   0-None                     (    0)
[136] [     7830938]   0-None                     (    0)
[137] [     7840942]   0-None                     (    0)
[138] [     7850939]   0-None                     (    0)
[139] [     7860942]   0-None                     (    0)
[140] [     7870938]   0-None                     (    0)
[141] [     7880921]   0-None                     (    0)
[142] [     7890920]   0-None                     (    0)
[143] [     7900919]   0-None                     (    0)
[144] [     7910917]   0-None                     (    0)
[145] [     7920916]   0-None                     (    0)
[146] [     7930902]   0-None                     (    0)
[147] [     7940899]   0-None                     (    0)
[148] [     7950897]   0-None                     (    0)
[149] [     7960879]   0-None                     (    0)
[150] [     7970880]   0-None                     (    0)
[151] [     7980881]   0-None                     (    0)
[152] [     7990881]   0-None                     (    0)
[153] [     8000881]   0-None                     (    0)
[154] [     8010880]   0-None                     (    0)
[155] [     8020877]   0-None                     (    0)
[156] [     8030879]   0-None                     (    0)
[157] [     8040876]   0-None                     (    0)
[158] [     8050876]   0-None                     (    0)
[159] [     8060874]   0-None                     (    0)
[160] [     8070875]   0-None                     (    0)
[161] [     8080874]   0-None                     (    0)
[162] [     8090858]   0-None                     (    0)
[163] [     8100871]   0-None                     (    0)
[164] [     8110857]   0-None                     (    0)
[165] [     8120871]   0-None                     (    0)
[166] [     8130857]   0-None                     (    0)
[167] [     8140870]   0-None                     (    0)
[168] [     8150856]   0-None                     (    0)
[169] [     8160848]   0-None                     (    0)
[170] [     8170853]   0-None                     (    0)
[171] [     8180851]   0-None                     (    0)
[172] [     8190848]   0-None                     (    0)
[173] [     8200853]   0-None                     (    0)
[174] [     8210853]   0-None                     (    0)
[175] [     8220850]   0-None                     (    0)
[176] [     8230869]   0-None                     (    0)
[177] [     8240855]   0-None                     (    0)
[178] [     8250847]   0-None                     (    0)
[179] [     8260852]   0-None                     (    0)
[180] [     8270849]   0-None                     (    0)
[181] [     8280847]   0-None                     (    0)
[182] [     8290852]   0-None                     (    0)
[183] [     8300850]   0-None                     (    0)
[184] [     8310850]   0-None                     (    0)
[185] [     8320851]   0-None                     (    0)
[186] [     8330853]   0-None                     (    0)
[187] [     8340852]   0-None                     (    0)
[188] [     8350852]   0-None                     (    0)
[189] [     8360853]   0-None                     (    0)
[190] [     8370831]   0-None                     (    0)
[191] [     8380845]   0-None                     (    0)
[192] [     8390831]   0-None                     (    0)
[193] [     8400845]   0-None                     (    0)
[194] [     8410830]   0-None                     (    0)
[195] [     8420845]   0-None                     (    0)
[196] [     8430829]   0-None                     (    0)
[197] [     8440845]   0-None                     (    0)
[198] [     8450823]   0-None                     (    0)
[199] [     8460825]   0-None                     (    0)
[200] [     8470825]   0-None                     (    0)
[201] [     8480827]   0-None                     (    0)
[202] [     8490827]   0-None                     (    0)
[203] [     8500827]   0-None                     (    0)
[204] [     8510827]   0-None                     (    0)
[205] [     8520827]   0-None                     (    0)
[206] [     8530826]   0-None                     (    0)
[207] [     8540826]   0-None                     (    0)
[208] [     8550826]   0-None                     (    0)
[209] [     8560826]   0-None                     (    0)
[210] [     8570826]   0-None                     (    0)
[211] [     8580826]   0-None                     (    0)
[212] [     8590827]   0-None                     (    0)
[213] [     8600842]   0-None                     (    0)
[214] [     8610845]   0-None                     (    0)
[215] [     8620828]   0-None                     (    0)
[216] [     8630842]   0-None                     (    0)
[217] [     8640844]   0-None                     (    0)
[218] [     8650843]   0-None                     (    0)
[219] [     8660823]   0-None                     (    0)
[220] [     8670825]   0-None                     (    0)
[221] [     8680824]   0-None                     (    0)
[222] [     8690824]   0-None                     (    0)
[223] [     8700824]   0-None                     (    0)
[224] [     8710824]   0-None                     (    0)
[225] [     8720824]   0-None                     (    0)
[226] [     8730824]   0-None                     (    0)
[227] [     8740823]   0-None                     (    0)
[228] [     8750823]   0-None                     (    0)
[229] [     8760823]   0-None                     (    0)
[230] [     8770823]   0-None                     (    0)
[231] [     8780823]   0-None                     (    0)
[232] [     8790823]   0-None                     (    0)
[233] [     8800822]   0-None                     (    0)
[234] [     8810822]   0-None                     (    0)
[235] [     8820823]   0-None                     (    0)
[236] [     8830822]   0-None                     (    0)
[237] [     8840822]   0-None                     (    0)
[238] [     8850822]   0-None                     (    0)
[239] [     8860802]   0-None                     (    0)
[240] [     8870798]   0-None                     (    0)
[241] [     8880803]   0-None                     (    0)
[242] [     8890799]   0-None                     (    0)
[243] [     8900803]   0-None                     (    0)
[244] [     8910797]   0-None                     (    0)
[245] [     8920800]   0-None                     (    0)
[246] [     8930798]   0-None                     (    0)
[247] [     8940802]   0-None                     (    0)
[248] [     8950797]   0-None                     (    0)
[249] [     8960802]   0-None                     (    0)
[250] [     8970798]   0-None                     (    0)
[251] [     8980782]   0-None                     (    0)
[252] [     8990782]   0-None                     (    0)
[253] [     9000782]   0-None                     (    0)
[254] [     9010781]   0-None                     (    0)
[255] [     9020760]   0-None                     (    0)
[  0] [     9030757]   0-None                     (    0)
[  1] [     9040759]   0-None                     (    0)
[  2] [     9050757]   0-None                     (    0)
[  3] [     9060758]   0-None                     (    0)
[  4] [     9070741]   0-None                     (    0)
[  5] [     9080741]   0-None                     (    0)
[  6] [     9090741]   0-None                     (    0)
[  7] [     9100740]   0-None                     (    0)
[  8] [     9110740]   0-None                     (    0)
[  9] [     9120740]   0-None                     (    0)
[ 10] [     9130739]   0-None                     (    0)
[ 11] [     9140740]   0-None                     (    0)
[ 12] [     9150739]   0-None                     (    0)
[ 13] [     9160740]   0-None                     (    0)
[ 14] [     9170719]   0-None                     (    0)
[ 15] [     9180732]   0-None                     (    0)
[ 16] [     9190717]   0-None                     (    0)
[ 17] [     9200730]   0-None                     (    0)
[ 18] [     9210736]   0-None                     (    0)
[ 19] [     9220733]   0-None                     (    0)
[ 20] [     9230715]   0-None                     (    0)
[ 21] [     9240715]   0-None                     (    0)
[ 22] [     9250732]   0-None                     (    0)
[ 23] [     9260718]   0-None                     (    0)
[ 24] [     9270731]   0-None                     (    0)
[ 25] [     9280737]   0-None                     (    0)
[ 26] [     9290737]   0-None                     (    0)
[ 27] [     9300737]   0-None                     (    0)
[ 28] [     9310738]   0-None                     (    0)
[ 29] [     9320737]   0-None                     (    0)
[ 30] [     9330737]   0-None                     (    0)
[ 31] [     9340718]   0-None                     (    0)
[ 32] [     9350729]   0-None                     (    0)
[ 33] [     9360715]   0-None                     (    0)
[ 34] [     9370706]   0-None                     (    0)
[ 35] [     9380711]   0-None                     (    0)
[ 36] [     9390709]   0-None                     (    0)
[ 37] [     9400706]   0-None                     (    0)
[ 38] [     9410690]   0-None                     (    0)
[ 39] [     9420689]   0-None                     (    0)
[ 40] [     9430689]   0-None                     (    0)
[ 41] [     9440689]   0-None                     (    0)
[ 42] [     9450689]   0-None                     (    0)
[ 43] [     9460688]   0-None                     (    0)
[ 44] [     9470688]   0-None                     (    0)
[ 45] [     9480689]   0-None                     (    0)
[ 46] [     9490706]   0-None                     (    0)
[ 47] [     9500710]   0-None                     (    0)
[ 48] [     9510705]   0-None                     (    0)
[ 49] [     9520706]   0-None                     (    0)
[ 50] [     9530706]   0-None                     (    0)
[ 51] [     9540705]   0-None                     (    0)
[ 52] [     9550704]   0-None                     (    0)
[ 53] [     9560709]   0-None                     (    0)
[ 54] [     9570710]   0-None                     (    0)
[ 55] [     9580704]   0-None                     (    0)
[ 56] [     9590711]   0-None                     (    0)
[ 57] [     9600725]   0-None                     (    0)
[ 58] [     9610707]   0-None                     (    0)
[ 59] [     9620706]   0-None                     (    0)
[ 60] [     9630706]   0-None                     (    0)
[ 61] [     9640705]   0-None                     (    0)
[ 62] [     9650703]   0-None                     (    0)
[ 63] [     9660681]   0-None                     (    0)
[ 64] [     9670684]   0-None                     (    0)
[ 65] [     9680686]   0-None                     (    0)
[ 66] [     9690707]   0-None                     (    0)
[ 67] [     9700708]   0-None                     (    0)
[ 68] [     9710709]   0-None                     (    0)
[ 69] [     9720702]   0-None                     (    0)
[ 70] [     9730702]   0-None                     (    0)
[ 71] [     9740709]   0-None                     (    0)
[ 72] [     9750702]   0-None                     (    0)
[ 73] [     9760701]   0-None                     (    0)
[ 74] [     9770723]   0-None                     (    0)
[ 75] [     9780712]   0-None                     (    0)
[ 76] [     9790709]   0-None                     (    0)
[ 77] [     9800722]   0-None                     (    0)
[ 78] [     9810730]   0-None                     (    0)
[ 79] [     9820728]   0-None                     (    0)
[ 80] [     9830729]   0-None                     (    0)
[ 81] [     9840729]   0-None                     (    0)
[ 82] [     9850728]   0-None                     (    0)
[ 83] [     9860729]   0-None                     (    0)
[ 84] [     9870724]   0-None                     (    0)
[ 85] [     9880725]   0-None                     (    0)
[ 86] [     9890724]   0-None                     (    0)
[ 87] [     9900704]   0-None                     (    0)
[ 88] [     9910702]   0-None                     (    0)
[ 89] [     9920723]   0-None                     (    0)
[ 90] [     9930723]   0-None                     (    0)
[ 91] [     9940709]   0-None                     (    0)
[ 92] [     9950704]   0-None                     (    0)
[ 93] [     9960704]   0-None                     (    0)
[ 94] [     9970705]   0-None                     (    0)
[ 95] [     9980698]   0-None                     (    0)
[ 96] [     9990698]   0-None                     (    0)
[ 97] [    10000698]   0-None                     (    0)
[ 98] [    10010704]   0-None                     (    0)
[ 99] [    10020683]   0-None                     (    0)
[100] [    10030697]   0-None                     (    0)
[101] [    10040680]   0-None                     (    0)
[102] [    10050680]   0-None                     (    0)
[103] [    10060680]   0-None                     (    0)
[104] [    10070680]   0-None                     (    0)
[105] [    10080681]   0-None                     (    0)
[106] [    10090681]   0-None                     (    0)
[107] [    10100677]   0-None                     (    0)
[108] [    10110675]   0-None                     (    0)
[109] [    10120705]   0-None                     (    0)
[110] [    10130696]   0-None                     (    0)
[111] [    10140697]   0-None                     (    0)
[112] [    10150703]   0-None                     (    0)
[113] [    10160696]   0-None                     (    0)
[114] [    10170702]   0-None                     (    0)
[115] [    10180702]   0-None                     (    0)
[116] [    10190717]   0-None                     (    0)
[117] [    10200703]   0-None                     (    0)
[118] [    10210717]   0-None                     (    0)
[119] [    10220722]   0-None                     (    0)
[120] [    10230724]   0-None                     (    0)
[121] [    10240725]   0-None                     (    0)
[122] [    10250724]   0-None                     (    0)
[123] [    10260724]   0-None                     (    0)
[124] [    10270724]   0-None                     (    0)
[125] [    10280723]   0-None                     (    0)
[126] [    10290724]   0-None                     (    0)
[127] [    10300723]   0-None                     (    0)
[128] [    10310744]   0-None                     (    0)
[129] [    10320740]   0-None                     (    0)
[130] [    10330744]   0-None                     (    0)
[131] [    10340760]   0-None                     (    0)
[132] [    10350758]   0-None                     (    0)
[133] [    10360776]   0-None                     (    0)
[134] [    10370780]   0-None                     (    0)
[135] [    10380781]   0-None                     (    0)
[136] [    10390805]   0-None                     (    0)
