[ 32] [    20166791] 1 | True  True 00 ( 1308,  192)   4   775  1316
[ 33] [    20176787] 1 | True  True 00 ( 1310,  193)   4   793  1480
[ 34] [    20186770] 1 | True  True 00 ( 1314,  197)   4   851  1424
[ 35] [    20196768] 1 | True  True 00 ( 1321,  205)   5   776  1308
[ 36] [    20206768] 1 | True  True 00 ( 1331,  214)   4   716  1272
[ 37] [    20216768] 1 | True  True 00 ( 1342,  225)   5   820  1416
[ 38] [    20226767] 1 | True  True 00 ( 1357,  238)   4   712  1180
[ 39] [    20236748] 1 | True  True 00 ( 1371,  252)   3   663  1208
[ 40] [    20246751] 1 | True  True 00 ( 1380,  266)   4   737  1064
[ 41] [    20256745] 1 | True  True 00 ( 1390,  281)   4   751  1028
[ 42] [    20266737] 1 | True  True 00 ( 1397,  297)   4   758   960
[ 43] [    20276721] 1 | True  True 00 ( 1404,  314)   4   736  1196
[ 44] [    20286713] 1 | True  True 00 ( 1411,  330)   4   737  1504
[ 45] [    20296715] 1 | True  True 00 ( 1417,  346)   3   638  1668
[ 46] [    20306696] 1 | True  True 00 ( 1421,  361)   3   646  1592
[ 47] [    20316698] 1 | True  True 00 ( 1427,  379)   5   844  1484
[ 48] [    20326674] 1 | True  True 00 ( 1429,  399)   4   870  1260
[ 49] [    20336674] 1 | True  True 00 ( 1430,  418)   4   748  1244
[ 50] [    20346674] 1 | True  True 00 ( 1429,  436)   5   821  1600
[ 51] [    20356654] 1 | True  True 00 ( 1431,  455)   4   698  1688
[ 52] [    20366658] 1 | True  True 00 ( 1431,  472)   3   675  1544
[ 53] [    20376636] 1 | True  True 00 ( 1433,  490)   5   774  1316
[ 54] [    20386638] 1 | True  True 00 ( 1431,  508)   4   770  1036
[ 55] [    20396619] 1 | True  True 00 ( 1430,  528)   4   681  1200
[ 56] [    20406613] 1 | True  True 00 ( 1425,  544)   5   820  1308
[ 57] [    20416611] 1 | True  True 00 ( 1421,  560)   5   757  1384
[ 58] [    20426608] 1 | True  True 00 ( 1416,  575)   6   864  1236
[ 59] [    20436594] 1 | True  True 00 ( 1410,  592)   4   752  1052
[ 60] [    20446588] 1 | True  True 00 ( 1403,  610)   4   721   984
[ 61] [    20456569] 1 | True  True 00 ( 1394,  625)   4   742  1052
[ 62] [    20466552] 1 | True  True 00 ( 1384,  641)   5   778  1260
[ 63] [    20476552] 1 | True  True 00 ( 1371,  656)   4   712  1496
[ 64] [    20486527] 1 | True  True 00 ( 1358,  671)   3   677  1692
[ 65] [    20496532] 1 | True  True 00 ( 1345,  685)   5   746  1548
[ 66] [    20506510] 1 | True  True 00 ( 1334,  699)   4   727  1424
[ 67] [    20516512] 1 | True  True 00 ( 1321,  711)   4   786  1172
[ 68] [    20526486] 1 | True  True 00 ( 1307,  721)   4   776  1260
[ 69] [    20536484] 1 | True  True 00 ( 1290,  731)   5   829  1336
[ 70] [    20546482] 1 | True  True 00 ( 1273,  739)   5   810  1388
[ 71] [    20556467] 1 | True  True 00 ( 1255,  747)   4   804  1300
[ 72] [    20566461] 1 | True  True 00 ( 1239,  754)   4   799  1008
[ 73] [    20576462] 1 | True  True 00 ( 1223,  761)   4   802   876
[ 74] [    20586444] 1 | True  True 00 ( 1207,  766)   4   788   968
[ 75] [    20596443] 1 | True  True 00 ( 1190,  771)   4   744  1172
[ 76] [    20606441] 1 | True  True 00 ( 1169,  774)   4   768  1336
[ 77] [    20616419] 1 | True  True 00 ( 1150,  777)   4   799  1244
[ 78] [    20626421] 1 | True  True 00 ( 1133,  778)   4   788  1096
[ 79] [    20636421] 1 | True  True 00 ( 1116,  779)   4   783   916
[ 80] [    20646421] 1 | True  True 00 ( 1100,  779)   4   799  1060
[ 81] [    20656421] 1 | True  True 00 ( 1083,  779)   5   837  1112
[ 82] [    20666421] 1 | True  True 00 ( 1063,  777)   5   817  1252
[ 83] [    20676421] 1 | True  True 00 ( 1044,  774)   4   783  1304
[ 84] [    20686401] 1 | True  True 00 ( 1027,  770)   4   786  1196
[ 85] [    20696405] 1 | True  True 00 ( 1011,  765)   4   751  1072
[ 86] [    20706404] 1 | True  True 00 (  996,  760)   4   772  1056
[ 87] [    20716404] 1 | True  True 00 (  981,  754)   3   694  1336
[ 88] [    20726404] 1 | True  True 00 (  963,  748)   4   721  1596
[ 89] [    20736404] 1 | True  True 00 (  945,  739)   5   762  1648
[ 90] [    20746381] 1 | True  True 00 (  930,  730)   3   645  1628
[ 91] [    20756381] 1 | True  True 00 (  915,  720)   4   738  1404
[ 92] [    20766362] 1 | True  True 00 (  902,  709)   4   724  1056
[ 93] [    20776360] 1 | True  True 00 (  889,  697)   4   735   816
[ 94] [    20786373] 1 | True  True 00 (  877,  683)   5   785   932
[ 95] [    20796360] 1 | True  True 00 (  866,  670)   4   732  1212
[ 96] [    20806360] 1 | True  True 00 (  854,  656)   4   714  1424
[ 97] [    20816359] 1 | True  True 00 (  843,  643)   5   723  1492
[ 98] [    20826374] 1 | True  True 00 (  831,  628)   4   689  1600
[ 99] [    20836356] 1 | True  True 00 (  821,  610)   4   772  1424
[100] [    20846354] 1 | True  True 00 (  810,  590)   4   826  1292
[101] [    20856352] 1 | True  True 00 (  802,  573)   4   743  1240
[102] [    20866357] 1 | True  True 00 (  794,  556)   5   805  1420
[103] [    20876357] 1 | True  True 00 (  789,  539)   4   724  1652
[104] [    20886357] 1 | True  True 00 (  785,  523)   4   831  1744
[105] [    20896353] 1 | True  True 00 (  783,  507)   4   833  1564
[106] [    20906351] 1 | True  True 00 (  783,  488)   4   718  1060
[107] [    20916335] 1 | True  True 00 (  783,  470)   4   830  1340
[108] [    20926333] 1 | True  True 00 (  782,  454)   4   844  1596
[109] [    20936334] 1 | True  True 00 (  783,  436)   4   723  1760
[110] [    20946333] 1 | True  True 00 (  783,  419)   6   839  1704
[111] [    20956333] 1 | True  True 00 (  785,  400)   4   767  1612
[112] [    20966333] 1 | True  True 00 (  787,  381)   4   785  1320
[113] [    20976333] 1 | True  True 00 (  791,  363)   5   804  1276
[114] [    20986313] 1 | True  True 00 (  797,  346)   4   748  1476
[115] [    20996310] 1 | True  True 00 (  804,  331)   4   713  1420
[116] [    21006314] 1 | True  True 00 (  815,  316)   5   769  1256
[117] [    21016311] 1 | True  True 00 (  826,  300)   4   711  1168
[118] [    21026315] 1 | True  True 00 (  837,  284)   4   726  1060
[119] [    21036312] 1 | True  True 00 (  847,  269)   4   765   992
[120] [    21046313] 1 | True  True 00 (  858,  254)   4   764   992
[121] [        2547] 1 | True  True 00 (  869,  240)   4   746  1240
[122] [       12531] 1 | True  True 00 (  879,  227)   3   660  1436
[123] [       22530] 1 | True  True 00 (  893,  215)   4   708  1508
[124] [       32529] 1 | True  True 00 (  908,  204)   5   783  1364
[125] [       42507] 1 | True  True 00 (  926,  193)   4   727  1200
[126] [       52511] 1 | True  True 00 (  942,  182)   6   838  1392
[127] [       62507] 1 | True  True 00 (  958,  173)   4   730  1500
[128] [       72490] 1 | True  True 00 (  972,  165)   4   721  1604
[129] [       82491] 1 | True  True 00 (  986,  156)   4   725  1516
[130] [       92491] 1 | True  True 00 ( 1003,  150)   5   791  1376
[131] [      102491] 1 | True  True 00 ( 1022,  144)   4   759  1076
[132] [      112491] 1 | True  True 00 ( 1041,  140)   4   751  1060
[133] [      122472] 1 | True  True 00 ( 1059,  137)   4   748  1276
[134] [      132484] 1 | True  True 00 ( 1076,  135)   4   772  1492
[135] [      142490] 1 | True  True 00 ( 1092,  133)   4   752  1476
[136] [      152470] 1 | True  True 00 ( 1109,  132)   5   803  1276
[137] [      162482] 1 | True  True 00 ( 1129,  132)   4   748  1044
[138] [      172468] 1 | True  True 00 ( 1149,  133)   4   762  1184
[139] [      182482] 1 | True  True 00 ( 1168,  135)   4   753  1496
[140] [      192469] 1 | True  True 00 ( 1185,  138)   4   757  1660
[141] [      202482] 1 | True  True 00 ( 1200,  142)   5   815  1768
[142] [      212468] 1 | True  True 00 ( 1219,  147)   5   784  1420
[143] [      222481] 1 | True  True 00 ( 1238,  154)   4   781  1332
[144] [      232467] 1 | True  True 00 ( 1256,  161)   4   751  1240
[145] [      242482] 1 | True  True 00 ( 1271,  169)   4   775  1352
[146] [      252468] 1 | True  True 00 ( 1285,  178)   4   787  1352
[147] [      262459] 1 | True  True 00 ( 1299,  188)   4   779  1316
[148] [      272465] 1 | True  True 00 ( 1310,  199)   4   770  1272
[149] [      282462] 1 | True  True 00 ( 1321,  211)   4   702  1324
[150] [      292462] 1 | True  True 00 ( 1337,  223)   5   817  1364
[151] [      302463] 1 | True  True 00 ( 1353,  236)   4   727  1216
[152] [      312444] 1 | True  True 00 ( 1367,  250)   3   682  1180
[153] [      322437] 1 | True  True 00 ( 1378,  265)   4   763  1172
[154] [      332444] 1 | True  True 00 ( 1388,  279)   4   774  1100
[155] [      342443] 1 | True  True 00 ( 1396,  294)   4   788   940
[156] [      352441] 1 | True  True 00 ( 1403,  311)   5   866  1268
[157] [      362441] 1 | True  True 00 ( 1410,  328)   5   816  1540
[158] [      372441] 1 | True  True 00 ( 1415,  345)   4   756  1668
[159] [      382420] 1 | True  True 00 ( 1418,  362)   4   764  1684
[160] [      392417] 1 | True  True 00 ( 1423,  380)   5   874  1504
[161] [      402421] 1 | True  True 00 ( 1428,  395)   4   740  1284
[162] [      412419] 1 | True  True 00 ( 1429,  413)   4   864  1440
[163] [      422416] 1 | True  True 00 ( 1431,  432)   4   753  1580
[164] [      432421] 1 | True  True 00 ( 1431,  450)   4   716  1616
[165] [      442420] 1 | True  True 00 ( 1431,  467)   3   661  1544
[166] [      452419] 1 | True  True 00 ( 1430,  486)   4   774  1368
[167] [      462417] 1 | True  True 00 ( 1431,  503)   6   938  1332
[168] [      472421] 1 | True  True 00 ( 1429,  522)   4   762  1184
[169] [      482418] 1 | True  True 00 ( 1425,  540)   4   739  1328
[170] [      492415] 1 | True  True 00 ( 1421,  558)   3   673  1420
[171] [      502399] 1 | True  True 00 ( 1416,  574)   5   803  1328
[172] [      512398] 1 | True  True 00 ( 1411,  591)   5   814  1128
[173] [      522399] 1 | True  True 00 ( 1404,  607)   4   743  1072
[174] [      532398] 1 | True  True 00 ( 1396,  624)   4   748  1020
[175] [      542398] 1 | True  True 00 ( 1387,  639)   5   775  1244
[176] [      552398] 1 | True  True 00 ( 1374,  652)   6   860  1496
[177] [      562398] 1 | True  True 00 ( 1360,  667)   3   681  1604
[178] [      572397] 1 | True  True 00 ( 1348,  681)   4   723  1692
[179] [      582397] 1 | True  True 00 ( 1336,  695)   4   722  1460
[180] [      592398] 1 | True  True 00 ( 1324,  708)   4   740  1224
[181] [      602379] 1 | True  True 00 ( 1310,  719)   5   822  1208
[182] [      612394] 1 | True  True 00 ( 1294,  729)   5   800  1260
[183] [      622375] 1 | True  True 00 ( 1276,  738)   5   820  1408
[184] [      632373] 1 | True  True 00 ( 1258,  746)   4   798  1336
[185] [      642377] 1 | True  True 00 ( 1242,  753)   4   808  1100
[186] [      652374] 1 | True  True 00 ( 1226,  760)   4   768   820
[187] [      662357] 1 | True  True 00 ( 1209,  766)   4   794  1008
[188] [      672353] 1 | True  True 00 ( 1193,  770)   4   761  1152
[189] [      682352] 1 | True  True 00 ( 1173,  773)   5   841  1316
[190] [      692353] 1 | True  True 00 ( 1154,  775)   4   799  1280
[191] [      702354] 1 | True  True 00 ( 1136,  777)   4   798  1172
[192] [      712337] 1 | True  True 00 ( 1120,  778)   4   783   952
[193] [      722330] 1 | True  True 00 ( 1104,  778)   4   803   988
[194] [      732336] 1 | True  True 00 ( 1087,  777)   5   809  1072
[195] [      742314] 1 | True  True 00 ( 1066,  776)   5   795  1196
[196] [      752308] 1 | True  True 00 ( 1047,  774)   4   779  1252
[197] [      762309] 1 | True  True 00 ( 1029,  771)   4   812  1180
[198] [      772310] 1 | True  True 00 ( 1013,  767)   4   765  1052
[199] [      782290] 1 | True  True 00 (  998,  762)   4   781  1016
[200] [      792289] 1 | True  True 00 (  983,  756)   4   716  1284
[201] [      802287] 1 | True  True 00 (  966,  749)   4   699  1544
[202] [      812292] 1 | True  True 00 (  948,  742)   5   783  1732
[203] [      822290] 1 | True  True 00 (  932,  732)   4   702  1664
[204] [      832289] 1 | True  True 00 (  918,  721)   4   733  1492
[205] [      842287] 1 | True  True 00 (  905,  710)   4   743  1180
[206] [      852292] 1 | True  True 00 (  893,  698)   4   695   816
[207] [      862289] 1 | True  True 00 (  882,  685)   4   745   896
[208] [      872286] 1 | True  True 00 (  871,  671)   4   732  1140
[209] [      882268] 1 | True  True 00 (  858,  657)   5   770  1424
[210] [      892267] 1 | True  True 00 (  847,  645)   4   674  1424
[211] [      902268] 1 | True  True 00 (  834,  631)   5   684  1460
[212] [      912269] 1 | True  True 00 (  821,  615)   4   704  1512
[213] [      922270] 1 | True  True 00 (  812,  599)   5   754  1248
[214] [      932248] 1 | True  True 00 (  807,  582)   4   666  1204
[215] [      942245] 1 | True  True 00 (  802,  566)   4   686  1384
[216] [      952231] 1 | True  True 00 (  798,  548)   5   812  1832
[217] [      962231] 1 | True  True 00 (  796,  529)   3   620  1600
[218] [      972231] 1 | True  True 00 (  793,  511)   4   775  1580
[219] [      982211] 1 | True  True 00 (  791,  492)   5   853  1292
[220] [      992211] 1 | True  True 00 (  788,  475)   4   833  1284
[221] [     1002207] 1 | True  True 00 (  788,  455)   4   750  1596
[222] [     1012199] 1 | True  True 00 (  787,  439)   4   785  1704
[223] [     1022183] 1 | True  True 00 (  787,  421)   3   681  1780
[224] [     1032184] 1 | True  True 00 (  788,  403)   5   821  1668
[225] [     1042177] 1 | True  True 00 (  790,  385)   4   767  1432
[226] [     1052179] 1 | True  True 00 (  792,  367)   4   739  1184
[227] [     1062159] 1 | True  True 00 (  796,  350)   4   748  1420
[228] [     1072163] 1 | True  True 00 (  802,  335)   4   750  1420
[229] [     1082159] 1 | True  True 00 (  812,  319)   5   776  1384
[230] [     1092156] 1 | True  True 00 (  823,  303)   5   767  1184
[231] [     1102161] 1 | True  True 00 (  834,  288)   4   702  1028
[232] [     1112137] 1 | True  True 00 (  845,  273)   4   752  1044
[233] [     1122137] 1 | True  True 00 (  856,  259)   4   739   976
[234] [     1132117] 1 | True  True 00 (  867,  244)   4   742  1240
[235] [     1142120] 1 | True  True 00 (  878,  230)   4   750  1508
[236] [     1152118] 1 | True  True 00 (  890,  218)   4   678  1436
[237] [     1162100] 1 | True  True 00 (  905,  206)   5   743  1276
[238] [     1172102] 1 | True  True 00 (  921,  195)   4   718  1188
[239] [     1182099] 1 | True  True 00 (  938,  185)   4   655  1232
[240] [     1192100] 1 | True  True 00 (  955,  175)   4   706  1480
[241] [     1202080] 1 | True  True 00 (  970,  166)   4   730  1604
[242] [     1212080] 1 | True  True 00 (  984,  159)   5   821  1676
[243] [     1222077] 1 | True  True 00 ( 1000,  152)   5   754  1320
[244] [     1232055] 1 | True  True 00 ( 1019,  147)   4   761  1144
[245] [     1242055] 1 | True  True 00 ( 1037,  143)   4   741  1060
[246] [     1252049] 1 | True  True 00 ( 1056,  139)   4   761  1276
[247] [     1262051] 1 | True  True 00 ( 1073,  137)   4   772  1512
[248] [     1272052] 1 | True  True 00 ( 1088,  135)   4   755  1512
[249] [     1282053] 1 | True  True 00 ( 1106,  134)   5   817  1312
[250] [     1292053] 1 | True  True 00 ( 1126,  134)   4   765  1152
[251] [     1302053] 1 | True  True 00 ( 1145,  135)   4   747  1128
[252] [     1312053] 1 | True  True 00 ( 1162,  136)   4   789  1404
[253] [     1322052] 1 | True  True 00 ( 1180,  139)   4   752  1712
[254] [     1332052] 1 | True  True 00 ( 1195,  141)   5   771  1660
[255] [     1342052] 1 | True  True 00 ( 1213,  145)   5   831  1624
[  0] [     1352052] 1 | True  True 00 ( 1232,  151)   5   820  1312
[  1] [     1362052] 1 | True  True 00 ( 1250,  159)   5   757  1096
[  2] [     1372052] 1 | True  True 00 ( 1266,  167)   4   770  1332
[  3] [     1382052] 1 | True  True 00 ( 1282,  176)   4   782  1404
[  4] [     1392073] 1 | True  True 00 ( 1296,  186)   4   783  1316
[  5] [     1402071] 1 | True  True 00 ( 1308,  196)   4   778  1260
[  6] [     1412047] 1 | True  True 00 ( 1321,  208)   4   730  1344
[  7] [     1422049] 1 | True  True 00 ( 1335,  220)   4   732  1308
[  8] [     1432049] 1 | True  True 00 ( 1350,  233)   5   787  1288
[  9] [     1442049] 1 | True  True 00 ( 1364,  247)   6   840  1216
[ 10] [     1452049] 1 | True  True 00 ( 1376,  262)   5   808  1208
[ 11] [     1462049] 1 | True  True 00 ( 1385,  277)   4   760  1028
[ 12] [     1472052] 1 | True  True 00 ( 1395,  292)   4   756   976
[ 13] [     1482048] 1 | True  True 00 ( 1402,  308)   5   830  1176
[ 14] [     1492051] 1 | True  True 00 ( 1410,  323)   4   781  1520
[ 15] [     1502054] 1 | True  True 00 ( 1415,  341)   5   794  1648
[ 16] [     1512046] 1 | True  True 00 ( 1421,  359)   3   723  1720
[ 17] [     1522052] 1 | True  True 00 ( 1423,  377)   4   794  1520
[ 18] [     1532050] 1 | True  True 00 ( 1425,  395)   4   853  1304
[ 19] [     1542050] 1 | True  True 00 ( 1426,  413)   4   832  1280
[ 20] [     1552051] 1 | True  True 00 ( 1429,  429)   4   754  1544
[ 21] [     1562067] 1 | True  True 00 ( 1431,  446)   4   720  1652
[ 22] [     1572045] 1 | True  True 00 ( 1432,  465)   4   756  1724
[ 23] [     1582068] 1 | True  True 00 ( 1432,  482)   4   755  1512
[ 24] [     1592068] 1 | True  True 00 ( 1431,  497)   4   858  1456
[ 25] [     1602047] 1 | True  True 00 ( 1429,  515)   4   775  1184
[ 26] [     1612048] 1 | True  True 00 ( 1426,  536)   4   717  1364
[ 27] [     1622048] 1 | True  True 00 ( 1423,  556)   4   650  1292
[ 28] [     1632048] 1 | True  True 00 ( 1418,  570)   6   873  1348
[ 29] [     1642048] 1 | True  True 00 ( 1413,  587)   5   815  1200
[ 30] [     1652070] 1 | True  True 00 ( 1406,  602)   6   901  1088
[ 31] [     1662065] 1 | True  True 00 ( 1398,  616)   5   806  1036
[ 32] [     1672065] 1 | True  True 00 ( 1387,  633)   5   783  1172
[ 33] [     1682065] 1 | True  True 00 ( 1375,  648)   5   778  1440
[ 34] [     1692072] 1 | True  True 00 ( 1363,  664)   3   681  1692
[ 35] [     1702064] 1 | True  True 00 ( 1351,  678)   4   705  1604
[ 36] [     1712071] 1 | True  True 00 ( 1338,  692)   5   771  1460
[ 37] [     1722064] 1 | True  True 00 ( 1326,  705)   4   767  1296
[ 38] [     1732064] 1 | True  True 00 ( 1313,  716)   4   763  1188
[ 39] [     1742064] 1 | True  True 00 ( 1298,  727)   5   805  1316
[ 40] [     1752064] 1 | True  True 00 ( 1279,  736)   5   834  1424
[ 41] [     1762064] 1 | True  True 00 ( 1261,  744)   4   799  1408
[ 42] [     1772063] 1 | True  True 00 ( 1245,  751)   4   807  1152
[ 43] [     1782066] 1 | True  True 00 ( 1229,  758)   4   786   892
[ 44] [     1792069] 1 | True  True 00 ( 1213,  764)   4   751   824
[ 45] [     1802068] 1 | True  True 00 ( 1197,  768)   4   784  1096
[ 46] [     1812063] 1 | True  True 00 ( 1178,  771)   6   846  1244
[ 47] [     1822082] 1 | True  True 00 ( 1159,  774)   4   804  1352
[ 48] [     1832072] 1 | True  True 00 ( 1141,  776)   4   806  1188
[ 49] [     1842089] 1 | True  True 00 ( 1124,  777)   4   775   952
[ 50] [     1852092] 1 | True  True 00 ( 1107,  777)   4   767   896
[ 51] [     1862086] 1 | True  True 00 ( 1090,  777)   5   812  1112
[ 52] [     1872087] 1 | True  True 00 ( 1071,  777)   6   868  1220
[ 53] [     1882091] 1 | True  True 00 ( 1051,  775)   4   801  1268
[ 54] [     1892106] 1 | True  True 00 ( 1033,  771)   4   791  1232
[ 55] [     1902112] 1 | True  True 00 ( 1017,  767)   4   775  1108
[ 56] [     1912111] 1 | True  True 00 ( 1001,  762)   4   785  1040
[ 57] [     1922111] 1 | True  True 00 (  986,  756)   4   783  1316
[ 58] [     1932111] 1 | True  True 00 (  970,  751)   4   699  1492
[ 59] [     1942131] 1 | True  True 00 (  952,  744)   5   735  1732
[ 60] [     1952131] 1 | True  True 00 (  935,  734)   4   712  1664
[ 61] [     1962131] 1 | True  True 00 (  921,  725)   4   711  1508
[ 62] [     1972131] 1 | True  True 00 (  907,  714)   4   742  1212
[ 63] [     1982130] 1 | True  True 00 (  894,  702)   4   712   884
[ 64] [     1992130] 1 | True  True 00 (  882,  689)   4   735   824
[ 65] [     2002130] 1 | True  True 00 (  871,  676)   4   736  1036
[ 66] [     2012130] 1 | True  True 00 (  859,  661)   5   749  1300
[ 67] [     2022130] 1 | True  True 00 (  848,  648)   4   692  1476
[ 68] [     2032150] 1 | True  True 00 (  836,  630)   6   829  1492
[ 69] [     2042147] 1 | True  True 00 (  823,  612)   5   752  1404
[ 70] [     2052146] 1 | True  True 00 (  815,  598)   3   630  1284
[ 71] [     2062145] 1 | True  True 00 (  806,  580)   4   818  1400
[ 72] [     2072148] 1 | True  True 00 (  801,  564)   4   686  1364
[ 73] [     2082144] 1 | True  True 00 (  797,  548)   5   848  1796
[ 74] [     2092147] 1 | True  True 00 (  793,  531)   4   744  1708
[ 75] [     2102144] 1 | True  True 00 (  790,  513)   4   752  1508
[ 76] [     2112148] 1 | True  True 00 (  788,  495)   4   808  1312
[ 77] [     2122144] 1 | True  True 00 (  786,  477)   4   805  1264
[ 78] [     2132148] 1 | True  True 00 (  784,  460)   4   838  1520
[ 79] [     2142144] 1 | True  True 00 (  784,  443)   4   736  1632
[ 80] [     2152128] 1 | True  True 00 (  784,  428)   5   842  1744
[ 81] [     2162128] 1 | True  True 00 (  786,  409)   4   772  1688
[ 82] [     2172128] 1 | True  True 00 (  787,  390)   4   780  1448
[ 83] [     2182128] 1 | True  True 00 (  790,  372)   5   814  1220
[ 84] [     2192128] 1 | True  True 00 (  795,  353)   4   753  1420
[ 85] [     2202127] 1 | True  True 00 (  801,  337)   4   734  1440
[ 86] [     2212127] 1 | True  True 00 (  811,  321)   5   762  1312
[ 87] [     2222127] 1 | True  True 00 (  821,  305)   4   718  1312
[ 88] [     2232127] 1 | True  True 00 (  833,  289)   4   749  1112
[ 89] [     2242127] 1 | True  True 00 (  844,  275)   4   748  1096
[ 90] [     2252127] 1 | True  True 00 (  855,  260)   4   743   976
[ 91] [     2262126] 1 | True  True 00 (  866,  245)   4   759  1204
[ 92] [     2272126] 1 | True  True 00 (  877,  231)   4   746  1472
[ 93] [     2282126] 1 | True  True 00 (  889,  219)   4   726  1524
[ 94] [     2292126] 1 | True  True 00 (  904,  208)   4   719  1348
[ 95] [     2302125] 1 | True  True 00 (  921,  197)   4   696  1152
[ 96] [     2312124] 1 | True  True 00 (  937,  187)   4   708  1304
[ 97] [     2322123] 1 | True  True 00 (  953,  178)   5   759  1444
[ 98] [     2332102] 1 | True  True 00 (  967,  169)   4   734  1568
[ 99] [     2342106] 1 | True  True 00 (  980,  162)   5   789  1692
[100] [     2352105] 1 | True  True 00 (  998,  154)   3   660  1392
[101] [     2362103] 1 | True  True 00 ( 1016,  148)   4   748  1232
[102] [     2372105] 1 | True  True 00 ( 1035,  143)   4   773  1044
[103] [     2382099] 1 | True  True 00 ( 1053,  139)   4   775  1276
[104] [     2392101] 1 | True  True 00 ( 1070,  136)   4   772  1440
[105] [     2402085] 1 | True  True 00 ( 1087,  134)   5   791  1512
[106] [     2412083] 1 | True  True 00 ( 1104,  133)   4   770  1404
[107] [     2422078] 1 | True  True 00 ( 1123,  133)   4   769  1188
[108] [     2432059] 1 | True  True 00 ( 1143,  134)   4   760  1092
[109] [     2442059] 1 | True  True 00 ( 1161,  135)   4   767  1332
[110] [     2452059] 1 | True  True 00 ( 1178,  138)   4   775  1640
[111] [     2462059] 1 | True  True 00 ( 1192,  140)   4   725  1676
[112] [     2472038] 1 | True  True 00 ( 1210,  144)   5   793  1532
[113] [     2482053] 1 | True  True 00 ( 1226,  151)   5   802  1348
[114] [     2492039] 1 | True  True 00 ( 1245,  158)   5   783  1168
[115] [     2502053] 1 | True  True 00 ( 1263,  166)   4   756  1296
[116] [     2512037] 1 | True  True 00 ( 1278,  175)   4   802  1388
[117] [     2522031] 1 | True  True 00 ( 1292,  184)   4   792  1332
[118] [     2532033] 1 | True  True 00 ( 1306,  195)   4   747  1200
[119] [     2542033] 1 | True  True 00 ( 1319,  207)   5   800  1308
[120] [     2552034] 1 | True  True 00 ( 1335,  219)   5   779  1288
[121] [     2562035] 1 | True  True 00 ( 1350,  232)   6   821  1252
[122] [     2572015] 1 | True  True 00 ( 1363,  245)   4   728  1236
[123] [     2582032] 1 | True  True 00 ( 1374,  260)   4   781  1180
[124] [     2592032] 1 | True  True 00 ( 1384,  275)   6   893  1136
[125] [     2602013] 1 | True  True 00 ( 1392,  289)   4   774  1012
[126] [     2612010] 1 | True  True 00 ( 1401,  305)   4   793  1176
[127] [     2622014] 1 | True  True 00 ( 1408,  322)   4   772  1448
[128] [     2632011] 1 | True  True 00 ( 1414,  338)   4   727  1592
[129] [     2642016] 1 | True  True 00 ( 1419,  355)   5   788  1612
[130] [     2652012] 1 | True  True 00 ( 1423,  375)   4   859  1628
[131] [     2662015] 1 | True  True 00 ( 1428,  390)   4   746  1376
[132] [     2672009] 1 | True  True 00 ( 1432,  406)   4   734  1208
[133] [     2682012] 1 | True  True 00 ( 1431,  424)   4   795  1404
[134] [     2692029] 1 | True  True 00 ( 1433,  441)   3   612  1528
[135] [     2702029] 1 | True  True 00 ( 1433,  460)   5   787  1600
[136] [     2712029] 1 | True  True 00 ( 1433,  478)   4   729  1512
[137] [     2722029] 1 | True  True 00 ( 1433,  495)   4   756  1260
[138] [     2732009] 1 | True  True 00 ( 1429,  514)   5   824  1144
[139] [     2742015] 1 | True  True 00 ( 1427,  531)   4   811  1328
[140] [     2752012] 1 | True  True 00 ( 1423,  552)   4   682  1384
[141] [     2762011] 1 | True  True 00 ( 1418,  568)   5   798  1348
[142] [     2772010] 1 | True  True 00 ( 1413,  583)   5   852  1272
[143] [     2782008] 1 | True  True 00 ( 1406,  598)   5   833  1088
[144] [     2792014] 1 | True  True 00 ( 1398,  615)   4   761  1052
[145] [     2802012] 1 | True  True 00 ( 1389,  631)   4   707  1116
[146] [     2812010] 1 | True  True 00 ( 1377,  646)   5   791  1440
[147] [     2821987] 1 | True  True 00 ( 1365,  662)   3   695  1712
[148] [     2831989] 1 | True  True 00 ( 1352,  676)   5   776  1656
[149] [     2841989] 1 | True  True 00 ( 1340,  689)   6   832  1548
[150] [     2851989] 1 | True  True 00 ( 1328,  702)   4   777  1368
[151] [     2861989] 1 | True  True 00 ( 1315,  715)   4   758  1116
[152] [     2871989] 1 | True  True 00 ( 1300,  725)   4   755  1336
[153] [     2881969] 1 | True  True 00 ( 1283,  735)   5   788  1316
[154] [     2891973] 1 | True  True 00 ( 1265,  743)   4   758  1372
[155] [     2901972] 1 | True  True 00 ( 1249,  751)   4   777  1116
[156] [     2911972] 1 | True  True 00 ( 1233,  757)   4   800   912
[157] [     2921972] 1 | True  True 00 ( 1217,  763)   4   792   860
[158] [     2931952] 1 | True  True 00 ( 1200,  768)   4   766  1080
[159] [     2941947] 1 | True  True 00 ( 1181,  772)   5   801  1264
[160] [     2951949] 1 | True  True 00 ( 1161,  775)   4   809  1372
[161] [     2961949] 1 | True  True 00 ( 1143,  777)   4   816  1244
[162] [     2971949] 1 | True  True 00 ( 1126,  778)   4   783  1024
[163] [     2981950] 1 | True  True 00 ( 1109,  778)   4   786   916
[164] [     2991951] 1 | True  True 00 ( 1093,  778)   4   793  1060
[165] [     3001931] 1 | True  True 00 ( 1072,  776)   6   864  1216
[166] [     3011946] 1 | True  True 00 ( 1052,  774)   4   802  1252
[167] [     3021926] 1 | True  True 00 ( 1034,  772)   4   765  1144
[168] [     3031926] 1 | True  True 00 ( 1018,  767)   4   775  1180
[169] [     3041927] 1 | True  True 00 ( 1003,  762)   4   786  1036
[170] [     3051920] 1 | True  True 00 (  989,  757)   4   767  1180
[171] [     3061920] 1 | True  True 00 (  973,  751)   3   647  1472
[172] [     3071920] 1 | True  True 00 (  954,  744)   5   784  1768
[173] [     3081920] 1 | True  True 00 (  936,  736)   4   720  1716
[174] [     3091920] 1 | True  True 00 (  922,  726)   4   689  1524
[175] [     3101905] 1 | True  True 00 (  909,  716)   4   708  1232
[176] [     3111898] 1 | True  True 00 (  896,  705)   4   739   988
[177] [     3121900] 1 | True  True 00 (  884,  692)   4   735   808
[178] [     3131902] 1 | True  True 00 (  873,  678)   4   741  1072
[179] [     3141902] 1 | True  True 00 (  862,  663)   5   751  1264
[180] [     3151902] 1 | True  True 00 (  849,  650)   4   736  1564
[181] [     3161902] 1 | True  True 00 (  837,  633)   5   771  1492
[182] [     3171902] 1 | True  True 00 (  826,  615)   5   787  1476
[183] [     3181902] 1 | True  True 00 (  817,  600)   5   742  1316
[184] [     3191902] 1 | True  True 00 (  809,  584)   4   734  1168
[185] [     3201897] 1 | True  True 00 (  802,  566)   4   779  1580
[186] [     3211899] 1 | True  True 00 (  796,  549)   5   860  1796
[187] [     3221899] 1 | True  True 00 (  792,  533)   4   685  1580
[188] [     3231901] 1 | True  True 00 (  789,  516)   4   774  1600
[189] [     3241900] 1 | True  True 00 (  786,  496)   6   810  1096
[190] [     3251902] 1 | True  True 00 (  784,  477)   4   770  1228
[191] [     3261904] 1 | True  True 00 (  785,  458)   4   744  1448
[192] [     3271899] 1 | True  True 00 (  785,  438)   3   653  1688
[193] [     3281900] 1 | True  True 00 (  786,  420)   3   677  1832
[194] [     3291902] 1 | True  True 00 (  787,  406)   5   862  1744
[195] [     3301900] 1 | True  True 00 (  789,  390)   4   767  1520
[196] [     3311899] 1 | True  True 00 (  791,  373)   4   794  1248
[197] [     3321920] 1 | True  True 00 (  794,  355)   5   812  1384
[198] [     3331918] 1 | True  True 00 (  801,  339)   4   760  1460
[199] [     3341916] 1 | True  True 00 (  810,  324)   4   743  1476
[200] [     3351901] 1 | True  True 00 (  821,  307)   5   763  1256
[201] [     3361916] 1 | True  True 00 (  831,  291)   4   728  1092
[202] [     3371901] 1 | True  True 00 (  842,  277)   4   726  1044
[203] [     3381894] 1 | True  True 00 (  852,  263)   4   734   976
[204] [     3391897] 1 | True  True 00 (  863,  248)   4   745  1152
[205] [     3401898] 1 | True  True 00 (  874,  234)   4   737  1364
[206] [     3411898] 1 | True  True 00 (  885,  222)   4   704  1436
[207] [     3421898] 1 | True  True 00 (  899,  210)   4   723  1384
[208] [     3431898] 1 | True  True 00 (  916,  199)   4   731  1292
[209] [     3441878] 1 | True  True 00 (  932,  188)   4   709  1164
[210] [     3451875] 1 | True  True 00 (  947,  178)   5   768  1412
[211] [     3461879] 1 | True  True 00 (  963,  170)   4   725  1604
[212] [     3471876] 1 | True  True 00 (  977,  161)   3   688  1604
[213] [     3481873] 1 | True  True 00 (  992,  154)   4   721  1500
[214] [     3491877] 1 | True  True 00 ( 1008,  148)   5   769  1200
[215] [     3501874] 1 | True  True 00 ( 1027,  143)   4   768  1004
[216] [     3511878] 1 | True  True 00 ( 1047,  140)   4   747  1188
[217] [     3521875] 1 | True  True 00 ( 1065,  137)   4   735  1348
[218] [     3531872] 1 | True  True 00 ( 1082,  136)   3   718  1528
[219] [     3541876] 1 | True  True 00 ( 1100,  134)   4   756  1384
[220] [     3551873] 1 | True  True 00 ( 1120,  134)   4   724  1152
[221] [     3561875] 1 | True  True 00 ( 1140,  134)   4   770  1112
[222] [     3571878] 1 | True  True 00 ( 1159,  135)   4   752  1312
[223] [     3581873] 1 | True  True 00 ( 1177,  138)   4   739  1568
[224] [     3591878] 1 | True  True 00 ( 1192,  141)   5   798  1712
[225] [     3601876] 1 | True  True 00 ( 1208,  145)   5   784  1548
[226] [     3611872] 1 | True  True 00 ( 1227,  150)   4   740  1332
[227] [     3621856] 1 | True  True 00 ( 1245,  157)   4   767  1220
[228] [     3631856] 1 | True  True 00 ( 1262,  165)   5   822  1316
[229] [     3641854] 1 | True  True 00 ( 1278,  173)   4   765  1424
[230] [     3651854] 1 | True  True 00 ( 1293,  183)   4   783  1352
[231] [     3661853] 1 | True  True 00 ( 1305,  193)   4   765  1204
[232] [     3671832] 1 | True  True 00 ( 1316,  204)   5   781  1308
[233] [     3681834] 1 | True  True 00 ( 1329,  216)   5   788  1364
[234] [     3691833] 1 | True  True 00 ( 1342,  228)   4   741  1344
[235] [     3701836] 1 | True  True 00 ( 1358,  242)   4   703  1116
[236] [     3711833] 1 | True  True 00 ( 1371,  256)   4   736  1172
[237] [     3721836] 1 | True  True 00 ( 1383,  271)   4   750  1136
[238] [     3731833] 1 | True  True 00 ( 1392,  286)   4   793  1048
[239] [     3741831] 1 | True  True 00 ( 1399,  302)   5   838  1012
[240] [     3751833] 1 | True  True 00 ( 1406,  319)   5   830  1320
[241] [     3761831] 1 | True  True 00 ( 1412,  336)   5   790  1576
[242] [     3771814] 1 | True  True 00 ( 1418,  354)   5   775  1648
[243] [     3781815] 1 | True  True 00 ( 1422,  371)   5   816  1612
[244] [     3791815] 1 | True  True 00 ( 1425,  389)   4   799  1340
[245] [     3801815] 1 | True  True 00 ( 1430,  405)   5   781  1160
[246] [     3811808] 1 | True  True 00 ( 1432,  421)   4   765  1420
[247] [     3821808] 1 | True  True 00 ( 1435,  439)   6   835  1708
[248] [     3831808] 1 | True  True 00 ( 1435,  457)   4   751  1740
[249] [     3841808] 1 | True  True 00 ( 1435,  476)   4   742  1564
[250] [     3851795] 1 | True  True 00 ( 1432,  494)   4   791  1296
[251] [     3861792] 1 | True  True 00 ( 1429,  512)   5   798  1056
[252] [     3871790] 1 | True  True 00 ( 1426,  529)   4   784  1272
[253] [     3881789] 1 | True  True 00 ( 1422,  544)   5   875  1456
[254] [     3891789] 1 | True  True 00 ( 1420,  561)   5   762  1364
[255] [     3901789] 1 | True  True 00 ( 1415,  577)   5   835  1256
[  0] [     3911790] 1 | True  True 00 ( 1408,  595)   4   771  1108
[  1] [     3921789] 1 | True  True 00 ( 1401,  612)   4   743  1036
[  2] [     3931783] 1 | True  True 00 ( 1391,  628)   5   796  1044
[  3] [     3941768] 1 | True  True 00 ( 1380,  645)   4   743  1368
[  4] [     3951761] 1 | True  True 00 ( 1367,  660)   4   738  1656
[  5] [     3961763] 1 | True  True 00 ( 1354,  675)   4   709  1620
[  6] [     3971765] 1 | True  True 00 ( 1342,  688)   6   818  1532
[  7] [     3981765] 1 | True  True 00 ( 1330,  701)   5   803  1368
[  8] [     3991765] 1 | True  True 00 ( 1318,  713)   4   786  1172
[  9] [     4001745] 1 | True  True 00 ( 1304,  723)   4   750  1280
[ 10] [     4011744] 1 | True  True 00 ( 1287,  732)   5   809  1388
[ 11] [     4021742] 1 | True  True 00 ( 1268,  741)   4   766  1352
[ 12] [     4031740] 1 | True  True 00 ( 1252,  749)   4   790  1224
[ 13] [     4041745] 1 | True  True 00 ( 1235,  756)   4   808   972
[ 14] [     4051724] 1 | True  True 00 ( 1219,  762)   4   782   840
[ 15] [     4061725] 1 | True  True 00 ( 1203,  766)   4   780  1008
[ 16] [     4071724] 1 | True  True 00 ( 1186,  771)   6   872  1188
[ 17] [     4081704] 1 | True  True 00 ( 1167,  774)   4   782  1428
[ 18] [     4091704] 1 | True  True 00 ( 1149,  776)   4   795  1264
[ 19] [     4101703] 1 | True  True 00 ( 1132,  778)   4   806  1080
[ 20] [     4111704] 1 | True  True 00 ( 1114,  778)   4   803   896
[ 21] [     4121703] 1 | True  True 00 ( 1097,  778)   4   789  1040
[ 22] [     4131703] 1 | True  True 00 ( 1077,  776)   6   865  1180
[ 23] [     4141703] 1 | True  True 00 ( 1058,  774)   4   766  1284
[ 24] [     4151719] 1 | True  True 00 ( 1039,  771)   4   783  1216
[ 25] [     4161719] 1 | True  True 00 ( 1022,  768)   4   780  1108
[ 26] [     4171720] 1 | True  True 00 ( 1006,  764)   4   786  1016
[ 27] [     4181720] 1 | True  True 00 (  991,  759)   4   771  1160
[ 28] [     4191720] 1 | True  True 00 (  976,  753)   3   671  1420
[ 29] [     4201720] 1 | True  True 00 (  959,  747)   4   693  1576
[ 30] [     4211720] 1 | True  True 00 (  942,  739)   4   699  1680
[ 31] [     4221719] 1 | True  True 00 (  927,  729)   3   645  1576
[ 32] [     4231719] 1 | True  True 00 (  912,  717)   4   733  1300
[ 33] [     4241699] 1 | True  True 00 (  900,  705)   4   751  1056
[ 34] [     4251702] 1 | True  True 00 (  888,  693)   4   743   776
[ 35] [     4261701] 1 | True  True 00 (  875,  679)   4   744  1088
[ 36] [     4271700] 1 | True  True 00 (  863,  665)   6   816  1264
[ 37] [     4281704] 1 | True  True 00 (  852,  651)   4   674  1424
[ 38] [     4291703] 1 | True  True 00 (  840,  638)   5   702  1492
[ 39] [     4301682] 1 | True  True 00 (  827,  622)   4   720  1528
[ 40] [     4311678] 1 | True  True 00 (  817,  605)   4   713  1372
[ 41] [     4321678] 1 | True  True 00 (  808,  589)   4   719  1088
[ 42] [     4331682] 1 | True  True 00 (  801,  573)   4   685  1220
[ 43] [     4341677] 1 | True  True 00 (  795,  556)   4   754  1600
[ 44] [     4351677] 1 | True  True 00 (  791,  538)   5   847  1816
[ 45] [     4361676] 1 | True  True 00 (  790,  519)   4   658  1436
[ 46] [     4371662] 1 | True  True 00 (  789,  500)   4   704  1256
[ 47] [     4381656] 1 | True  True 00 (  789,  479)   4   707  1156
[ 48] [     4391675] 1 | True  True 00 (  788,  461)   4   811  1412
[ 49] [     4401661] 1 | True  True 00 (  785,  443)   4   781  1668
[ 50] [     4411674] 1 | True  True 00 (  784,  429)   5   854  1832
[ 51] [     4421660] 1 | True  True 00 (  785,  412)   5   824  1688
[ 52] [     4431672] 1 | True  True 00 (  788,  395)   4   748  1520
[ 53] [     4441658] 1 | True  True 00 (  790,  377)   4   779  1264
[ 54] [     4451658] 1 | True  True 00 (  794,  359)   5   819  1368
[ 55] [     4461652] 1 | True  True 00 (  799,  342)   4   729  1404
[ 56] [     4471671] 1 | True  True 00 (  806,  327)   4   694  1368
[ 57] [     4481659] 1 | True  True 00 (  816,  311)   5   800  1312
[ 58] [     4491670] 1 | True  True 00 (  828,  295)   4   710  1128
[ 59] [     4501659] 1 | True  True 00 (  839,  279)   4   748  1060
[ 60] [     4511673] 1 | True  True 00 (  851,  265)   4   725  1008
[ 61] [     4521679] 1 | True  True 00 (  862,  251)   4   746  1100
[ 62] [     4531680] 1 | True  True 00 (  873,  236)   4   755  1384
[ 63] [     4541673] 1 | True  True 00 (  884,  223)   4   722  1508
[ 64] [     4551679] 1 | True  True 00 (  898,  211)   4   687  1436
[ 65] [     4561679] 1 | True  True 00 (  914,  201)   5   764  1240
[ 66] [     4571679] 1 | True  True 00 (  930,  191)   4   712  1180
[ 67] [     4581679] 1 | True  True 00 (  947,  181)   5   728  1356
[ 68] [     4591679] 1 | True  True 00 (  962,  171)   4   734  1532
[ 69] [     4601678] 1 | True  True 00 (  976,  163)   4   726  1640
[ 70] [     4611678] 1 | True  True 00 (  992,  156)   4   680  1480
[ 71] [     4621678] 1 | True  True 00 ( 1011,  150)   4   752  1288
[ 72] [     4631678] 1 | True  True 00 ( 1029,  145)   4   763  1056
[ 73] [     4641678] 1 | True  True 00 ( 1047,  141)   4   760  1116
[ 74] [     4651678] 1 | True  True 00 ( 1064,  138)   4   758  1368
[ 75] [     4661677] 1 | True  True 00 ( 1081,  136)   4   737  1476
[ 76] [     4671678] 1 | True  True 00 ( 1098,  135)   5   781  1368
[ 77] [     4681657] 1 | True  True 00 ( 1117,  134)   4   760  1240
[ 78] [     4691670] 1 | True  True 00 ( 1136,  133)   4   784  1020
[ 79] [     4701676] 1 | True  True 00 ( 1154,  134)   4   770  1220
[ 80] [     4711657] 1 | True  True 00 ( 1171,  137)   4   779  1568
[ 81] [     4721671] 1 | True  True 00 ( 1187,  139)   4   725  1624
[ 82] [     4731671] 1 | True  True 00 ( 1203,  143)   5   770  1604
[ 83] [     4741657] 1 | True  True 00 ( 1221,  149)   5   807  1512
[ 84] [     4751655] 1 | True  True 00 ( 1240,  156)   4   762  1256
[ 85] [     4761667] 1 | True  True 00 ( 1258,  163)   4   774  1296
[ 86] [     4771656] 1 | True  True 00 ( 1274,  172)   4   770  1352
[ 87] [     4781667] 1 | True  True 00 ( 1289,  181)   4   792  1388
[ 88] [     4791675] 1 | True  True 00 ( 1302,  191)   4   769  1276
[ 89] [     4801655] 1 | True  True 00 ( 1314,  202)   5   831  1308
[ 90] [     4811673] 1 | True  True 00 ( 1327,  215)   4   743  1400
[ 91] [     4821655] 1 | True  True 00 ( 1342,  228)   3   649  1236
[ 92] [     4831667] 1 | True  True 00 ( 1357,  241)   5   777  1288
[ 93] [     4841653] 1 | True  True 00 ( 1370,  255)   4   746  1172
[ 94] [     4851645] 1 | True  True 00 ( 1380,  269)   4   791  1152
[ 95] [     4861629] 1 | True  True 00 ( 1389,  284)   4   765  1012
[ 96] [     4871630] 1 | True  True 00 ( 1398,  300)   5   819  1032
[ 97] [     4881624] 1 | True  True 00 ( 1405,  316)   4   762  1320
[ 98] [     4891605] 1 | True  True 00 ( 1413,  334)   5   829  1576
[ 99] [     4901603] 1 | True  True 00 ( 1419,  352)   5   770  1628
[100] [     4911587] 1 | True  True 00 ( 1424,  369)   4   771  1648
[101] [     4921586] 1 | True  True 00 ( 1429,  386)   5   862  1504
[102] [     4931565] 1 | True  True 00 ( 1430,  403)   4   816  1176
[103] [     4941567] 1 | True  True 00 ( 1430,  421)   5   859  1404
[104] [     4951567] 1 | True  True 00 ( 1430,  439)   6   911  1708
[105] [     4961546] 1 | True  True 00 ( 1430,  457)   4   720  1636
[106] [     4971548] 1 | True  True 00 ( 1429,  474)   4   778  1544
[107] [     4981543] 1 | True  True 00 ( 1431,  492)   4   711  1316
[108] [     4991543] 1 | True  True 00 ( 1429,  509)   4   823  1100
[109] [     5001543] 1 | True  True 00 ( 1429,  528)   4   756  1272
[110] [     5011523] 1 | True  True 00 ( 1427,  544)   4   765  1364
[111] [     5021523] 1 | True  True 00 ( 1423,  559)   5   829  1436
[112] [     5031518] 1 | True  True 00 ( 1419,  576)   4   714  1256
[113] [     5041520] 1 | True  True 00 ( 1412,  594)   4   734  1052
[114] [     5051501] 1 | True  True 00 ( 1404,  610)   4   783  1088
[115] [     5061499] 1 | True  True 00 ( 1395,  626)   5   811  1064
[116] [     5071499] 1 | True  True 00 ( 1383,  639)   7   908  1352
[117] [     5081498] 1 | True  True 00 ( 1369,  655)   3   666  1568
[118] [     5091479] 1 | True  True 00 ( 1356,  668)   5   816  1692
[119] [     5101475] 1 | True  True 00 ( 1344,  682)   6   823  1568
[120] [     5111479] 1 | True  True 00 ( 1332,  696)   4   745  1388
[121] [     5121478] 1 | True  True 00 ( 1320,  709)   4   750  1208
[122] [     5131477] 1 | True  True 00 ( 1306,  720)   4   731  1224
[123] [     5141475] 1 | True  True 00 ( 1289,  730)   5   818  1372
[124] [     5151480] 1 | True  True 00 ( 1271,  739)   4   744  1408
[125] [     5161477] 1 | True  True 00 ( 1254,  747)   4   776  1224
[126] [     5171475] 1 | True  True 00 ( 1238,  754)   4   772   992
[127] [     5181481] 1 | True  True 00 ( 1222,  760)   4   778   792
[128] [     5191478] 1 | True  True 00 ( 1206,  766)   4   779   968
[129] [     5201477] 1 | True  True 00 ( 1188,  771)   5   806  1244
[130] [     5211495] 1 | True  True 00 ( 1168,  775)   5   836  1316
[131] [     5221498] 1 | True  True 00 ( 1150,  776)   4   766  1224
[132] [     5231498] 1 | True  True 00 ( 1132,  778)   4   797  1080
[133] [     5241498] 1 | True  True 00 ( 1115,  778)   4   760   824
[134] [     5251498] 1 | True  True 00 ( 1099,  779)   4   798  1060
[135] [     5261498] 1 | True  True 00 ( 1082,  778)   6   865  1132
[136] [     5271519] 1 | True  True 00 ( 1061,  777)   4   767  1232
[137] [     5281517] 1 | True  True 00 ( 1042,  774)   4   783  1232
[138] [     5291516] 1 | True  True 00 ( 1025,  770)   4   767  1144
[139] [     5301514] 1 | True  True 00 ( 1009,  765)   4   746  1016
[140] [     5311521] 1 | True  True 00 (  994,  760)   4   772  1128
[141] [     5321535] 1 | True  True 00 (  978,  753)   4   696  1316
[142] [     5331522] 1 | True  True 00 (  961,  747)   4   715  1612
[143] [     5341521] 1 | True  True 00 (  943,  740)   4   686  1716
[144] [     5351533] 1 | True  True 00 (  928,  730)   3   645  1576
[145] [     5361521] 1 | True  True 00 (  914,  720)   4   746  1404
[146] [     5371533] 1 | True  True 00 (  901,  708)   4   734  1076
[147] [     5381521] 1 | True  True 00 (  889,  696)   4   752   796
[148] [     5391538] 1 | True  True 00 (  877,  682)   4   750   984
[149] [     5401519] 1 | True  True 00 (  866,  667)   4   733  1248
[150] [     5411534] 1 | True  True 00 (  854,  654)   4   718  1440
[151] [     5421521] 1 | True  True 00 (  841,  637)   5   746  1476
[152] [     5431534] 1 | True  True 00 (  830,  622)   4   675  1492
[153] [     5441536] 1 | True  True 00 (  819,  606)   3   692  1372
[154] [     5451535] 1 | True  True 00 (  812,  592)   3   640  1196
[155] [     5461535] 1 | True  True 00 (  805,  576)   4   742  1292
[156] [     5471535] 1 | True  True 00 (  801,  559)   4   642  1472
[157] [     5481541] 1 | True  True 00 (  798,  542)   4   644  1508
[158] [     5491542] 1 | True  True 00 (  794,  524)   4   688  1472
[159] [     5501535] 1 | True  True 00 (  790,  507)   5   892  1564
[160] [     5511536] 1 | True  True 00 (  788,  488)   4   800  1184
[161] [     5521555] 1 | True  True 00 (  784,  470)   5   896  1376
[162] [     5531538] 1 | True  True 00 (  783,  450)   3   683  1612
[163] [     5541540] 1 | True  True 00 (  784,  430)   4   698  1760
[164] [     5551541] 1 | True  True 00 (  785,  413)   3   709  1760
[165] [     5561534] 1 | True  True 00 (  787,  395)   4   758  1560
[166] [     5571540] 1 | True  True 00 (  790,  378)   4   798  1412
[167] [     5581554] 1 | True  True 00 (  793,  362)   5   791  1296
[168] [     5591557] 1 | True  True 00 (  798,  346)   5   762  1440
[169] [     5601555] 1 | True  True 00 (  806,  330)   4   718  1440
[170] [     5611557] 1 | True  True 00 (  817,  314)   5   773  1276
[171] [     5621555] 1 | True  True 00 (  827,  299)   3   663  1256
[172] [     5631556] 1 | True  True 00 (  837,  283)   4   753  1060
[173] [     5641557] 1 | True  True 00 (  848,  268)   4   735  1044
[174] [     5651552] 1 | True  True 00 (  859,  253)   4   733   956
[175] [     5661555] 1 | True  True 00 (  870,  239)   4   750  1292
[176] [     5671557] 1 | True  True 00 (  882,  226)   3   651  1508
[177] [     5681552] 1 | True  True 00 (  894,  215)   4   682  1348
[178] [     5691559] 1 | True  True 00 (  910,  204)   4   721  1328
[179] [     5701554] 1 | True  True 00 (  927,  193)   4   725  1180
[180] [     5711556] 1 | True  True 00 (  942,  183)   5   734  1232
[181] [     5721554] 1 | True  True 00 (  958,  174)   4   717  1500
[182] [     5731558] 1 | True  True 00 (  973,  165)   4   752  1708
[183] [     5741555] 1 | True  True 00 (  988,  157)   4   720  1568
[184] [     5751553] 1 | True  True 00 ( 1005,  150)   5   795  1304
[185] [     5761536] 1 | True  True 00 ( 1024,  144)   4   750   988
[186] [     5771537] 1 | True  True 00 ( 1043,  140)   4   765  1132
[187] [     5781531] 1 | True  True 00 ( 1062,  137)   4   749  1348
[188] [     5791537] 1 | True  True 00 ( 1079,  135)   4   759  1476
[189] [     5801537] 1 | True  True 00 ( 1094,  133)   4   734  1368
[190] [     5811530] 1 | True  True 00 ( 1113,  132)   4   738  1240
[191] [     5821537] 1 | True  True 00 ( 1133,  132)   4   748   984
[192] [     5831536] 1 | True  True 00 ( 1152,  133)   4   780  1296
[193] [     5841536] 1 | True  True 00 ( 1170,  135)   4   766  1460
[194] [     5851537] 1 | True  True 00 ( 1185,  138)   4   753  1640
[195] [     5861530] 1 | True  True 00 ( 1202,  142)   5   748  1532
[196] [     5871536] 1 | True  True 00 ( 1220,  147)   4   703  1460
[197] [     5881536] 1 | True  True 00 ( 1238,  154)   4   722  1240
[198] [     5891530] 1 | True  True 00 ( 1256,  163)   4   766  1204
[199] [     5901535] 1 | True  True 00 ( 1272,  171)   4   797  1332
[200] [     5911535] 1 | True  True 00 ( 1286,  180)   4   802  1404
[201] [     5921529] 1 | True  True 00 ( 1300,  190)   4   806  1352
[202] [     5931529] 1 | True  True 00 ( 1312,  200)   5   781  1252
[203] [     5941529] 1 | True  True 00 ( 1324,  212)   4   743  1364
[204] [     5951534] 1 | True  True 00 ( 1340,  225)   3   668  1288
[205] [     5961535] 1 | True  True 00 ( 1355,  239)   4   742  1308
[206] [     5971553] 1 | True  True 00 ( 1369,  254)   4   758  1224
[207] [     5981550] 1 | True  True 00 ( 1380,  268)   4   755  1188
[208] [     5991554] 1 | True  True 00 ( 1390,  283)   4   783  1064
[209] [     6001550] 1 | True  True 00 ( 1397,  298)   4   785   940
[210] [     6011572] 1 | True  True 00 ( 1405,  313)   4   762  1232
[211] [     6021571] 1 | True  True 00 ( 1411,  329)   4   732  1468
[212] [     6031570] 1 | True  True 00 ( 1417,  345)   5   775  1628
[213] [     6041589] 1 | True  True 00 ( 1422,  363)   3   737  1668
[214] [     6051573] 1 | True  True 00 ( 1426,  381)   4   782  1484
[215] [     6061571] 1 | True  True 00 ( 1428,  398)   4   835  1304
[216] [     6071570] 1 | True  True 00 ( 1430,  415)   4   773  1384
[217] [     6081569] 1 | True  True 00 ( 1432,  433)   5   758  1492
[218] [     6091589] 1 | True  True 00 ( 1434,  452)   4   711  1616
[219] [     6101588] 1 | True  True 00 ( 1433,  470)   4   822  1812
[220] [     6111586] 1 | True  True 00 ( 1433,  487)   5   898  1636
[221] [     6121591] 1 | True  True 00 ( 1432,  505)   4   780  1156
[222] [     6131588] 1 | True  True 00 ( 1428,  522)   4   789  1220
[223] [     6141606] 1 | True  True 00 ( 1424,  538)   4   794  1364
[224] [     6151608] 1 | True  True 00 ( 1421,  555)   4   708  1384
[225] [     6161609] 1 | True  True 00 ( 1417,  574)   5   784  1292
[226] [     6171609] 1 | True  True 00 ( 1411,  591)   5   836  1140
[227] [     6181609] 1 | True  True 00 ( 1403,  608)   4   775  1108
[228] [     6191609] 1 | True  True 00 ( 1395,  624)   5   806  1028
[229] [     6201609] 1 | True  True 00 ( 1382,  639)   5   768  1260
[230] [     6211609] 1 | True  True 00 ( 1369,  654)   5   788  1532
[231] [     6221610] 1 | True  True 00 ( 1356,  668)   3   712  1656
[232] [     6231627] 1 | True  True 00 ( 1344,  682)   5   755  1584
[233] [     6241610] 1 | True  True 00 ( 1334,  696)   4   736  1460
[234] [     6251608] 1 | True  True 00 ( 1322,  709)   4   763  1172
[235] [     6261612] 1 | True  True 00 ( 1309,  720)   4   781  1224
[236] [     6271605] 1 | True  True 00 ( 1292,  730)   5   814  1372
[237] [     6281606] 1 | True  True 00 ( 1274,  739)   4   734  1408
[238] [     6291587] 1 | True  True 00 ( 1257,  747)   4   799  1316
[239] [     6301586] 1 | True  True 00 ( 1240,  754)   4   823  1040
[240] [     6311583] 1 | True  True 00 ( 1224,  760)   4   777   800
[241] [     6321588] 1 | True  True 00 ( 1209,  766)   4   788   968
[242] [     6331587] 1 | True  True 00 ( 1192,  770)   5   809  1096
[243] [     6341587] 1 | True  True 00 ( 1172,  773)   5   809  1300
[244] [     6351566] 1 | True  True 00 ( 1153,  775)   4   821  1352
[245] [     6361567] 1 | True  True 00 ( 1136,  776)   4   797  1116
[246] [     6371567] 1 | True  True 00 ( 1119,  778)   4   800   932
[247] [     6381566] 1 | True  True 00 ( 1102,  778)   4   812  1024
[248] [     6391566] 1 | True  True 00 ( 1085,  778)   5   804  1112
[249] [     6401547] 1 | True  True 00 ( 1065,  776)   5   790  1252
[250] [     6411546] 1 | True  True 00 ( 1045,  773)   4   806  1304
[251] [     6421546] 1 | True  True 00 ( 1028,  770)   4   794  1216
[252] [     6431526] 1 | True  True 00 ( 1011,  765)   4   774  1036
[253] [     6441527] 1 | True  True 00 (  996,  760)   4   794  1108
[254] [     6451542] 1 | True  True 00 (  981,  755)   5   776  1300
[255] [     6461526] 1 | True  True 00 (  964,  749)   4   703  1524
[  0] [     6471548] 1 | True  True 00 (  946,  740)   5   775  1716
[  1] [     6481545] 1 | True  True 00 (  930,  730)   3   658  1648
[  2] [     6491544] 1 | True  True 00 (  916,  721)   4   724  1440
[  3] [     6501544] 1 | True  True 00 (  904,  710)   4   729  1160
[  4] [     6511544] 1 | True  True 00 (  891,  698)   4   735   796
[  5] [     6521544] 1 | True  True 00 (  879,  685)   4   718   860
[  6] [     6531526] 1 | True  True 00 (  867,  672)   4   719  1176
[  7] [     6541527] 1 | True  True 00 (  854,  657)   5   764  1372
[  8] [     6551527] 1 | True  True 00 (  844,  644)   4   674  1492
[  9] [     6561522] 1 | True  True 00 (  834,  629)   4   680  1548
[ 10] [     6571522] 1 | True  True 00 (  821,  611)   4   798  1460
[ 11] [     6581504] 1 | True  True 00 (  811,  595)   5   762  1228
[ 12] [     6591518] 1 | True  True 00 (  805,  579)   4   707  1292
[ 13] [     6601506] 1 | True  True 00 (  797,  561)   5   831  1472
[ 14] [     6611497] 1 | True  True 00 (  791,  543)   6   928  1816
[ 15] [     6621495] 1 | True  True 00 (  788,  525)   4   684  1528
[ 16] [     6631500] 1 | True  True 00 (  786,  508)   4   798  1544
[ 17] [     6641500] 1 | True  True 00 (  785,  489)   4   750  1132
[ 18] [     6651497] 1 | True  True 00 (  784,  469)   4   726  1300
[ 19] [     6661495] 1 | True  True 00 (  784,  448)   3   674  1560
[ 20] [     6671502] 1 | True  True 00 (  784,  429)   3   657  1760
[ 21] [     6681495] 1 | True  True 00 (  786,  413)   4   748  1780
[ 22] [     6691500] 1 | True  True 00 (  787,  397)   4   771  1632
[ 23] [     6701479] 1 | True  True 00 (  789,  380)   4   785  1376
[ 24] [     6711494] 1 | True  True 00 (  791,  364)   4   772  1332
[ 25] [     6721478] 1 | True  True 00 (  796,  347)   5   797  1420
[ 26] [     6731477] 1 | True  True 00 (  802,  332)   4   755  1460
[ 27] [     6741477] 1 | True  True 00 (  812,  316)   5   792  1348
[ 28] [     6751476] 1 | True  True 00 (  824,  300)   4   695  1112
[ 29] [     6761476] 1 | True  True 00 (  835,  285)   4   753  1132
[ 30] [     6771476] 1 | True  True 00 (  846,  270)   4   770  1080
[ 31] [     6781476] 1 | True  True 00 (  857,  256)   4   787  1028
[ 32] [     6791476] 1 | True  True 00 (  868,  242)   4   767  1256
[ 33] [     6801475] 1 | True  True 00 (  879,  228)   4   697  1436
[ 34] [     6811477] 1 | True  True 00 (  892,  216)   4   717  1488
[ 35] [     6821480] 1 | True  True 00 (  909,  205)   4   744  1400
[ 36] [     6831474] 1 | True  True 00 (  926,  194)   4   708  1128
[ 37] [     6841452] 1 | True  True 00 (  942,  184)   4   701  1340
[ 38] [     6851470] 1 | True  True 00 (  957,  175)   4   712  1516
[ 39] [     6861456] 1 | True  True 00 (  972,  167)   4   707  1620
[ 40] [     6871453] 1 | True  True 00 (  986,  158)   5   759  1568
[ 41] [     6881456] 1 | True  True 00 ( 1005,  152)   4   735  1320
[ 42] [     6891451] 1 | True  True 00 ( 1023,  147)   4   752  1144
[ 43] [     6901455] 1 | True  True 00 ( 1041,  143)   4   745  1096
[ 44] [     6911453] 1 | True  True 00 ( 1059,  140)   4   775  1312
[ 45] [     6921450] 1 | True  True 00 ( 1075,  136)   4   764  1440
[ 46] [     6931454] 1 | True  True 00 ( 1091,  134)   4   706  1456
[ 47] [     6941451] 1 | True  True 00 ( 1110,  133)   4   751  1348
[ 48] [     6951455] 1 | True  True 00 ( 1129,  133)   4   796  1168
[ 49] [     6961452] 1 | True  True 00 ( 1148,  135)   4   783  1184
[ 50] [     6971449] 1 | True  True 00 ( 1166,  137)   4   780  1476
[ 51] [     6981453] 1 | True  True 00 ( 1182,  139)   3   733  1676
[ 52] [     6991450] 1 | True  True 00 ( 1198,  142)   5   771  1624
[ 53] [     7001435] 1 | True  True 00 ( 1215,  147)   5   761  1496
[ 54] [     7011433] 1 | True  True 00 ( 1234,  153)   4   734  1256
[ 55] [     7021432] 1 | True  True 00 ( 1252,  161)   4   756  1224
[ 56] [     7031430] 1 | True  True 00 ( 1269,  170)   4   769  1296
[ 57] [     7041429] 1 | True  True 00 ( 1284,  179)   4   779  1388
[ 58] [     7051409] 1 | True  True 00 ( 1298,  188)   4   801  1368
[ 59] [     7061412] 1 | True  True 00 ( 1310,  198)   4   779  1272
[ 60] [     7071391] 1 | True  True 00 ( 1321,  209)   5   771  1288
[ 61] [     7081393] 1 | True  True 00 ( 1335,  221)   4   742  1416
[ 62] [     7091374] 1 | True  True 00 ( 1350,  235)   4   731  1288
[ 63] [     7101368] 1 | True  True 00 ( 1365,  249)   4   768  1224
[ 64] [     7111366] 1 | True  True 00 ( 1377,  264)   4   745  1152
[ 65] [     7121346] 1 | True  True 00 ( 1387,  278)   4   778  1100
[ 66] [     7131350] 1 | True  True 00 ( 1396,  293)   4   779   976
[ 67] [     7141346] 1 | True  True 00 ( 1404,  310)   4   802  1284
[ 68] [     7151344] 1 | True  True 00 ( 1410,  326)   5   845  1504
[ 69] [     7161323] 1 | True  True 00 ( 1415,  345)   5   798  1648
[ 70] [     7171326] 1 | True  True 00 ( 1419,  364)   4   828  1704
[ 71] [     7181322] 1 | True  True 00 ( 1424,  379)   4   775  1576
[ 72] [     7191306] 1 | True  True 00 ( 1426,  395)   4   777  1284
[ 73] [     7201305] 1 | True  True 00 ( 1427,  413)   5   851  1280
[ 74] [     7211284] 1 | True  True 00 ( 1431,  430)   5   809  1600
[ 75] [     7221287] 1 | True  True 00 ( 1432,  448)   4   765  1688
[ 76] [     7231287] 1 | True  True 00 ( 1431,  468)   4   844  1796
[ 77] [     7241266] 1 | True  True 00 ( 1430,  486)   5   863  1528
[ 78] [     7251261] 1 | True  True 00 ( 1430,  502)   4   828  1332
[ 79] [     7261261] 1 | True  True 00 ( 1429,  521)   4   744  1184
[ 80] [     7271261] 1 | True  True 00 ( 1428,  541)   4   704  1364
[ 81] [     7281241] 1 | True  True 00 ( 1423,  557)   4   743  1364
[ 82] [     7291238] 1 | True  True 00 ( 1418,  573)   5   771  1256
[ 83] [     7301222] 1 | True  True 00 ( 1413,  590)   4   775  1200
[ 84] [     7311216] 1 | True  True 00 ( 1406,  607)   4   752  1052
[ 85] [     7321217] 1 | True  True 00 ( 1397,  622)   5   810  1036
[ 86] [     7331198] 1 | True  True 00 ( 1387,  637)   5   787  1224
[ 87] [     7341197] 1 | True  True 00 ( 1374,  652)   4   739  1496
[ 88] [     7351182] 1 | True  True 00 ( 1360,  665)   5   816  1676
[ 89] [     7361161] 1 | True  True 00 ( 1347,  679)   5   768  1568
[ 90] [     7371160] 1 | True  True 00 ( 1335,  693)   5   753  1440
[ 91] [     7381157] 1 | True  True 00 ( 1324,  705)   4   750  1280
[ 92] [     7391137] 1 | True  True 00 ( 1311,  717)   4   794  1244
[ 93] [     7401139] 1 | True  True 00 ( 1295,  727)   5   800  1316
[ 94] [     7411137] 1 | True  True 00 ( 1276,  737)   4   752  1424
[ 95] [     7421137] 1 | True  True 00 ( 1259,  745)   4   781  1336
[ 96] [     7431138] 1 | True  True 00 ( 1242,  753)   4   785  1008
[ 97] [     7441118] 1 | True  True 00 ( 1226,  759)   4   791   892
[ 98] [     7451109] 1 | True  True 00 ( 1210,  765)   4   783   932
[ 99] [     7461114] 1 | True  True 00 ( 1195,  769)   4   765  1060
[100] [     7471112] 1 | True  True 00 ( 1175,  772)   5   841  1316
[101] [     7481091] 1 | True  True 00 ( 1156,  775)   4   822  1336
[102] [     7491091] 1 | True  True 00 ( 1138,  776)   4   807  1188
[103] [     7501091] 1 | True  True 00 ( 1121,  778)   4   833   988
[104] [     7511071] 1 | True  True 00 ( 1104,  778)   4   789  1004
[105] [     7521067] 1 | True  True 00 ( 1087,  777)   4   793  1132
[106] [     7531073] 1 | True  True 00 ( 1068,  776)   6   877  1204
[107] [     7541070] 1 | True  True 00 ( 1049,  774)   4   815  1340
[108] [     7551068] 1 | True  True 00 ( 1032,  771)   4   777  1196
[109] [     7561066] 1 | True  True 00 ( 1016,  767)   4   765  1088
[110] [     7571050] 1 | True  True 00 ( 1000,  762)   4   785  1040
[111] [     7581048] 1 | True  True 00 (  984,  756)   5   799  1316
[112] [     7591047] 1 | True  True 00 (  967,  750)   4   711  1544
[113] [     7601047] 1 | True  True 00 (  950,  743)   5   717  1716
[114] [     7611046] 1 | True  True 00 (  933,  733)   4   710  1628
[115] [     7621046] 1 | True  True 00 (  918,  723)   4   724  1472
[116] [     7631046] 1 | True  True 00 (  905,  712)   4   747  1196
[117] [     7641026] 1 | True  True 00 (  893,  700)   4   730   868
[118] [     7651029] 1 | True  True 00 (  881,  687)   4   767   912
[119] [     7661027] 1 | True  True 00 (  869,  674)   4   701  1052
[120] [     7671029] 1 | True  True 00 (  858,  659)   5   765  1316
[121] [     7681026] 1 | True  True 00 (  847,  646)   4   656  1492
[122] [     7691028] 1 | True  True 00 (  835,  629)   5   794  1512
[123] [     7701006] 1 | True  True 00 (  824,  614)   4   716  1460
[124] [     7711005] 1 | True  True 00 (  816,  598)   3   666  1264
[125] [     7721006] 1 | True  True 00 (  809,  581)   4   761  1472
[126] [     7731007] 1 | True  True 00 (  802,  565)   4   735  1436
[127] [     7741005] 1 | True  True 00 (  798,  547)   3   646  1652
[128] [     7750984] 1 | True  True 00 (  795,  529)   4   624  1472
[129] [     7760982] 1 | True  True 00 (  793,  510)   4   703  1436
[130] [     7770982] 1 | True  True 00 (  793,  492)   4   781  1436
[131] [     7780980] 1 | True  True 00 (  791,  473)   4   792  1300
[132] [     7790963] 1 | True  True 00 (  788,  457)   5   934  1560
[133] [     7800961] 1 | True  True 00 (  786,  443)   5   876  1724
[134] [     7810961] 1 | True  True 00 (  787,  427)   4   775  1724
[135] [     7820941] 1 | True  True 00 (  788,  408)   4   757  1704
[136] [     7830938] 1 | True  True 00 (  790,  390)   5   848  1432
[137] [     7840942] 1 | True  True 00 (  792,  372)   5   815  1220
[138] [     7850939] 1 | True  True 00 (  796,  355)   4   731  1404
[139] [     7860942] 1 | True  True 00 (  803,  337)   4   732  1496
[140] [     7870938] 1 | True  True 00 (  813,  321)   4   749  1476
[141] [     7880921] 1 | True  True 00 (  824,  304)   4   727  1256
[142] [     7890920] 1 | True  True 00 (  835,  288)   4   705  1008
[143] [     7900919] 1 | True  True 00 (  846,  273)   4   738  1044
[144] [     7910917] 1 | True  True 00 (  856,  258)   4   752   976
[145] [     7920916] 1 | True  True 00 (  867,  244)   4   772  1256
[146] [     7930902] 1 | True  True 00 (  878,  230)   4   753  1524
[147] [     7940899] 1 | True  True 00 (  890,  218)   4   713  1524
[148] [     7950897] 1 | True  True 00 (  905,  207)   3   648  1384
[149] [     7960879] 1 | True  True 00 (  922,  196)   5   779  1168
[150] [     7970880] 1 | True  True 00 (  938,  185)   5   772  1252
[151] [     7980881] 1 | True  True 00 (  952,  176)   5   786  1412
[152] [     7990881] 1 | True  True 00 (  967,  168)   3   677  1620
[153] [     8000881] 1 | True  True 00 (  981,  161)   4   724  1640
[154] [     8010880] 1 | True  True 00 (  997,  154)   4   726  1392
[155] [     8020877] 1 | True  True 00 ( 1015,  148)   4   757  1164
[156] [     8030879] 1 | True  True 00 ( 1034,  143)   4   723   988
[157] [     8040876] 1 | True  True 00 ( 1053,  139)   4   788  1296
[158] [     8050876] 1 | True  True 00 ( 1070,  136)   4   781  1420
[159] [     8060874] 1 | True  True 00 ( 1086,  134)   5   765  1476
[160] [     8070875] 1 | True  True 00 ( 1105,  132)   5   808  1348
[161] [     8080874] 1 | True  True 00 ( 1124,  132)   4   787  1204
[162] [     8090858] 1 | True  True 00 ( 1144,  134)   4   829  1240
[163] [     8100871] 1 | True  True 00 ( 1162,  136)   4   766  1384
[164] [     8110857] 1 | True  True 00 ( 1180,  138)   4   753  1676
[165] [     8120871] 1 | True  True 00 ( 1194,  142)   4   725  1696
[166] [     8130857] 1 | True  True 00 ( 1211,  146)   5   807  1532
[167] [     8140870] 1 | True  True 00 ( 1229,  152)   4   720  1348
[168] [     8150856] 1 | True  True 00 ( 1248,  160)   4   766  1188
[169] [     8160848] 1 | True  True 00 ( 1265,  168)   4   770  1316
[170] [     8170853] 1 | True  True 00 ( 1282,  177)   4   779  1424
[171] [     8180851] 1 | True  True 00 ( 1295,  186)   4   829  1368
[172] [     8190848] 1 | True  True 00 ( 1307,  196)   4   774  1224
[173] [     8200853] 1 | True  True 00 ( 1320,  208)   4   734  1324
[174] [     8210853] 1 | True  True 00 ( 1334,  220)   4   743  1400
[175] [     8220850] 1 | True  True 00 ( 1350,  233)   4   749  1324
[176] [     8230869] 1 | True  True 00 ( 1364,  248)   5   794  1152
[177] [     8240855] 1 | True  True 00 ( 1376,  262)   4   790  1224
[178] [     8250847] 1 | True  True 00 ( 1385,  276)   4   783  1100
[179] [     8260852] 1 | True  True 00 ( 1393,  291)   4   792   992
[180] [     8270849] 1 | True  True 00 ( 1401,  306)   4   794  1160
[181] [     8280847] 1 | True  True 00 ( 1408,  322)   4   797  1468
[182] [     8290852] 1 | True  True 00 ( 1413,  342)   6   902  1668
[183] [     8300850] 1 | True  True 00 ( 1418,  358)   4   713  1648
[184] [     8310850] 1 | True  True 00 ( 1421,  376)   4   851  1612
[185] [     8320851] 1 | True  True 00 ( 1424,  394)   4   850  1340
[186] [     8330853] 1 | True  True 00 ( 1426,  412)   4   814  1244
[187] [     8340852] 1 | True  True 00 ( 1430,  429)   5   830  1600
[188] [     8350852] 1 | True  True 00 ( 1431,  447)   7   907  1688
[189] [     8360853] 1 | True  True 00 ( 1432,  464)   4   720  1672
[190] [     8370831] 1 | True  True 00 ( 1432,  482)   4   738  1368
[191] [     8380845] 1 | True  True 00 ( 1431,  500)   4   769  1224
[192] [     8390831] 1 | True  True 00 ( 1430,  519)   4   720  1108
[193] [     8400845] 1 | True  True 00 ( 1429,  536)   4   807  1384
[194] [     8410830] 1 | True  True 00 ( 1427,  555)   4   687  1420
[195] [     8420845] 1 | True  True 00 ( 1421,  571)   5   825  1364
[196] [     8430829] 1 | True  True 00 ( 1415,  585)   6   923  1220
[197] [     8440845] 1 | True  True 00 ( 1408,  600)   5   788  1052
[198] [     8450823] 1 | True  True 00 ( 1400,  616)   5   838  1072
[199] [     8460825] 1 | True  True 00 ( 1390,  632)   6   864  1136
[200] [     8470825] 1 | True  True 00 ( 1377,  647)   5   796  1388
[201] [     8480827] 1 | True  True 00 ( 1363,  661)   4   752  1620
[202] [     8490827] 1 | True  True 00 ( 1350,  675)   4   722  1656
[203] [     8500827] 1 | True  True 00 ( 1338,  690)   4   708  1440
[204] [     8510827] 1 | True  True 00 ( 1325,  703)   4   781  1352
[205] [     8520827] 1 | True  True 00 ( 1312,  715)   4   768  1224
[206] [     8530826] 1 | True  True 00 ( 1298,  725)   5   832  1372
[207] [     8540826] 1 | True  True 00 ( 1280,  734)   5   811  1408
[208] [     8550826] 1 | True  True 00 ( 1263,  743)   4   794  1388
[209] [     8560826] 1 | True  True 00 ( 1246,  751)   4   780  1116
[210] [     8570826] 1 | True  True 00 ( 1231,  758)   4   818   928
[211] [     8580826] 1 | True  True 00 ( 1214,  763)   4   811   952
[212] [     8590827] 1 | True  True 00 ( 1198,  768)   4   779  1116
[213] [     8600842] 1 | True  True 00 ( 1178,  772)   6   886  1300
[214] [     8610845] 1 | True  True 00 ( 1159,  776)   4   804  1372
[215] [     8620828] 1 | True  True 00 ( 1142,  778)   4   794  1264
[216] [     8630842] 1 | True  True 00 ( 1125,  779)   4   806  1008
[217] [     8640844] 1 | True  True 00 ( 1109,  779)   4   790   932
[218] [     8650843] 1 | True  True 00 ( 1092,  778)   5   836  1060
[219] [     8660823] 1 | True  True 00 ( 1073,  777)   6   859  1184
[220] [     8670825] 1 | True  True 00 ( 1054,  776)   4   779  1284
[221] [     8680824] 1 | True  True 00 ( 1036,  773)   4   782  1196
[222] [     8690824] 1 | True  True 00 ( 1019,  769)   4   761  1108
[223] [     8700824] 1 | True  True 00 ( 1003,  764)   4   747   936
[224] [     8710824] 1 | True  True 00 (  987,  759)   4   753  1248
[225] [     8720824] 1 | True  True 00 (  971,  752)   4   739  1472
[226] [     8730824] 1 | True  True 00 (  952,  744)   5   744  1648
[227] [     8740823] 1 | True  True 00 (  936,  735)   5   746  1732
[228] [     8750823] 1 | True  True 00 (  921,  725)   4   715  1508
[229] [     8760823] 1 | True  True 00 (  907,  715)   4   755  1264
[230] [     8770823] 1 | True  True 00 (  895,  704)   4   751   972
[231] [     8780823] 1 | True  True 00 (  883,  690)   4   740   844
[232] [     8790823] 1 | True  True 00 (  871,  676)   4   728  1052
[233] [     8800822] 1 | True  True 00 (  861,  662)   5   755  1228
[234] [     8810822] 1 | True  True 00 (  852,  649)   3   630  1460
[235] [     8820823] 1 | True  True 00 (  839,  634)   5   753  1600
[236] [     8830822] 1 | True  True 00 (  827,  620)   4   671  1424
[237] [     8840822] 1 | True  True 00 (  817,  604)   3   617  1248
[238] [     8850822] 1 | True  True 00 (  810,  589)   4   724  1184
[239] [     8860802] 1 | True  True 00 (  804,  572)   4   721  1436
[240] [     8870798] 1 | True  True 00 (  798,  553)   4   789  1744
[241] [     8880803] 1 | True  True 00 (  790,  533)   5   756  1492
[242] [     8890799] 1 | True  True 00 (  787,  514)   4   689  1364
[243] [     8900803] 1 | True  True 00 (  786,  497)   5   906  1472
[244] [     8910797] 1 | True  True 00 (  784,  477)   5   796  1248
[245] [     8920800] 1 | True  True 00 (  785,  457)   4   743  1520
[246] [     8930798] 1 | True  True 00 (  786,  440)   3   739  1744
[247] [     8940802] 1 | True  True 00 (  786,  425)   5   828  1744
[248] [     8950797] 1 | True  True 00 (  787,  408)   4   754  1688
[249] [     8960802] 1 | True  True 00 (  789,  391)   4   776  1504
[250] [     8970798] 1 | True  True 00 (  791,  373)   5   820  1264
[251] [     8980782] 1 | True  True 00 (  796,  355)   4   776  1460
[252] [     8990782] 1 | True  True 00 (  802,  338)   4   778  1496
[253] [     9000782] 1 | True  True 00 (  811,  322)   5   817  1548
[254] [     9010781] 1 | True  True 00 (  822,  305)   4   726  1240
[255] [     9020760] 1 | True  True 00 (  832,  290)   4   745  1096
[  0] [     9030757] 1 | True  True 00 (  843,  275)   4   766  1080
[  1] [     9040759] 1 | True  True 00 (  853,  261)   4   738  1044
[  2] [     9050757] 1 | True  True 00 (  864,  248)   4   763  1152
[  3] [     9060758] 1 | True  True 00 (  875,  234)   4   741  1416
[  4] [     9070741] 1 | True  True 00 (  886,  221)   4   696  1508
[  5] [     9080741] 1 | True  True 00 (  901,  209)   3   643  1416
[  6] [     9090741] 1 | True  True 00 (  917,  198)   4   730  1204
[  7] [     9100740] 1 | True  True 00 (  935,  187)   4   712  1320
[  8] [     9110740] 1 | True  True 00 (  951,  177)   4   702  1444
[  9] [     9120740] 1 | True  True 00 (  967,  168)   4   721  1568
[ 10] [     9130739] 1 | True  True 00 (  981,  161)   4   735  1708
[ 11] [     9140740] 1 | True  True 00 (  997,  155)   4   744  1428
[ 12] [     9150739] 1 | True  True 00 ( 1015,  149)   4   757  1216
[ 13] [     9160740] 1 | True  True 00 ( 1033,  144)   4   781  1040
[ 14] [     9170719] 1 | True  True 00 ( 1051,  140)   4   810  1276
[ 15] [     9180732] 1 | True  True 00 ( 1067,  136)   4   781  1420
[ 16] [     9190717] 1 | True  True 00 ( 1084,  134)   3   706  1512
[ 17] [     9200730] 1 | True  True 00 ( 1101,  133)   4   731  1332
[ 18] [     9210736] 1 | True  True 00 ( 1121,  132)   4   743  1116
[ 19] [     9220733] 1 | True  True 00 ( 1140,  132)   4   765  1056
[ 20] [     9230715] 1 | True  True 00 ( 1159,  134)   4   766  1384
[ 21] [     9240715] 1 | True  True 00 ( 1176,  137)   4   802  1676
[ 22] [     9250732] 1 | True  True 00 ( 1191,  141)   5   790  1732
[ 23] [     9260718] 1 | True  True 00 ( 1207,  145)   5   797  1548
[ 24] [     9270731] 1 | True  True 00 ( 1227,  150)   4   772  1368
[ 25] [     9280737] 1 | True  True 00 ( 1246,  158)   5   798  1168
[ 26] [     9290737] 1 | True  True 00 ( 1262,  166)   4   792  1276
[ 27] [     9300737] 1 | True  True 00 ( 1278,  175)   4   774  1296
[ 28] [     9310738] 1 | True  True 00 ( 1291,  184)   4   824  1404
[ 29] [     9320737] 1 | True  True 00 ( 1304,  195)   4   783  1204
[ 30] [     9330737] 1 | True  True 00 ( 1317,  206)   5   789  1288
[ 31] [     9340718] 1 | True  True 00 ( 1331,  218)   4   725  1364
[ 32] [     9350729] 1 | True  True 00 ( 1346,  231)   4   729  1308
[ 33] [     9360715] 1 | True  True 00 ( 1361,  244)   4   727  1180
[ 34] [     9370706] 1 | True  True 00 ( 1374,  258)   4   737  1172
[ 35] [     9380711] 1 | True  True 00 ( 1383,  273)   4   769  1064
[ 36] [     9390709] 1 | True  True 00 ( 1392,  289)   6   916  1064
[ 37] [     9400706] 1 | True  True 00 ( 1401,  306)   5   842  1140
[ 38] [     9410690] 1 | True  True 00 ( 1408,  322)   5   839  1432
[ 39] [     9420689] 1 | True  True 00 ( 1414,  338)   5   814  1668
[ 40] [     9430689] 1 | True  True 00 ( 1419,  353)   4   718  1704
[ 41] [     9440689] 1 | True  True 00 ( 1422,  372)   4   851  1612
[ 42] [     9450689] 1 | True  True 00 ( 1423,  391)   5   901  1396
[ 43] [     9460688] 1 | True  True 00 ( 1427,  408)   5   842  1316
[ 44] [     9470688] 1 | True  True 00 ( 1431,  426)   5   872  1636
[ 45] [     9480689] 1 | True  True 00 ( 1432,  443)   4   744  1688
[ 46] [     9490706] 1 | True  True 00 ( 1433,  461)   4   756  1832
[ 47] [     9500710] 1 | True  True 00 ( 1433,  478)   4   819  1708
[ 48] [     9510705] 1 | True  True 00 ( 1432,  496)   4   729  1208
[ 49] [     9520706] 1 | True  True 00 ( 1431,  513)   4   832  1136
[ 50] [     9530706] 1 | True  True 00 ( 1428,  531)   4   753  1308
[ 51] [     9540705] 1 | True  True 00 ( 1426,  548)   4   766  1420
[ 52] [     9550704] 1 | True  True 00 ( 1422,  567)   6   811  1364
[ 53] [     9560709] 1 | True  True 00 ( 1417,  584)   4   722  1200
[ 54] [     9570710] 1 | True  True 00 ( 1410,  601)   4   780  1052
[ 55] [     9580704] 1 | True  True 00 ( 1402,  615)   6   868  1088
[ 56] [     9590711] 1 | True  True 00 ( 1392,  631)   4   725  1080
[ 57] [     9600725] 1 | True  True 00 ( 1379,  645)   6   876  1424
[ 58] [     9610707] 1 | True  True 00 ( 1365,  660)   3   672  1604
[ 59] [     9620706] 1 | True  True 00 ( 1352,  674)   4   713  1620
[ 60] [     9630706] 1 | True  True 00 ( 1340,  689)   5   760  1512
[ 61] [     9640705] 1 | True  True 00 ( 1328,  702)   5   802  1316
[ 62] [     9650703] 1 | True  True 00 ( 1316,  714)   4   763  1116
[ 63] [     9660681] 1 | True  True 00 ( 1301,  724)   5   828  1316
[ 64] [     9670684] 1 | True  True 00 ( 1284,  734)   4   746  1388
[ 65] [     9680686] 1 | True  True 00 ( 1265,  742)   4   776  1352
[ 66] [     9690707] 1 | True  True 00 ( 1249,  750)   4   776  1116
[ 67] [     9700708] 1 | True  True 00 ( 1232,  757)   4   791   912
[ 68] [     9710709] 1 | True  True 00 ( 1216,  763)   4   796   876
[ 69] [     9720702] 1 | True  True 00 ( 1200,  767)   4   765  1024
[ 70] [     9730702] 1 | True  True 00 ( 1182,  771)   6   891  1224
[ 71] [     9740709] 1 | True  True 00 ( 1163,  774)   4   799  1372
[ 72] [     9750702] 1 | True  True 00 ( 1145,  776)   4   780  1188
[ 73] [     9760701] 1 | True  True 00 ( 1128,  778)   4   783  1060
[ 74] [     9770723] 1 | True  True 00 ( 1112,  778)   4   786   896
[ 75] [     9780712] 1 | True  True 00 ( 1095,  778)   4   780  1024
[ 76] [     9790709] 1 | True  True 00 ( 1077,  777)   5   812  1184
[ 77] [     9800722] 1 | True  True 00 ( 1057,  775)   4   792  1304
[ 78] [     9810730] 1 | True  True 00 ( 1039,  772)   4   804  1268
[ 79] [     9820728] 1 | True  True 00 ( 1022,  768)   4   775  1144
[ 80] [     9830729] 1 | True  True 00 ( 1006,  763)   4   773  1016
[ 81] [     9840729] 1 | True  True 00 (  990,  758)   4   766  1232
[ 82] [     9850728] 1 | True  True 00 (  974,  752)   3   653  1388
[ 83] [     9860729] 1 | True  True 00 (  958,  746)   5   729  1612
[ 84] [     9870724] 1 | True  True 00 (  940,  738)   4   685  1664
[ 85] [     9880725] 1 | True  True 00 (  925,  727)   4   694  1492
[ 86] [     9890724] 1 | True  True 00 (  911,  716)   4   756  1336
[ 87] [     9900704] 1 | True  True 00 (  897,  705)   4   711   952
[ 88] [     9910702] 1 | True  True 00 (  885,  693)   4   752   808
[ 89] [     9920723] 1 | True  True 00 (  873,  679)   4   728  1020
[ 90] [     9930723] 1 | True  True 00 (  862,  665)   4   702  1248
[ 91] [     9940709] 1 | True  True 00 (  851,  652)   4   731  1492
[ 92] [     9950704] 1 | True  True 00 (  839,  639)   5   734  1616
[ 93] [     9960704] 1 | True  True 00 (  827,  624)   4   689  1548
[ 94] [     9970705] 1 | True  True 00 (  817,  606)   5   824  1352
[ 95] [     9980698] 1 | True  True 00 (  808,  589)   5   758  1076
[ 96] [     9990698] 1 | True  True 00 (  803,  572)   5   720  1328
[ 97] [    10000698] 1 | True  True 00 (  796,  554)   5   793  1528
[ 98] [    10010704] 1 | True  True 00 (  792,  536)   4   753  1888
[ 99] [    10020683] 1 | True  True 00 (  788,  518)   5   759  1384
[100] [    10030697] 1 | True  True 00 (  787,  498)   4   664  1096
[101] [    10040680] 1 | True  True 00 (  784,  479)   4   800  1172
[102] [    10050680] 1 | True  True 00 (  783,  460)   4   768  1468
[103] [    10060680] 1 | True  True 00 (  784,  443)   4   787  1688
[104] [    10070680] 1 | True  True 00 (  785,  428)   4   771  1744
[105] [    10080681] 1 | True  True 00 (  786,  411)   4   772  1724
[106] [    10090681] 1 | True  True 00 (  787,  393)   4   780  1484
[107] [    10100677] 1 | True  True 00 (  789,  375)   4   776  1248
[108] [    10110675] 1 | True  True 00 (  793,  357)   5   800  1368
[109] [    10120705] 1 | True  True 00 (  798,  341)   4   730  1460
[110] [    10130696] 1 | True  True 00 (  806,  326)   4   748  1476
[111] [    10140697] 1 | True  True 00 (  817,  310)   5   769  1296
[112] [    10150703] 1 | True  True 00 (  828,  294)   4   739  1220
[113] [    10160696] 1 | True  True 00 (  839,  278)   4   722   992
[114] [    10170702] 1 | True  True 00 (  850,  264)   4   747  1044
[115] [    10180702] 1 | True  True 00 (  861,  250)   4   760  1100
[116] [    10190717] 1 | True  True 00 (  872,  236)   4   777  1400
[117] [    10200703] 1 | True  True 00 (  884,  223)   4   735  1508
[118] [    10210717] 1 | True  True 00 (  898,  210)   4   735  1452
[119] [    10220722] 1 | True  True 00 (  915,  199)   4   713  1224
[120] [    10230724] 1 | True  True 00 (  932,  188)   4   722  1252
[121] [    10240725] 1 | True  True 00 (  948,  178)   4   729  1464
[122] [    10250724] 1 | True  True 00 (  963,  170)   4   716  1568
[123] [    10260724] 1 | True  True 00 (  978,  162)   3   657  1640
[124] [    10270724] 1 | True  True 00 (  993,  154)   4   771  1588
[125] [    10280723] 1 | True  True 00 ( 1011,  148)   4   739  1252
[126] [    10290724] 1 | True  True 00 ( 1030,  143)   4   754  1008
[127] [    10300723] 1 | True  True 00 ( 1048,  140)   4   775  1260
[128] [    10310744] 1 | True  True 00 ( 1066,  137)   4   744  1348
[129] [    10320740] 1 | True  True 00 ( 1080,  135)   4   777  1456
[130] [    10330744] 1 | True  True 00 ( 1091,  133)   4   777  1492
[131] [    10340760] 1 | True  True 00 ( 1097,  133)   4   767  1456
[132] [    10350758] 1 | True  True 00 ( 1102,  133)   4   771  1492
[133] [    10360776] 1 | True  True 00 ( 1104,  132)   4   777  1476
[134] [    10370780] 1 | True  True 00 ( 1106,  132)   3   303   504
[135] [    10380781] 1 |False  True 00 ( 1106,  132)   3   303   504
[136] [    10390805] 0 
