scan_time分析报告 - baseus-主板固定60Hz发送4.txt
==================================================

基本统计信息:
  总数据包数: 1475
  有效scan_time数: 1475
  最大scan_time值: 19950
  最小scan_time值: 0
  scan_time范围: 19950

递增规律分析:
  理论递增值: 150
  实际平均递增值: 149.25
  递增值标准差: 8.61
  最小递增值: 50
  最大递增值: 150

重置分析:
  检测到重置次数: 11
  重置点位置: [134, 268, 402, 536, 670, 804, 938, 1072, 1206, 1340]...
  平均重置间隔: 122.9 包/次

一致性评估:
  一致性评分: 0.104 (1.0为完美一致)
  评估结果: 较差 - scan_time递增不稳定

详细数据:
序号	时间戳		scan_time	递增值
--------------------------------------------------
1	20:15:52.901	0		N/A
2	20:15:52.918	150		150.0
3	20:15:52.933	300		150.0
4	20:15:52.948	450		150.0
5	20:15:52.978	600		150.0
6	20:15:52.993	750		150.0
7	20:15:53.008	900		150.0
8	20:15:53.023	1050		150.0
9	20:15:53.038	1200		150.0
10	20:15:53.053	1350		150.0
11	20:15:53.067	1500		150.0
12	20:15:53.082	1650		150.0
13	20:15:53.096	1800		150.0
14	20:15:53.111	1950		150.0
15	20:15:53.126	2100		150.0
16	20:15:53.141	2250		150.0
17	20:15:53.156	2400		150.0
18	20:15:53.185	2550		150.0
19	20:15:53.201	2700		150.0
20	20:15:53.216	2850		150.0
21	20:15:53.231	3000		150.0
22	20:15:53.246	3150		150.0
23	20:15:53.261	3300		150.0
24	20:15:53.291	3450		150.0
25	20:15:53.308	3600		150.0
26	20:15:53.323	3750		150.0
27	20:15:53.338	3900		150.0
28	20:15:53.353	4050		150.0
29	20:15:53.367	4200		150.0
30	20:15:53.384	4350		150.0
31	20:15:53.398	4500		150.0
32	20:15:53.413	4650		150.0
33	20:15:53.441	4800		150.0
34	20:15:53.458	4950		150.0
35	20:15:53.471	5100		150.0
36	20:15:53.488	5250		150.0
37	20:15:53.503	5400		150.0
38	20:15:53.518	5550		150.0
39	20:15:53.533	5700		150.0
40	20:15:53.548	5850		150.0
41	20:15:53.563	6000		150.0
42	20:15:53.578	6150		150.0
43	20:15:53.608	6300		150.0
44	20:15:53.623	6450		150.0
45	20:15:53.638	6600		150.0
46	20:15:53.653	6750		150.0
47	20:15:53.668	6900		150.0
48	20:15:53.684	7050		150.0
49	20:15:53.698	7200		150.0
50	20:15:53.713	7350		150.0
51	20:15:53.728	7500		150.0
52	20:15:53.758	7650		150.0
53	20:15:53.773	7800		150.0
54	20:15:53.788	7950		150.0
55	20:15:53.803	8100		150.0
56	20:15:53.818	8250		150.0
57	20:15:53.833	8400		150.0
58	20:15:53.848	8550		150.0
59	20:15:53.863	8700		150.0
60	20:15:53.877	8850		150.0
61	20:15:53.893	9000		150.0
62	20:15:53.923	9150		150.0
63	20:15:53.937	9300		150.0
64	20:15:53.953	9450		150.0
65	20:15:53.968	9600		150.0
66	20:15:53.982	9750		150.0
67	20:15:53.998	9900		150.0
68	20:15:54.013	10050		150.0
69	20:15:54.028	10200		150.0
70	20:15:54.043	10350		150.0
71	20:15:54.085	10500		150.0
72	20:15:54.103	10650		150.0
73	20:15:54.118	10800		150.0
74	20:15:54.133	10950		150.0
75	20:15:54.148	11100		150.0
76	20:15:54.163	11250		150.0
77	20:15:54.178	11400		150.0
78	20:15:54.191	11550		150.0
79	20:15:54.208	11700		150.0
80	20:15:54.223	11850		150.0
81	20:15:54.238	12000		150.0
82	20:15:54.253	12150		150.0
83	20:15:54.268	12300		150.0
84	20:15:54.282	12450		150.0
85	20:15:54.298	12600		150.0
86	20:15:54.312	12750		150.0
87	20:15:54.328	12900		150.0
88	20:15:54.343	13050		150.0
89	20:15:54.358	13200		150.0
90	20:15:54.388	13350		150.0
91	20:15:54.416	13500		150.0
92	20:15:54.433	13650		150.0
93	20:15:54.448	13800		150.0
94	20:15:54.463	13950		150.0
95	20:15:54.478	14100		150.0
96	20:15:54.492	14250		150.0
97	20:15:54.508	14400		150.0
98	20:15:54.523	14550		150.0
99	20:15:54.538	14700		150.0
100	20:15:54.553	14850		150.0
101	20:15:54.568	15000		150.0
102	20:15:54.583	15150		150.0
103	20:15:54.596	15300		150.0
104	20:15:54.613	15450		150.0
105	20:15:54.628	15600		150.0
106	20:15:54.643	15750		150.0
107	20:15:54.658	15900		150.0
108	20:15:54.673	16050		150.0
109	20:15:54.700	16200		150.0
110	20:15:54.718	16350		150.0
111	20:15:54.733	16500		150.0
112	20:15:54.748	16650		150.0
113	20:15:54.763	16800		150.0
114	20:15:54.778	16950		150.0
115	20:15:54.793	17100		150.0
116	20:15:54.808	17250		150.0
117	20:15:54.823	17400		150.0
118	20:15:54.853	17550		150.0
119	20:15:54.868	17700		150.0
120	20:15:54.883	17850		150.0
121	20:15:54.898	18000		150.0
122	20:15:54.911	18150		150.0
123	20:15:54.928	18300		150.0
124	20:15:54.943	18450		150.0
125	20:15:54.958	18600		150.0
126	20:15:54.973	18750		150.0
127	20:15:55.002	18900		150.0
128	20:15:55.018	19050		150.0
129	20:15:55.033	19200		150.0
130	20:15:55.048	19350		150.0
131	20:15:55.063	19500		150.0
132	20:15:55.078	19650		150.0
133	20:15:55.093	19800		150.0
134	20:15:55.107	19950		150.0
135	20:15:55.123	0		50.0
136	20:15:55.138	150		150.0
137	20:15:55.168	300		150.0
138	20:15:55.183	450		150.0
139	20:15:55.198	600		150.0
140	20:15:55.211	750		150.0
141	20:15:55.228	900		150.0
142	20:15:55.243	1050		150.0
143	20:15:55.258	1200		150.0
144	20:15:55.273	1350		150.0
145	20:15:55.288	1500		150.0
146	20:15:55.318	1650		150.0
147	20:15:55.333	1800		150.0
148	20:15:55.348	1950		150.0
149	20:15:55.363	2100		150.0
150	20:15:55.378	2250		150.0
151	20:15:55.393	2400		150.0
152	20:15:55.408	2550		150.0
153	20:15:55.423	2700		150.0
154	20:15:55.438	2850		150.0
155	20:15:55.453	3000		150.0
156	20:15:55.483	3150		150.0
157	20:15:55.498	3300		150.0
158	20:15:55.513	3450		150.0
159	20:15:55.528	3600		150.0
160	20:15:55.543	3750		150.0
161	20:15:55.558	3900		150.0
162	20:15:55.573	4050		150.0
163	20:15:55.588	4200		150.0
164	20:15:55.603	4350		150.0
165	20:15:55.633	4500		150.0
166	20:15:55.648	4650		150.0
167	20:15:55.663	4800		150.0
168	20:15:55.678	4950		150.0
169	20:15:55.693	5100		150.0
170	20:15:55.708	5250		150.0
171	20:15:55.721	5400		150.0
172	20:15:55.736	5550		150.0
173	20:15:55.751	5700		150.0
174	20:15:55.767	5850		150.0
175	20:15:55.795	6000		150.0
176	20:15:55.811	6150		150.0
177	20:15:55.826	6300		150.0
178	20:15:55.841	6450		150.0
179	20:15:55.856	6600		150.0
180	20:15:55.871	6750		150.0
181	20:15:55.886	6900		150.0
182	20:15:55.901	7050		150.0
183	20:15:55.916	7200		150.0
184	20:15:55.945	7350		150.0
185	20:15:55.961	7500		150.0
186	20:15:55.976	7650		150.0
187	20:15:55.991	7800		150.0
188	20:15:56.006	7950		150.0
189	20:15:56.023	8100		150.0
190	20:15:56.038	8250		150.0
191	20:15:56.053	8400		150.0
192	20:15:56.068	8550		150.0
193	20:15:56.098	8700		150.0
194	20:15:56.113	8850		150.0
195	20:15:56.128	9000		150.0
196	20:15:56.143	9150		150.0
197	20:15:56.158	9300		150.0
198	20:15:56.173	9450		150.0
199	20:15:56.188	9600		150.0
200	20:15:56.203	9750		150.0
201	20:15:56.218	9900		150.0
202	20:15:56.232	10050		150.0
203	20:15:56.260	10200		150.0
204	20:15:56.278	10350		150.0
205	20:15:56.293	10500		150.0
206	20:15:56.308	10650		150.0
207	20:15:56.323	10800		150.0
208	20:15:56.336	10950		150.0
209	20:15:56.353	11100		150.0
210	20:15:56.369	11250		150.0
211	20:15:56.384	11400		150.0
212	20:15:56.413	11550		150.0
213	20:15:56.428	11700		150.0
214	20:15:56.442	11850		150.0
215	20:15:56.458	12000		150.0
216	20:15:56.473	12150		150.0
217	20:15:56.488	12300		150.0
218	20:15:56.503	12450		150.0
219	20:15:56.518	12600		150.0
220	20:15:56.533	12750		150.0
221	20:15:56.548	12900		150.0
222	20:15:56.578	13050		150.0
223	20:15:56.593	13200		150.0
224	20:15:56.608	13350		150.0
225	20:15:56.623	13500		150.0
226	20:15:56.638	13650		150.0
227	20:15:56.653	13800		150.0
228	20:15:56.668	13950		150.0
229	20:15:56.683	14100		150.0
230	20:15:56.698	14250		150.0
231	20:15:56.728	14400		150.0
232	20:15:56.743	14550		150.0
233	20:15:56.758	14700		150.0
234	20:15:56.773	14850		150.0
235	20:15:56.788	15000		150.0
236	20:15:56.803	15150		150.0
237	20:15:56.818	15300		150.0
238	20:15:56.833	15450		150.0
239	20:15:56.847	15600		150.0
240	20:15:56.875	15750		150.0
241	20:15:56.891	15900		150.0
242	20:15:56.906	16050		150.0
243	20:15:56.921	16200		150.0
244	20:15:56.936	16350		150.0
245	20:15:56.951	16500		150.0
246	20:15:56.967	16650		150.0
247	20:15:56.981	16800		150.0
248	20:15:56.996	16950		150.0
249	20:15:57.011	17100		150.0
250	20:15:57.040	17250		150.0
251	20:15:57.056	17400		150.0
252	20:15:57.071	17550		150.0
253	20:15:57.088	17700		150.0
254	20:15:57.103	17850		150.0
255	20:15:57.118	18000		150.0
256	20:15:57.133	18150		150.0
257	20:15:57.148	18300		150.0
258	20:15:57.161	18450		150.0
259	20:15:57.190	18600		150.0
260	20:15:57.206	18750		150.0
261	20:15:57.221	18900		150.0
262	20:15:57.236	19050		150.0
263	20:15:57.251	19200		150.0
264	20:15:57.267	19350		150.0
265	20:15:57.282	19500		150.0
266	20:15:57.296	19650		150.0
267	20:15:57.311	19800		150.0
268	20:15:57.326	19950		150.0
269	20:15:57.355	0		50.0
270	20:15:57.371	150		150.0
271	20:15:57.386	300		150.0
272	20:15:57.401	450		150.0
273	20:15:57.416	600		150.0
274	20:15:57.433	750		150.0
275	20:15:57.448	900		150.0
276	20:15:57.462	1050		150.0
277	20:15:57.478	1200		150.0
278	20:15:57.506	1350		150.0
279	20:15:57.523	1500		150.0
280	20:15:57.538	1650		150.0
281	20:15:57.553	1800		150.0
282	20:15:57.567	1950		150.0
283	20:15:57.583	2100		150.0
284	20:15:57.598	2250		150.0
285	20:15:57.613	2400		150.0
286	20:15:57.628	2550		150.0
287	20:15:57.643	2700		150.0
288	20:15:57.673	2850		150.0
289	20:15:57.688	3000		150.0
290	20:15:57.703	3150		150.0
291	20:15:57.718	3300		150.0
292	20:15:57.733	3450		150.0
293	20:15:57.748	3600		150.0
294	20:15:57.763	3750		150.0
295	20:15:57.778	3900		150.0
296	20:15:57.793	4050		150.0
297	20:15:57.821	4200		150.0
298	20:15:57.838	4350		150.0
299	20:15:57.851	4500		150.0
300	20:15:57.867	4650		150.0
301	20:15:57.882	4800		150.0
302	20:15:57.896	4950		150.0
303	20:15:57.911	5100		150.0
304	20:15:57.926	5250		150.0
305	20:15:57.941	5400		150.0
306	20:15:57.970	5550		150.0
307	20:15:57.986	5700		150.0
308	20:15:58.001	5850		150.0
309	20:15:58.016	6000		150.0
310	20:15:58.031	6150		150.0
311	20:15:58.046	6300		150.0
312	20:15:58.061	6450		150.0
313	20:15:58.076	6600		150.0
314	20:15:58.091	6750		150.0
315	20:15:58.106	6900		150.0
316	20:15:58.135	7050		150.0
317	20:15:58.151	7200		150.0
318	20:15:58.167	7350		150.0
319	20:15:58.182	7500		150.0
320	20:15:58.210	7650		150.0
321	20:15:58.228	7800		150.0
322	20:15:58.243	7950		150.0
323	20:15:58.258	8100		150.0
324	20:15:58.273	8250		150.0
325	20:15:58.286	8400		150.0
326	20:15:58.301	8550		150.0
327	20:15:58.316	8700		150.0
328	20:15:58.331	8850		150.0
329	20:15:58.360	9000		150.0
330	20:15:58.376	9150		150.0
331	20:15:58.391	9300		150.0
332	20:15:58.406	9450		150.0
333	20:15:58.421	9600		150.0
334	20:15:58.436	9750		150.0
335	20:15:58.451	9900		150.0
336	20:15:58.467	10050		150.0
337	20:15:58.482	10200		150.0
338	20:15:58.496	10350		150.0
339	20:15:58.526	10500		150.0
340	20:15:58.543	10650		150.0
341	20:15:58.558	10800		150.0
342	20:15:58.573	10950		150.0
343	20:15:58.587	11100		150.0
344	20:15:58.603	11250		150.0
345	20:15:58.618	11400		150.0
346	20:15:58.633	11550		150.0
347	20:15:58.648	11700		150.0
348	20:15:58.678	11850		150.0
349	20:15:58.691	12000		150.0
350	20:15:58.708	12150		150.0
351	20:15:58.723	12300		150.0
352	20:15:58.738	12450		150.0
353	20:15:58.753	12600		150.0
354	20:15:58.769	12750		150.0
355	20:15:58.784	12900		150.0
356	20:15:58.796	13050		150.0
357	20:15:58.813	13200		150.0
358	20:15:58.841	13350		150.0
359	20:15:58.858	13500		150.0
360	20:15:58.873	13650		150.0
361	20:15:58.888	13800		150.0
362	20:15:58.903	13950		150.0
363	20:15:58.933	14100		150.0
364	20:15:58.948	14250		150.0
365	20:15:58.963	14400		150.0
366	20:15:58.978	14550		150.0
367	20:15:58.993	14700		150.0
368	20:15:59.008	14850		150.0
369	20:15:59.023	15000		150.0
370	20:15:59.038	15150		150.0
371	20:15:59.066	15300		150.0
372	20:15:59.083	15450		150.0
373	20:15:59.098	15600		150.0
374	20:15:59.113	15750		150.0
375	20:15:59.128	15900		150.0
376	20:15:59.143	16050		150.0
377	20:15:59.158	16200		150.0
378	20:15:59.173	16350		150.0
379	20:15:59.188	16500		150.0
380	20:15:59.202	16650		150.0
381	20:15:59.230	16800		150.0
382	20:15:59.248	16950		150.0
383	20:15:59.263	17100		150.0
384	20:15:59.278	17250		150.0
385	20:15:59.292	17400		150.0
386	20:15:59.306	17550		150.0
387	20:15:59.322	17700		150.0
388	20:15:59.338	17850		150.0
389	20:15:59.353	18000		150.0
390	20:15:59.383	18150		150.0
391	20:15:59.398	18300		150.0
392	20:15:59.412	18450		150.0
393	20:15:59.428	18600		150.0
394	20:15:59.443	18750		150.0
395	20:15:59.458	18900		150.0
396	20:15:59.473	19050		150.0
397	20:15:59.488	19200		150.0
398	20:15:59.503	19350		150.0
399	20:15:59.518	19500		150.0
400	20:15:59.548	19650		150.0
401	20:15:59.563	19800		150.0
402	20:15:59.578	19950		150.0
403	20:15:59.593	0		50.0
404	20:15:59.608	150		150.0
405	20:15:59.623	300		150.0
406	20:15:59.638	450		150.0
407	20:15:59.653	600		150.0
408	20:15:59.668	750		150.0
409	20:15:59.696	900		150.0
410	20:15:59.712	1050		150.0
411	20:15:59.728	1200		150.0
412	20:15:59.743	1350		150.0
413	20:15:59.758	1500		150.0
414	20:15:59.773	1650		150.0
415	20:15:59.788	1800		150.0
416	20:15:59.803	1950		150.0
417	20:15:59.817	2100		150.0
418	20:15:59.845	2250		150.0
419	20:15:59.863	2400		150.0
420	20:15:59.878	2550		150.0
421	20:15:59.893	2700		150.0
422	20:15:59.908	2850		150.0
423	20:15:59.921	3000		150.0
424	20:15:59.938	3150		150.0
425	20:15:59.953	3300		150.0
426	20:15:59.968	3450		150.0
427	20:15:59.983	3600		150.0
428	20:16:00.013	3750		150.0
429	20:16:00.028	3900		150.0
430	20:16:00.058	4050		150.0
431	20:16:00.073	4200		150.0
432	20:16:00.088	4350		150.0
433	20:16:00.103	4500		150.0
434	20:16:00.118	4650		150.0
435	20:16:00.133	4800		150.0
436	20:16:00.148	4950		150.0
437	20:16:00.163	5100		150.0
438	20:16:00.178	5250		150.0
439	20:16:00.193	5400		150.0
440	20:16:00.208	5550		150.0
441	20:16:00.223	5700		150.0
442	20:16:00.238	5850		150.0
443	20:16:00.253	6000		150.0
444	20:16:00.268	6150		150.0
445	20:16:00.283	6300		150.0
446	20:16:00.298	6450		150.0
447	20:16:00.328	6600		150.0
448	20:16:00.343	6750		150.0
449	20:16:00.358	6900		150.0
450	20:16:00.373	7050		150.0
451	20:16:00.388	7200		150.0
452	20:16:00.403	7350		150.0
453	20:16:00.418	7500		150.0
454	20:16:00.432	7650		150.0
455	20:16:00.448	7800		150.0
456	20:16:00.478	7950		150.0
457	20:16:00.493	8100		150.0
458	20:16:00.508	8250		150.0
459	20:16:00.523	8400		150.0
460	20:16:00.536	8550		150.0
461	20:16:00.553	8700		150.0
462	20:16:00.568	8850		150.0
463	20:16:00.584	9000		150.0
464	20:16:00.598	9150		150.0
465	20:16:00.628	9300		150.0
466	20:16:00.643	9450		150.0
467	20:16:00.658	9600		150.0
468	20:16:00.673	9750		150.0
469	20:16:00.688	9900		150.0
470	20:16:00.703	10050		150.0
471	20:16:00.718	10200		150.0
472	20:16:00.733	10350		150.0
473	20:16:00.748	10500		150.0
474	20:16:00.763	10650		150.0
475	20:16:00.793	10800		150.0
476	20:16:00.808	10950		150.0
477	20:16:00.823	11100		150.0
478	20:16:00.838	11250		150.0
479	20:16:00.868	11400		150.0
480	20:16:00.883	11550		150.0
481	20:16:00.898	11700		150.0
482	20:16:00.913	11850		150.0
483	20:16:00.928	12000		150.0
484	20:16:00.956	12150		150.0
485	20:16:00.973	12300		150.0
486	20:16:00.988	12450		150.0
487	20:16:01.003	12600		150.0
488	20:16:01.018	12750		150.0
489	20:16:01.033	12900		150.0
490	20:16:01.046	13050		150.0
491	20:16:01.075	13200		150.0
492	20:16:01.093	13350		150.0
493	20:16:01.108	13500		150.0
494	20:16:01.123	13650		150.0
495	20:16:01.138	13800		150.0
496	20:16:01.168	13950		150.0
497	20:16:01.183	14100		150.0
498	20:16:01.198	14250		150.0
499	20:16:01.213	14400		150.0
500	20:16:01.228	14550		150.0
501	20:16:01.243	14700		150.0
502	20:16:01.258	14850		150.0
503	20:16:01.273	15000		150.0
504	20:16:01.288	15150		150.0
505	20:16:01.303	15300		150.0
506	20:16:01.318	15450		150.0
507	20:16:01.333	15600		150.0
508	20:16:01.348	15750		150.0
509	20:16:01.363	15900		150.0
510	20:16:01.378	16050		150.0
511	20:16:01.393	16200		150.0
512	20:16:01.408	16350		150.0
513	20:16:01.423	16500		150.0
514	20:16:01.438	16650		150.0
515	20:16:01.453	16800		150.0
516	20:16:01.468	16950		150.0
517	20:16:01.498	17100		150.0
518	20:16:01.513	17250		150.0
519	20:16:01.528	17400		150.0
520	20:16:01.543	17550		150.0
521	20:16:01.557	17700		150.0
522	20:16:01.573	17850		150.0
523	20:16:01.588	18000		150.0
524	20:16:01.603	18150		150.0
525	20:16:01.618	18300		150.0
526	20:16:01.648	18450		150.0
527	20:16:01.661	18600		150.0
528	20:16:01.678	18750		150.0
529	20:16:01.693	18900		150.0
530	20:16:01.708	19050		150.0
531	20:16:01.723	19200		150.0
532	20:16:01.738	19350		150.0
533	20:16:01.753	19500		150.0
534	20:16:01.767	19650		150.0
535	20:16:01.784	19800		150.0
536	20:16:01.813	19950		150.0
537	20:16:01.828	0		50.0
538	20:16:01.843	150		150.0
539	20:16:01.858	300		150.0
540	20:16:01.871	450		150.0
541	20:16:01.900	600		150.0
542	20:16:01.916	750		150.0
543	20:16:01.931	900		150.0
544	20:16:01.946	1050		150.0
545	20:16:01.961	1200		150.0
546	20:16:01.976	1350		150.0
547	20:16:01.991	1500		150.0
548	20:16:02.006	1650		150.0
549	20:16:02.035	1800		150.0
550	20:16:02.051	1950		150.0
551	20:16:02.067	2100		150.0
552	20:16:02.082	2250		150.0
553	20:16:02.098	2400		150.0
554	20:16:02.113	2550		150.0
555	20:16:02.127	2700		150.0
556	20:16:02.143	2850		150.0
557	20:16:02.158	3000		150.0
558	20:16:02.172	3150		150.0
559	20:16:02.200	3300		150.0
560	20:16:02.216	3450		150.0
561	20:16:02.231	3600		150.0
562	20:16:02.246	3750		150.0
563	20:16:02.261	3900		150.0
564	20:16:02.276	4050		150.0
565	20:16:02.291	4200		150.0
566	20:16:02.306	4350		150.0
567	20:16:02.321	4500		150.0
568	20:16:02.350	4650		150.0
569	20:16:02.366	4800		150.0
570	20:16:02.382	4950		150.0
571	20:16:02.398	5100		150.0
572	20:16:02.413	5250		150.0
573	20:16:02.428	5400		150.0
574	20:16:02.443	5550		150.0
575	20:16:02.458	5700		150.0
576	20:16:02.473	5850		150.0
577	20:16:02.486	6000		150.0
578	20:16:02.515	6150		150.0
579	20:16:02.531	6300		150.0
580	20:16:02.546	6450		150.0
581	20:16:02.561	6600		150.0
582	20:16:02.576	6750		150.0
583	20:16:02.605	6900		150.0
584	20:16:02.621	7050		150.0
585	20:16:02.636	7200		150.0
586	20:16:02.651	7350		150.0
587	20:16:02.667	7500		150.0
588	20:16:02.682	7650		150.0
589	20:16:02.696	7800		150.0
590	20:16:02.713	7950		150.0
591	20:16:02.741	8100		150.0
592	20:16:02.758	8250		150.0
593	20:16:02.773	8400		150.0
594	20:16:02.787	8550		150.0
595	20:16:02.803	8700		150.0
596	20:16:02.818	8850		150.0
597	20:16:02.833	9000		150.0
598	20:16:02.848	9150		150.0
599	20:16:02.863	9300		150.0
600	20:16:02.878	9450		150.0
601	20:16:02.905	9600		150.0
602	20:16:02.921	9750		150.0
603	20:16:02.936	9900		150.0
604	20:16:02.951	10050		150.0
605	20:16:02.967	10200		150.0
606	20:16:02.996	10350		150.0
607	20:16:03.011	10500		150.0
608	20:16:03.026	10650		150.0
609	20:16:03.041	10800		150.0
610	20:16:03.056	10950		150.0
611	20:16:03.071	11100		150.0
612	20:16:03.086	11250		150.0
613	20:16:03.101	11400		150.0
614	20:16:03.131	11550		150.0
615	20:16:03.148	11700		150.0
616	20:16:03.163	11850		150.0
617	20:16:03.178	12000		150.0
618	20:16:03.193	12150		150.0
619	20:16:03.208	12300		150.0
620	20:16:03.223	12450		150.0
621	20:16:03.238	12600		150.0
622	20:16:03.253	12750		150.0
623	20:16:03.268	12900		150.0
624	20:16:03.298	13050		150.0
625	20:16:03.313	13200		150.0
626	20:16:03.328	13350		150.0
627	20:16:03.343	13500		150.0
628	20:16:03.358	13650		150.0
629	20:16:03.373	13800		150.0
630	20:16:03.388	13950		150.0
631	20:16:03.401	14100		150.0
632	20:16:03.418	14250		150.0
633	20:16:03.446	14400		150.0
634	20:16:03.463	14550		150.0
635	20:16:03.478	14700		150.0
636	20:16:03.493	14850		150.0
637	20:16:03.506	15000		150.0
638	20:16:03.523	15150		150.0
639	20:16:03.538	15300		150.0
640	20:16:03.553	15450		150.0
641	20:16:03.569	15600		150.0
642	20:16:03.598	15750		150.0
643	20:16:03.611	15900		150.0
644	20:16:03.628	16050		150.0
645	20:16:03.643	16200		150.0
646	20:16:03.658	16350		150.0
647	20:16:03.673	16500		150.0
648	20:16:03.688	16650		150.0
649	20:16:03.703	16800		150.0
650	20:16:03.718	16950		150.0
651	20:16:03.733	17100		150.0
652	20:16:03.763	17250		150.0
653	20:16:03.778	17400		150.0
654	20:16:03.793	17550		150.0
655	20:16:03.808	17700		150.0
656	20:16:03.823	17850		150.0
657	20:16:03.853	18000		150.0
658	20:16:03.868	18150		150.0
659	20:16:03.883	18300		150.0
660	20:16:03.898	18450		150.0
661	20:16:03.912	18600		150.0
662	20:16:03.928	18750		150.0
663	20:16:03.943	18900		150.0
664	20:16:03.958	19050		150.0
665	20:16:03.973	19200		150.0
666	20:16:03.988	19350		150.0
667	20:16:04.003	19500		150.0
668	20:16:04.016	19650		150.0
669	20:16:04.033	19800		150.0
670	20:16:04.048	19950		150.0
671	20:16:04.078	0		50.0
672	20:16:04.093	150		150.0
673	20:16:04.108	300		150.0
674	20:16:04.122	450		150.0
675	20:16:04.138	600		150.0
676	20:16:04.153	750		150.0
677	20:16:04.168	900		150.0
678	20:16:04.184	1050		150.0
679	20:16:04.198	1200		150.0
680	20:16:04.228	1350		150.0
681	20:16:04.243	1500		150.0
682	20:16:04.258	1650		150.0
683	20:16:04.273	1800		150.0
684	20:16:04.286	1950		150.0
685	20:16:04.302	2100		150.0
686	20:16:04.316	2250		150.0
687	20:16:04.333	2400		150.0
688	20:16:04.348	2550		150.0
689	20:16:04.363	2700		150.0
690	20:16:04.393	2850		150.0
691	20:16:04.408	3000		150.0
692	20:16:04.423	3150		150.0
693	20:16:04.438	3300		150.0
694	20:16:04.453	3450		150.0
695	20:16:04.482	3600		150.0
696	20:16:04.498	3750		150.0
697	20:16:04.513	3900		150.0
698	20:16:04.527	4050		150.0
699	20:16:04.543	4200		150.0
700	20:16:04.558	4350		150.0
701	20:16:04.573	4500		150.0
702	20:16:04.588	4650		150.0
703	20:16:04.618	4800		150.0
704	20:16:04.631	4950		150.0
705	20:16:04.648	5100		150.0
706	20:16:04.663	5250		150.0
707	20:16:04.678	5400		150.0
708	20:16:04.693	5550		150.0
709	20:16:04.708	5700		150.0
710	20:16:04.721	5850		150.0
711	20:16:04.737	6000		150.0
712	20:16:04.753	6150		150.0
713	20:16:04.783	6300		150.0
714	20:16:04.798	6450		150.0
715	20:16:04.813	6600		150.0
716	20:16:04.843	6750		150.0
717	20:16:04.858	6900		150.0
718	20:16:04.873	7050		150.0
719	20:16:04.888	7200		150.0
720	20:16:04.903	7350		150.0
721	20:16:04.918	7500		150.0
722	20:16:04.933	7650		150.0
723	20:16:04.948	7800		150.0
724	20:16:04.963	7950		150.0
725	20:16:04.978	8100		150.0
726	20:16:04.993	8250		150.0
727	20:16:05.008	8400		150.0
728	20:16:05.023	8550		150.0
729	20:16:05.038	8700		150.0
730	20:16:05.053	8850		150.0
731	20:16:05.068	9000		150.0
732	20:16:05.098	9150		150.0
733	20:16:05.113	9300		150.0
734	20:16:05.127	9450		150.0
735	20:16:05.142	9600		150.0
736	20:16:05.158	9750		150.0
737	20:16:05.173	9900		150.0
738	20:16:05.188	10050		150.0
739	20:16:05.203	10200		150.0
740	20:16:05.218	10350		150.0
741	20:16:05.246	10500		150.0
742	20:16:05.263	10650		150.0
743	20:16:05.278	10800		150.0
744	20:16:05.293	10950		150.0
745	20:16:05.308	11100		150.0
746	20:16:05.323	11250		150.0
747	20:16:05.338	11400		150.0
748	20:16:05.353	11550		150.0
749	20:16:05.369	11700		150.0
750	20:16:05.398	11850		150.0
751	20:16:05.413	12000		150.0
752	20:16:05.428	12150		150.0
753	20:16:05.443	12300		150.0
754	20:16:05.458	12450		150.0
755	20:16:05.473	12600		150.0
756	20:16:05.488	12750		150.0
757	20:16:05.503	12900		150.0
758	20:16:05.518	13050		150.0
759	20:16:05.533	13200		150.0
760	20:16:05.561	13350		150.0
761	20:16:05.578	13500		150.0
762	20:16:05.593	13650		150.0
763	20:16:05.608	13800		150.0
764	20:16:05.638	13950		150.0
765	20:16:05.653	14100		150.0
766	20:16:05.668	14250		150.0
767	20:16:05.684	14400		150.0
768	20:16:05.698	14550		150.0
769	20:16:05.713	14700		150.0
770	20:16:05.728	14850		150.0
771	20:16:05.743	15000		150.0
772	20:16:05.756	15150		150.0
773	20:16:05.785	15300		150.0
774	20:16:05.803	15450		150.0
775	20:16:05.818	15600		150.0
776	20:16:05.833	15750		150.0
777	20:16:05.848	15900		150.0
778	20:16:05.861	16050		150.0
779	20:16:05.878	16200		150.0
780	20:16:05.893	16350		150.0
781	20:16:05.908	16500		150.0
782	20:16:05.923	16650		150.0
783	20:16:05.953	16800		150.0
784	20:16:05.968	16950		150.0
785	20:16:05.984	17100		150.0
786	20:16:05.998	17250		150.0
787	20:16:06.013	17400		150.0
788	20:16:06.028	17550		150.0
789	20:16:06.043	17700		150.0
790	20:16:06.073	17850		150.0
791	20:16:06.088	18000		150.0
792	20:16:06.103	18150		150.0
793	20:16:06.118	18300		150.0
794	20:16:06.133	18450		150.0
795	20:16:06.148	18600		150.0
796	20:16:06.163	18750		150.0
797	20:16:06.178	18900		150.0
798	20:16:06.193	19050		150.0
799	20:16:06.208	19200		150.0
800	20:16:06.223	19350		150.0
801	20:16:06.238	19500		150.0
802	20:16:06.266	19650		150.0
803	20:16:06.283	19800		150.0
804	20:16:06.298	19950		150.0
805	20:16:06.313	0		50.0
806	20:16:06.343	150		150.0
807	20:16:06.358	300		150.0
808	20:16:06.371	450		150.0
809	20:16:06.388	600		150.0
810	20:16:06.403	750		150.0
811	20:16:06.418	900		150.0
812	20:16:06.433	1050		150.0
813	20:16:06.448	1200		150.0
814	20:16:06.463	1350		150.0
815	20:16:06.493	1500		150.0
816	20:16:06.508	1650		150.0
817	20:16:06.523	1800		150.0
818	20:16:06.538	1950		150.0
819	20:16:06.553	2100		150.0
820	20:16:06.568	2250		150.0
821	20:16:06.583	2400		150.0
822	20:16:06.598	2550		150.0
823	20:16:06.613	2700		150.0
824	20:16:06.628	2850		150.0
825	20:16:06.656	3000		150.0
826	20:16:06.673	3150		150.0
827	20:16:06.688	3300		150.0
828	20:16:06.703	3450		150.0
829	20:16:06.718	3600		150.0
830	20:16:06.733	3750		150.0
831	20:16:06.748	3900		150.0
832	20:16:06.763	4050		150.0
833	20:16:06.778	4200		150.0
834	20:16:06.806	4350		150.0
835	20:16:06.823	4500		150.0
836	20:16:06.838	4650		150.0
837	20:16:06.853	4800		150.0
838	20:16:06.867	4950		150.0
839	20:16:06.882	5100		150.0
840	20:16:06.911	5250		150.0
841	20:16:06.926	5400		150.0
842	20:16:06.941	5550		150.0
843	20:16:06.956	5700		150.0
844	20:16:06.971	5850		150.0
845	20:16:06.986	6000		150.0
846	20:16:07.001	6150		150.0
847	20:16:07.016	6300		150.0
848	20:16:07.031	6450		150.0
849	20:16:07.046	6600		150.0
850	20:16:07.061	6750		150.0
851	20:16:07.076	6900		150.0
852	20:16:07.091	7050		150.0
853	20:16:07.120	7200		150.0
854	20:16:07.136	7350		150.0
855	20:16:07.151	7500		150.0
856	20:16:07.167	7650		150.0
857	20:16:07.182	7800		150.0
858	20:16:07.196	7950		150.0
859	20:16:07.211	8100		150.0
860	20:16:07.226	8250		150.0
861	20:16:07.241	8400		150.0
862	20:16:07.256	8550		150.0
863	20:16:07.285	8700		150.0
864	20:16:07.301	8850		150.0
865	20:16:07.316	9000		150.0
866	20:16:07.331	9150		150.0
867	20:16:07.346	9300		150.0
868	20:16:07.375	9450		150.0
869	20:16:07.391	9600		150.0
870	20:16:07.408	9750		150.0
871	20:16:07.423	9900		150.0
872	20:16:07.438	10050		150.0
873	20:16:07.453	10200		150.0
874	20:16:07.468	10350		150.0
875	20:16:07.484	10500		150.0
876	20:16:07.511	10650		150.0
877	20:16:07.526	10800		150.0
878	20:16:07.541	10950		150.0
879	20:16:07.556	11100		150.0
880	20:16:07.571	11250		150.0
881	20:16:07.586	11400		150.0
882	20:16:07.615	11550		150.0
883	20:16:07.631	11700		150.0
884	20:16:07.646	11850		150.0
885	20:16:07.661	12000		150.0
886	20:16:07.676	12150		150.0
887	20:16:07.691	12300		150.0
888	20:16:07.706	12450		150.0
889	20:16:07.721	12600		150.0
890	20:16:07.736	12750		150.0
891	20:16:07.751	12900		150.0
892	20:16:07.767	13050		150.0
893	20:16:07.781	13200		150.0
894	20:16:07.796	13350		150.0
895	20:16:07.825	13500		150.0
896	20:16:07.841	13650		150.0
897	20:16:07.856	13800		150.0
898	20:16:07.871	13950		150.0
899	20:16:07.886	14100		150.0
900	20:16:07.903	14250		150.0
901	20:16:07.918	14400		150.0
902	20:16:07.933	14550		150.0
903	20:16:07.948	14700		150.0
904	20:16:07.963	14850		150.0
905	20:16:07.991	15000		150.0
906	20:16:08.008	15150		150.0
907	20:16:08.023	15300		150.0
908	20:16:08.038	15450		150.0
909	20:16:08.053	15600		150.0
910	20:16:08.066	15750		150.0
911	20:16:08.082	15900		150.0
912	20:16:08.096	16050		150.0
913	20:16:08.111	16200		150.0
914	20:16:08.140	16350		150.0
915	20:16:08.156	16500		150.0
916	20:16:08.171	16650		150.0
917	20:16:08.186	16800		150.0
918	20:16:08.201	16950		150.0
919	20:16:08.216	17100		150.0
920	20:16:08.231	17250		150.0
921	20:16:08.246	17400		150.0
922	20:16:08.261	17550		150.0
923	20:16:08.276	17700		150.0
924	20:16:08.305	17850		150.0
925	20:16:08.321	18000		150.0
926	20:16:08.336	18150		150.0
927	20:16:08.351	18300		150.0
928	20:16:08.367	18450		150.0
929	20:16:08.382	18600		150.0
930	20:16:08.396	18750		150.0
931	20:16:08.411	18900		150.0
932	20:16:08.426	19050		150.0
933	20:16:08.455	19200		150.0
934	20:16:08.471	19350		150.0
935	20:16:08.486	19500		150.0
936	20:16:08.501	19650		150.0
937	20:16:08.516	19800		150.0
938	20:16:08.531	19950		150.0
939	20:16:08.546	0		50.0
940	20:16:08.561	150		150.0
941	20:16:08.578	300		150.0
942	20:16:08.608	450		150.0
943	20:16:08.622	600		150.0
944	20:16:08.638	750		150.0
945	20:16:08.653	900		150.0
946	20:16:08.668	1050		150.0
947	20:16:08.683	1200		150.0
948	20:16:08.698	1350		150.0
949	20:16:08.713	1500		150.0
950	20:16:08.726	1650		150.0
951	20:16:08.741	1800		150.0
952	20:16:08.770	1950		150.0
953	20:16:08.786	2100		150.0
954	20:16:08.801	2250		150.0
955	20:16:08.816	2400		150.0
956	20:16:08.831	2550		150.0
957	20:16:08.846	2700		150.0
958	20:16:08.861	2850		150.0
959	20:16:08.876	3000		150.0
960	20:16:08.891	3150		150.0
961	20:16:08.935	3300		150.0
962	20:16:08.953	3450		150.0
963	20:16:08.968	3600		150.0
964	20:16:08.983	3750		150.0
965	20:16:08.998	3900		150.0
966	20:16:09.013	4050		150.0
967	20:16:09.028	4200		150.0
968	20:16:09.041	4350		150.0
969	20:16:09.056	4500		150.0
970	20:16:09.071	4650		150.0
971	20:16:09.086	4800		150.0
972	20:16:09.101	4950		150.0
973	20:16:09.116	5100		150.0
974	20:16:09.131	5250		150.0
975	20:16:09.146	5400		150.0
976	20:16:09.161	5550		150.0
977	20:16:09.176	5700		150.0
978	20:16:09.191	5850		150.0
979	20:16:09.206	6000		150.0
980	20:16:09.235	6150		150.0
981	20:16:09.251	6300		150.0
982	20:16:09.268	6450		150.0
983	20:16:09.283	6600		150.0
984	20:16:09.297	6750		150.0
985	20:16:09.312	6900		150.0
986	20:16:09.328	7050		150.0
987	20:16:09.341	7200		150.0
988	20:16:09.358	7350		150.0
989	20:16:09.373	7500		150.0
990	20:16:09.401	7650		150.0
991	20:16:09.418	7800		150.0
992	20:16:09.433	7950		150.0
993	20:16:09.447	8100		150.0
994	20:16:09.463	8250		150.0
995	20:16:09.491	8400		150.0
996	20:16:09.508	8550		150.0
997	20:16:09.523	8700		150.0
998	20:16:09.538	8850		150.0
999	20:16:09.553	9000		150.0
1000	20:16:09.568	9150		150.0
1001	20:16:09.583	9300		150.0
1002	20:16:09.598	9450		150.0
1003	20:16:09.628	9600		150.0
1004	20:16:09.643	9750		150.0
1005	20:16:09.658	9900		150.0
1006	20:16:09.673	10050		150.0
1007	20:16:09.688	10200		150.0
1008	20:16:09.703	10350		150.0
1009	20:16:09.718	10500		150.0
1010	20:16:09.733	10650		150.0
1011	20:16:09.746	10800		150.0
1012	20:16:09.763	10950		150.0
1013	20:16:09.793	11100		150.0
1014	20:16:09.808	11250		150.0
1015	20:16:09.823	11400		150.0
1016	20:16:09.838	11550		150.0
1017	20:16:09.852	11700		150.0
1018	20:16:09.880	11850		150.0
1019	20:16:09.898	12000		150.0
1020	20:16:09.913	12150		150.0
1021	20:16:09.928	12300		150.0
1022	20:16:09.943	12450		150.0
1023	20:16:09.956	12600		150.0
1024	20:16:09.973	12750		150.0
1025	20:16:09.988	12900		150.0
1026	20:16:10.018	13050		150.0
1027	20:16:10.033	13200		150.0
1028	20:16:10.048	13350		150.0
1029	20:16:10.062	13500		150.0
1030	20:16:10.078	13650		150.0
1031	20:16:10.093	13800		150.0
1032	20:16:10.108	13950		150.0
1033	20:16:10.123	14100		150.0
1034	20:16:10.138	14250		150.0
1035	20:16:10.153	14400		150.0
1036	20:16:10.184	14550		150.0
1037	20:16:10.198	14700		150.0
1038	20:16:10.213	14850		150.0
1039	20:16:10.228	15000		150.0
1040	20:16:10.243	15150		150.0
1041	20:16:10.273	15300		150.0
1042	20:16:10.287	15450		150.0
1043	20:16:10.303	15600		150.0
1044	20:16:10.318	15750		150.0
1045	20:16:10.333	15900		150.0
1046	20:16:10.348	16050		150.0
1047	20:16:10.363	16200		150.0
1048	20:16:10.378	16350		150.0
1049	20:16:10.408	16500		150.0
1050	20:16:10.423	16650		150.0
1051	20:16:10.438	16800		150.0
1052	20:16:10.453	16950		150.0
1053	20:16:10.467	17100		150.0
1054	20:16:10.483	17250		150.0
1055	20:16:10.498	17400		150.0
1056	20:16:10.513	17550		150.0
1057	20:16:10.528	17700		150.0
1058	20:16:10.543	17850		150.0
1059	20:16:10.571	18000		150.0
1060	20:16:10.588	18150		150.0
1061	20:16:10.603	18300		150.0
1062	20:16:10.618	18450		150.0
1063	20:16:10.633	18600		150.0
1064	20:16:10.663	18750		150.0
1065	20:16:10.678	18900		150.0
1066	20:16:10.693	19050		150.0
1067	20:16:10.708	19200		150.0
1068	20:16:10.723	19350		150.0
1069	20:16:10.738	19500		150.0
1070	20:16:10.753	19650		150.0
1071	20:16:10.768	19800		150.0
1072	20:16:10.798	19950		150.0
1073	20:16:10.813	0		50.0
1074	20:16:10.828	150		150.0
1075	20:16:10.843	300		150.0
1076	20:16:10.858	450		150.0
1077	20:16:10.873	600		150.0
1078	20:16:10.888	750		150.0
1079	20:16:10.903	900		150.0
1080	20:16:10.918	1050		150.0
1081	20:16:10.933	1200		150.0
1082	20:16:10.961	1350		150.0
1083	20:16:10.978	1500		150.0
1084	20:16:10.993	1650		150.0
1085	20:16:11.008	1800		150.0
1086	20:16:11.023	1950		150.0
1087	20:16:11.053	2100		150.0
1088	20:16:11.068	2250		150.0
1089	20:16:11.082	2400		150.0
1090	20:16:11.096	2550		150.0
1091	20:16:11.113	2700		150.0
1092	20:16:11.128	2850		150.0
1093	20:16:11.143	3000		150.0
1094	20:16:11.158	3150		150.0
1095	20:16:11.187	3300		150.0
1096	20:16:11.203	3450		150.0
1097	20:16:11.218	3600		150.0
1098	20:16:11.233	3750		150.0
1099	20:16:11.248	3900		150.0
1100	20:16:11.263	4050		150.0
1101	20:16:11.292	4200		150.0
1102	20:16:11.308	4350		150.0
1103	20:16:11.320	4500		150.0
1104	20:16:11.337	4650		150.0
1105	20:16:11.351	4800		150.0
1106	20:16:11.368	4950		150.0
1107	20:16:11.383	5100		150.0
1108	20:16:11.398	5250		150.0
1109	20:16:11.413	5400		150.0
1110	20:16:11.441	5550		150.0
1111	20:16:11.458	5700		150.0
1112	20:16:11.473	5850		150.0
1113	20:16:11.488	6000		150.0
1114	20:16:11.503	6150		150.0
1115	20:16:11.518	6300		150.0
1116	20:16:11.533	6450		150.0
1117	20:16:11.548	6600		150.0
1118	20:16:11.578	6750		150.0
1119	20:16:11.592	6900		150.0
1120	20:16:11.608	7050		150.0
1121	20:16:11.623	7200		150.0
1122	20:16:11.638	7350		150.0
1123	20:16:11.653	7500		150.0
1124	20:16:11.668	7650		150.0
1125	20:16:11.682	7800		150.0
1126	20:16:11.696	7950		150.0
1127	20:16:11.712	8100		150.0
1128	20:16:11.740	8250		150.0
1129	20:16:11.758	8400		150.0
1130	20:16:11.773	8550		150.0
1131	20:16:11.788	8700		150.0
1132	20:16:11.802	8850		150.0
1133	20:16:11.830	9000		150.0
1134	20:16:11.848	9150		150.0
1135	20:16:11.863	9300		150.0
1136	20:16:11.876	9450		150.0
1137	20:16:11.891	9600		150.0
1138	20:16:11.906	9750		150.0
1139	20:16:11.921	9900		150.0
1140	20:16:11.936	10050		150.0
1141	20:16:11.965	10200		150.0
1142	20:16:11.982	10350		150.0
1143	20:16:11.996	10500		150.0
1144	20:16:12.011	10650		150.0
1145	20:16:12.026	10800		150.0
1146	20:16:12.055	10950		150.0
1147	20:16:12.071	11100		150.0
1148	20:16:12.087	11250		150.0
1149	20:16:12.103	11400		150.0
1150	20:16:12.118	11550		150.0
1151	20:16:12.133	11700		150.0
1152	20:16:12.148	11850		150.0
1153	20:16:12.163	12000		150.0
1154	20:16:12.178	12150		150.0
1155	20:16:12.193	12300		150.0
1156	20:16:12.207	12450		150.0
1157	20:16:12.221	12600		150.0
1158	20:16:12.236	12750		150.0
1159	20:16:12.251	12900		150.0
1160	20:16:12.280	13050		150.0
1161	20:16:12.295	13200		150.0
1162	20:16:12.311	13350		150.0
1163	20:16:12.326	13500		150.0
1164	20:16:12.341	13650		150.0
1165	20:16:12.356	13800		150.0
1166	20:16:12.371	13950		150.0
1167	20:16:12.386	14100		150.0
1168	20:16:12.401	14250		150.0
1169	20:16:12.431	14400		150.0
1170	20:16:12.448	14550		150.0
1171	20:16:12.463	14700		150.0
1172	20:16:12.478	14850		150.0
1173	20:16:12.493	15000		150.0
1174	20:16:12.508	15150		150.0
1175	20:16:12.523	15300		150.0
1176	20:16:12.538	15450		150.0
1177	20:16:12.553	15600		150.0
1178	20:16:12.568	15750		150.0
1179	20:16:12.598	15900		150.0
1180	20:16:12.613	16050		150.0
1181	20:16:12.628	16200		150.0
1182	20:16:12.643	16350		150.0
1183	20:16:12.673	16500		150.0
1184	20:16:12.688	16650		150.0
1185	20:16:12.703	16800		150.0
1186	20:16:12.717	16950		150.0
1187	20:16:12.733	17100		150.0
1188	20:16:12.748	17250		150.0
1189	20:16:12.763	17400		150.0
1190	20:16:12.778	17550		150.0
1191	20:16:12.793	17700		150.0
1192	20:16:12.822	17850		150.0
1193	20:16:12.838	18000		150.0
1194	20:16:12.853	18150		150.0
1195	20:16:12.868	18300		150.0
1196	20:16:12.884	18450		150.0
1197	20:16:12.898	18600		150.0
1198	20:16:12.913	18750		150.0
1199	20:16:12.926	18900		150.0
1200	20:16:12.943	19050		150.0
1201	20:16:12.958	19200		150.0
1202	20:16:12.986	19350		150.0
1203	20:16:13.001	19500		150.0
1204	20:16:13.016	19650		150.0
1205	20:16:13.031	19800		150.0
1206	20:16:13.046	19950		150.0
1207	20:16:13.061	0		50.0
1208	20:16:13.076	150		150.0
1209	20:16:13.091	300		150.0
1210	20:16:13.106	450		150.0
1211	20:16:13.135	600		150.0
1212	20:16:13.151	750		150.0
1213	20:16:13.167	900		150.0
1214	20:16:13.183	1050		150.0
1215	20:16:13.198	1200		150.0
1216	20:16:13.213	1350		150.0
1217	20:16:13.228	1500		150.0
1218	20:16:13.241	1650		150.0
1219	20:16:13.256	1800		150.0
1220	20:16:13.271	1950		150.0
1221	20:16:13.300	2100		150.0
1222	20:16:13.316	2250		150.0
1223	20:16:13.331	2400		150.0
1224	20:16:13.346	2550		150.0
1225	20:16:13.361	2700		150.0
1226	20:16:13.376	2850		150.0
1227	20:16:13.391	3000		150.0
1228	20:16:13.406	3150		150.0
1229	20:16:13.421	3300		150.0
1230	20:16:13.450	3450		150.0
1231	20:16:13.468	3600		150.0
1232	20:16:13.483	3750		150.0
1233	20:16:13.498	3900		150.0
1234	20:16:13.513	4050		150.0
1235	20:16:13.528	4200		150.0
1236	20:16:13.541	4350		150.0
1237	20:16:13.558	4500		150.0
1238	20:16:13.573	4650		150.0
1239	20:16:13.588	4800		150.0
1240	20:16:13.618	4950		150.0
1241	20:16:13.633	5100		150.0
1242	20:16:13.647	5250		150.0
1243	20:16:13.663	5400		150.0
1244	20:16:13.678	5550		150.0
1245	20:16:13.708	5700		150.0
1246	20:16:13.723	5850		150.0
1247	20:16:13.738	6000		150.0
1248	20:16:13.753	6150		150.0
1249	20:16:13.768	6300		150.0
1250	20:16:13.783	6450		150.0
1251	20:16:13.813	6600		150.0
1252	20:16:13.828	6750		150.0
1253	20:16:13.843	6900		150.0
1254	20:16:13.858	7050		150.0
1255	20:16:13.873	7200		150.0
1256	20:16:13.888	7350		150.0
1257	20:16:13.903	7500		150.0
1258	20:16:13.918	7650		150.0
1259	20:16:13.933	7800		150.0
1260	20:16:13.947	7950		150.0
1261	20:16:13.963	8100		150.0
1262	20:16:13.978	8250		150.0
1263	20:16:14.008	8400		150.0
1264	20:16:14.023	8550		150.0
1265	20:16:14.038	8700		150.0
1266	20:16:14.066	8850		150.0
1267	20:16:14.084	9000		150.0
1268	20:16:14.098	9150		150.0
1269	20:16:14.113	9300		150.0
1270	20:16:14.128	9450		150.0
1271	20:16:14.143	9600		150.0
1272	20:16:14.156	9750		150.0
1273	20:16:14.173	9900		150.0
1274	20:16:14.188	10050		150.0
1275	20:16:14.203	10200		150.0
1276	20:16:14.218	10350		150.0
1277	20:16:14.233	10500		150.0
1278	20:16:14.248	10650		150.0
1279	20:16:14.263	10800		150.0
1280	20:16:14.278	10950		150.0
1281	20:16:14.292	11100		150.0
1282	20:16:14.320	11250		150.0
1283	20:16:14.338	11400		150.0
1284	20:16:14.353	11550		150.0
1285	20:16:14.368	11700		150.0
1286	20:16:14.383	11850		150.0
1287	20:16:14.398	12000		150.0
1288	20:16:14.413	12150		150.0
1289	20:16:14.428	12300		150.0
1290	20:16:14.443	12450		150.0
1291	20:16:14.471	12600		150.0
1292	20:16:14.488	12750		150.0
1293	20:16:14.503	12900		150.0
1294	20:16:14.518	13050		150.0
1295	20:16:14.533	13200		150.0
1296	20:16:14.548	13350		150.0
1297	20:16:14.562	13500		150.0
1298	20:16:14.578	13650		150.0
1299	20:16:14.593	13800		150.0
1300	20:16:14.623	13950		150.0
1301	20:16:14.638	14100		150.0
1302	20:16:14.653	14250		150.0
1303	20:16:14.667	14400		150.0
1304	20:16:14.683	14550		150.0
1305	20:16:14.698	14700		150.0
1306	20:16:14.713	14850		150.0
1307	20:16:14.728	15000		150.0
1308	20:16:14.743	15150		150.0
1309	20:16:14.756	15300		150.0
1310	20:16:14.786	15450		150.0
1311	20:16:14.803	15600		150.0
1312	20:16:14.818	15750		150.0
1313	20:16:14.833	15900		150.0
1314	20:16:14.863	16050		150.0
1315	20:16:14.878	16200		150.0
1316	20:16:14.893	16350		150.0
1317	20:16:14.908	16500		150.0
1318	20:16:14.923	16650		150.0
1319	20:16:14.938	16800		150.0
1320	20:16:14.953	16950		150.0
1321	20:16:14.968	17100		150.0
1322	20:16:14.984	17250		150.0
1323	20:16:15.013	17400		150.0
1324	20:16:15.028	17550		150.0
1325	20:16:15.043	17700		150.0
1326	20:16:15.058	17850		150.0
1327	20:16:15.073	18000		150.0
1328	20:16:15.088	18150		150.0
1329	20:16:15.103	18300		150.0
1330	20:16:15.118	18450		150.0
1331	20:16:15.133	18600		150.0
1332	20:16:15.148	18750		150.0
1333	20:16:15.176	18900		150.0
1334	20:16:15.193	19050		150.0
1335	20:16:15.208	19200		150.0
1336	20:16:15.223	19350		150.0
1337	20:16:15.238	19500		150.0
1338	20:16:15.253	19650		150.0
1339	20:16:15.268	19800		150.0
1340	20:16:15.282	19950		150.0
1341	20:16:15.298	0		50.0
1342	20:16:15.328	150		150.0
1343	20:16:15.343	300		150.0
1344	20:16:15.358	450		150.0
1345	20:16:15.388	600		150.0
1346	20:16:15.403	750		150.0
1347	20:16:15.418	900		150.0
1348	20:16:15.433	1050		150.0
1349	20:16:15.448	1200		150.0
1350	20:16:15.463	1350		150.0
1351	20:16:15.478	1500		150.0
1352	20:16:15.493	1650		150.0
1353	20:16:15.508	1800		150.0
1354	20:16:15.523	1950		150.0
1355	20:16:15.538	2100		150.0
1356	20:16:15.553	2250		150.0
1357	20:16:15.569	2400		150.0
1358	20:16:15.583	2550		150.0
1359	20:16:15.598	2700		150.0
1360	20:16:15.613	2850		150.0
1361	20:16:15.643	3000		150.0
1362	20:16:15.658	3150		150.0
1363	20:16:15.673	3300		150.0
1364	20:16:15.688	3450		150.0
1365	20:16:15.703	3600		150.0
1366	20:16:15.718	3750		150.0
1367	20:16:15.733	3900		150.0
1368	20:16:15.748	4050		150.0
1369	20:16:15.763	4200		150.0
1370	20:16:15.776	4350		150.0
1371	20:16:15.805	4500		150.0
1372	20:16:15.821	4650		150.0
1373	20:16:15.836	4800		150.0
1374	20:16:15.851	4950		150.0
1375	20:16:15.867	5100		150.0
1376	20:16:15.895	5250		150.0
1377	20:16:15.911	5400		150.0
1378	20:16:15.926	5550		150.0
1379	20:16:15.941	5700		150.0
1380	20:16:15.956	5850		150.0
1381	20:16:15.971	6000		150.0
1382	20:16:15.986	6150		150.0
1383	20:16:16.001	6300		150.0
1384	20:16:16.031	6450		150.0
1385	20:16:16.048	6600		150.0
1386	20:16:16.063	6750		150.0
1387	20:16:16.078	6900		150.0
1388	20:16:16.093	7050		150.0
1389	20:16:16.108	7200		150.0
1390	20:16:16.123	7350		150.0
1391	20:16:16.138	7500		150.0
1392	20:16:16.153	7650		150.0
1393	20:16:16.169	7800		150.0
1394	20:16:16.198	7950		150.0
1395	20:16:16.213	8100		150.0
1396	20:16:16.228	8250		150.0
1397	20:16:16.243	8400		150.0
1398	20:16:16.258	8550		150.0
1399	20:16:16.273	8700		150.0
1400	20:16:16.287	8850		150.0
1401	20:16:16.302	9000		150.0
1402	20:16:16.318	9150		150.0
1403	20:16:16.348	9300		150.0
1404	20:16:16.363	9450		150.0
1405	20:16:16.378	9600		150.0
1406	20:16:16.393	9750		150.0
1407	20:16:16.406	9900		150.0
1408	20:16:16.423	10050		150.0
1409	20:16:16.438	10200		150.0
1410	20:16:16.453	10350		150.0
1411	20:16:16.468	10500		150.0
1412	20:16:16.498	10650		150.0
1413	20:16:16.512	10800		150.0
1414	20:16:16.528	10950		150.0
1415	20:16:16.543	11100		150.0
1416	20:16:16.558	11250		150.0
1417	20:16:16.573	11400		150.0
1418	20:16:16.588	11550		150.0
1419	20:16:16.618	11700		150.0
1420	20:16:16.633	11850		150.0
1421	20:16:16.648	12000		150.0
1422	20:16:16.663	12150		150.0
1423	20:16:16.678	12300		150.0
1424	20:16:16.693	12450		150.0
1425	20:16:16.708	12600		150.0
1426	20:16:16.723	12750		150.0
1427	20:16:16.738	12900		150.0
1428	20:16:16.753	13050		150.0
1429	20:16:16.769	13200		150.0
1430	20:16:16.783	13350		150.0
1431	20:16:16.813	13500		150.0
1432	20:16:16.841	13650		150.0
1433	20:16:16.858	13800		150.0
1434	20:16:16.871	13950		150.0
1435	20:16:16.886	14100		150.0
1436	20:16:16.901	14250		150.0
1437	20:16:16.916	14400		150.0
1438	20:16:16.931	14550		150.0
1439	20:16:16.946	14700		150.0
1440	20:16:16.961	14850		150.0
1441	20:16:16.976	15000		150.0
1442	20:16:16.991	15150		150.0
1443	20:16:17.006	15300		150.0
1444	20:16:17.021	15450		150.0
1445	20:16:17.036	15600		150.0
1446	20:16:17.051	15750		150.0
1447	20:16:17.066	15900		150.0
1448	20:16:17.082	16050		150.0
1449	20:16:17.098	16200		150.0
1450	20:16:17.126	16350		150.0
1451	20:16:17.143	16500		150.0
1452	20:16:17.158	16650		150.0
1453	20:16:17.173	16800		150.0
1454	20:16:17.188	16950		150.0
1455	20:16:17.203	17100		150.0
1456	20:16:17.216	17250		150.0
1457	20:16:17.231	17400		150.0
1458	20:16:17.246	17550		150.0
1459	20:16:17.275	17700		150.0
1460	20:16:17.291	17850		150.0
1461	20:16:17.306	18000		150.0
1462	20:16:17.321	18150		150.0
1463	20:16:17.336	18300		150.0
1464	20:16:17.351	18450		150.0
1465	20:16:17.367	18600		150.0
1466	20:16:17.381	18750		150.0
1467	20:16:17.396	18900		150.0
1468	20:16:17.411	19050		150.0
1469	20:16:17.440	19200		150.0
1470	20:16:17.456	19350		150.0
1471	20:16:17.473	19500		150.0
1472	20:16:17.488	19650		150.0
1473	20:16:17.503	19800		150.0
1474	20:16:17.518	19950		150.0
1475	20:16:17.532	0		50.0
