scan_time分析报告 - baseus-主板固定60Hz发送3.txt
==================================================

基本统计信息:
  总数据包数: 1504
  有效scan_time数: 1504
  最大scan_time值: 19950
  最小scan_time值: 0
  scan_time范围: 19950

递增规律分析:
  理论递增值: 150
  实际平均递增值: 159.68
  递增值标准差: 407.54
  最小递增值: 0
  最大递增值: 15950

重置分析:
  检测到重置次数: 12
  重置点位置: [29, 163, 297, 431, 565, 699, 833, 967, 1101, 1235]...
  平均重置间隔: 115.7 包/次

一致性评估:
  一致性评分: 0.002 (1.0为完美一致)
  评估结果: 较差 - scan_time递增不稳定

详细数据:
序号	时间戳		scan_time	递增值
--------------------------------------------------
1	20:14:14.726	0		N/A
2	20:14:18.746	0		0.0
3	20:14:18.762	150		150.0
4	20:14:18.791	300		150.0
5	20:14:18.807	450		150.0
6	20:14:18.822	600		150.0
7	20:14:18.837	750		150.0
8	20:14:18.852	900		150.0
9	20:14:18.868	1050		150.0
10	20:14:18.884	1200		150.0
11	20:14:18.899	1350		150.0
12	20:14:18.927	1500		150.0
13	20:14:18.944	1650		150.0
14	20:14:18.957	1800		150.0
15	20:14:18.972	1950		150.0
16	20:14:18.987	2100		150.0
17	20:14:19.002	2250		150.0
18	20:14:19.017	2400		150.0
19	20:14:19.033	2550		150.0
20	20:14:19.047	2700		150.0
21	20:14:19.062	2850		150.0
22	20:14:19.077	3000		150.0
23	20:14:19.106	3150		150.0
24	20:14:19.122	3300		150.0
25	20:14:19.137	3450		150.0
26	20:14:19.152	3600		150.0
27	20:14:19.167	3750		150.0
28	20:14:19.182	3900		150.0
29	20:14:19.197	4050		150.0
30	20:14:19.212	0		15950.0
31	20:14:19.227	150		150.0
32	20:14:19.256	300		150.0
33	20:14:19.272	450		150.0
34	20:14:19.287	600		150.0
35	20:14:19.302	750		150.0
36	20:14:19.319	900		150.0
37	20:14:19.332	1050		150.0
38	20:14:19.350	1200		150.0
39	20:14:19.363	1350		150.0
40	20:14:19.379	1500		150.0
41	20:14:19.394	1650		150.0
42	20:14:19.424	1800		150.0
43	20:14:19.439	1950		150.0
44	20:14:19.454	2100		150.0
45	20:14:19.467	2250		150.0
46	20:14:19.484	2400		150.0
47	20:14:19.499	2550		150.0
48	20:14:19.514	2700		150.0
49	20:14:19.529	2850		150.0
50	20:14:19.544	3000		150.0
51	20:14:19.574	3150		150.0
52	20:14:19.589	3300		150.0
53	20:14:19.604	3450		150.0
54	20:14:19.619	3600		150.0
55	20:14:19.634	3750		150.0
56	20:14:19.649	3900		150.0
57	20:14:19.664	4050		150.0
58	20:14:19.679	4200		150.0
59	20:14:19.694	4350		150.0
60	20:14:19.724	4500		150.0
61	20:14:19.739	4650		150.0
62	20:14:19.754	4800		150.0
63	20:14:19.769	4950		150.0
64	20:14:19.784	5100		150.0
65	20:14:19.799	5250		150.0
66	20:14:19.814	5400		150.0
67	20:14:19.829	5550		150.0
68	20:14:19.844	5700		150.0
69	20:14:19.859	5850		150.0
70	20:14:19.889	6000		150.0
71	20:14:19.904	6150		150.0
72	20:14:19.919	6300		150.0
73	20:14:19.949	6450		150.0
74	20:14:19.964	6600		150.0
75	20:14:19.978	6750		150.0
76	20:14:19.994	6900		150.0
77	20:14:20.009	7050		150.0
78	20:14:20.024	7200		150.0
79	20:14:20.039	7350		150.0
80	20:14:20.054	7500		150.0
81	20:14:20.069	7650		150.0
82	20:14:20.082	7800		150.0
83	20:14:20.099	7950		150.0
84	20:14:20.114	8100		150.0
85	20:14:20.129	8250		150.0
86	20:14:20.144	8400		150.0
87	20:14:20.159	8550		150.0
88	20:14:20.189	8700		150.0
89	20:14:20.204	8850		150.0
90	20:14:20.219	9000		150.0
91	20:14:20.234	9150		150.0
92	20:14:20.250	9300		150.0
93	20:14:20.264	9450		150.0
94	20:14:20.279	9600		150.0
95	20:14:20.294	9750		150.0
96	20:14:20.309	9900		150.0
97	20:14:20.324	10050		150.0
98	20:14:20.354	10200		150.0
99	20:14:20.369	10350		150.0
100	20:14:20.384	10500		150.0
101	20:14:20.399	10650		150.0
102	20:14:20.414	10800		150.0
103	20:14:20.429	10950		150.0
104	20:14:20.444	11100		150.0
105	20:14:20.459	11250		150.0
106	20:14:20.474	11400		150.0
107	20:14:20.504	11550		150.0
108	20:14:20.519	11700		150.0
109	20:14:20.534	11850		150.0
110	20:14:20.549	12000		150.0
111	20:14:20.564	12150		150.0
112	20:14:20.579	12300		150.0
113	20:14:20.592	12450		150.0
114	20:14:20.609	12600		150.0
115	20:14:20.624	12750		150.0
116	20:14:20.639	12900		150.0
117	20:14:20.667	13050		150.0
118	20:14:20.684	13200		150.0
119	20:14:20.697	13350		150.0
120	20:14:20.714	13500		150.0
121	20:14:20.729	13650		150.0
122	20:14:20.744	13800		150.0
123	20:14:20.759	13950		150.0
124	20:14:20.774	14100		150.0
125	20:14:20.789	14250		150.0
126	20:14:20.817	14400		150.0
127	20:14:20.833	14550		150.0
128	20:14:20.849	14700		150.0
129	20:14:20.864	14850		150.0
130	20:14:20.879	15000		150.0
131	20:14:20.894	15150		150.0
132	20:14:20.909	15300		150.0
133	20:14:20.924	15450		150.0
134	20:14:20.939	15600		150.0
135	20:14:20.967	15750		150.0
136	20:14:20.982	15900		150.0
137	20:14:20.997	16050		150.0
138	20:14:21.012	16200		150.0
139	20:14:21.027	16350		150.0
140	20:14:21.042	16500		150.0
141	20:14:21.057	16650		150.0
142	20:14:21.072	16800		150.0
143	20:14:21.087	16950		150.0
144	20:14:21.102	17100		150.0
145	20:14:21.131	17250		150.0
146	20:14:21.147	17400		150.0
147	20:14:21.162	17550		150.0
148	20:14:21.177	17700		150.0
149	20:14:21.192	17850		150.0
150	20:14:21.221	18000		150.0
151	20:14:21.237	18150		150.0
152	20:14:21.252	18300		150.0
153	20:14:21.281	18450		150.0
154	20:14:21.297	18600		150.0
155	20:14:21.312	18750		150.0
156	20:14:21.327	18900		150.0
157	20:14:21.342	19050		150.0
158	20:14:21.357	19200		150.0
159	20:14:21.372	19350		150.0
160	20:14:21.387	19500		150.0
161	20:14:21.402	19650		150.0
162	20:14:21.417	19800		150.0
163	20:14:21.432	19950		150.0
164	20:14:21.448	0		50.0
165	20:14:21.462	150		150.0
166	20:14:21.477	300		150.0
167	20:14:21.492	450		150.0
168	20:14:21.521	600		150.0
169	20:14:21.537	750		150.0
170	20:14:21.552	900		150.0
171	20:14:21.567	1050		150.0
172	20:14:21.582	1200		150.0
173	20:14:21.597	1350		150.0
174	20:14:21.612	1500		150.0
175	20:14:21.627	1650		150.0
176	20:14:21.642	1800		150.0
177	20:14:21.671	1950		150.0
178	20:14:21.687	2100		150.0
179	20:14:21.703	2250		150.0
180	20:14:21.718	2400		150.0
181	20:14:21.734	2550		150.0
182	20:14:21.749	2700		150.0
183	20:14:21.764	2850		150.0
184	20:14:21.779	3000		150.0
185	20:14:21.794	3150		150.0
186	20:14:21.822	3300		150.0
187	20:14:21.839	3450		150.0
188	20:14:21.854	3600		150.0
189	20:14:21.869	3750		150.0
190	20:14:21.884	3900		150.0
191	20:14:21.899	4050		150.0
192	20:14:21.914	4200		150.0
193	20:14:21.927	4350		150.0
194	20:14:21.944	4500		150.0
195	20:14:21.959	4650		150.0
196	20:14:21.989	4800		150.0
197	20:14:22.004	4950		150.0
198	20:14:22.019	5100		150.0
199	20:14:22.034	5250		150.0
200	20:14:22.050	5400		150.0
201	20:14:22.079	5550		150.0
202	20:14:22.094	5700		150.0
203	20:14:22.109	5850		150.0
204	20:14:22.124	6000		150.0
205	20:14:22.139	6150		150.0
206	20:14:22.154	6300		150.0
207	20:14:22.169	6450		150.0
208	20:14:22.184	6600		150.0
209	20:14:22.212	6750		150.0
210	20:14:22.229	6900		150.0
211	20:14:22.244	7050		150.0
212	20:14:22.259	7200		150.0
213	20:14:22.274	7350		150.0
214	20:14:22.289	7500		150.0
215	20:14:22.304	7650		150.0
216	20:14:22.319	7800		150.0
217	20:14:22.332	7950		150.0
218	20:14:22.350	8100		150.0
219	20:14:22.379	8250		150.0
220	20:14:22.394	8400		150.0
221	20:14:22.409	8550		150.0
222	20:14:22.424	8700		150.0
223	20:14:22.437	8850		150.0
224	20:14:22.454	9000		150.0
225	20:14:22.469	9150		150.0
226	20:14:22.484	9300		150.0
227	20:14:22.514	9450		150.0
228	20:14:22.529	9600		150.0
229	20:14:22.543	9750		150.0
230	20:14:22.559	9900		150.0
231	20:14:22.574	10050		150.0
232	20:14:22.589	10200		150.0
233	20:14:22.604	10350		150.0
234	20:14:22.619	10500		150.0
235	20:14:22.634	10650		150.0
236	20:14:22.648	10800		150.0
237	20:14:22.676	10950		150.0
238	20:14:22.694	11100		150.0
239	20:14:22.709	11250		150.0
240	20:14:22.724	11400		150.0
241	20:14:22.739	11550		150.0
242	20:14:22.754	11700		150.0
243	20:14:22.769	11850		150.0
244	20:14:22.784	12000		150.0
245	20:14:22.799	12150		150.0
246	20:14:22.814	12300		150.0
247	20:14:22.844	12450		150.0
248	20:14:22.859	12600		150.0
249	20:14:22.874	12750		150.0
250	20:14:22.889	12900		150.0
251	20:14:22.919	13050		150.0
252	20:14:22.934	13200		150.0
253	20:14:22.947	13350		150.0
254	20:14:22.964	13500		150.0
255	20:14:22.979	13650		150.0
256	20:14:22.994	13800		150.0
257	20:14:23.009	13950		150.0
258	20:14:23.024	14100		150.0
259	20:14:23.039	14250		150.0
260	20:14:23.052	14400		150.0
261	20:14:23.069	14550		150.0
262	20:14:23.084	14700		150.0
263	20:14:23.099	14850		150.0
264	20:14:23.114	15000		150.0
265	20:14:23.144	15150		150.0
266	20:14:23.159	15300		150.0
267	20:14:23.174	15450		150.0
268	20:14:23.189	15600		150.0
269	20:14:23.204	15750		150.0
270	20:14:23.219	15900		150.0
271	20:14:23.234	16050		150.0
272	20:14:23.249	16200		150.0
273	20:14:23.264	16350		150.0
274	20:14:23.279	16500		150.0
275	20:14:23.309	16650		150.0
276	20:14:23.324	16800		150.0
277	20:14:23.339	16950		150.0
278	20:14:23.354	17100		150.0
279	20:14:23.369	17250		150.0
280	20:14:23.384	17400		150.0
281	20:14:23.399	17550		150.0
282	20:14:23.414	17700		150.0
283	20:14:23.429	17850		150.0
284	20:14:23.458	18000		150.0
285	20:14:23.474	18150		150.0
286	20:14:23.489	18300		150.0
287	20:14:23.504	18450		150.0
288	20:14:23.532	18600		150.0
289	20:14:23.549	18750		150.0
290	20:14:23.562	18900		150.0
291	20:14:23.579	19050		150.0
292	20:14:23.594	19200		150.0
293	20:14:23.609	19350		150.0
294	20:14:23.624	19500		150.0
295	20:14:23.639	19650		150.0
296	20:14:23.654	19800		150.0
297	20:14:23.668	19950		150.0
298	20:14:23.684	0		50.0
299	20:14:23.699	150		150.0
300	20:14:23.714	300		150.0
301	20:14:23.729	450		150.0
302	20:14:23.744	600		150.0
303	20:14:23.774	750		150.0
304	20:14:23.789	900		150.0
305	20:14:23.804	1050		150.0
306	20:14:23.819	1200		150.0
307	20:14:23.834	1350		150.0
308	20:14:23.849	1500		150.0
309	20:14:23.864	1650		150.0
310	20:14:23.879	1800		150.0
311	20:14:23.894	1950		150.0
312	20:14:23.924	2100		150.0
313	20:14:23.939	2250		150.0
314	20:14:23.954	2400		150.0
315	20:14:23.969	2550		150.0
316	20:14:23.984	2700		150.0
317	20:14:23.999	2850		150.0
318	20:14:24.014	3000		150.0
319	20:14:24.029	3150		150.0
320	20:14:24.044	3300		150.0
321	20:14:24.059	3450		150.0
322	20:14:24.089	3600		150.0
323	20:14:24.104	3750		150.0
324	20:14:24.119	3900		150.0
325	20:14:24.134	4050		150.0
326	20:14:24.149	4200		150.0
327	20:14:24.164	4350		150.0
328	20:14:24.177	4500		150.0
329	20:14:24.194	4650		150.0
330	20:14:24.209	4800		150.0
331	20:14:24.238	4950		150.0
332	20:14:24.252	5100		150.0
333	20:14:24.269	5250		150.0
334	20:14:24.283	5400		150.0
335	20:14:24.299	5550		150.0
336	20:14:24.314	5700		150.0
337	20:14:24.329	5850		150.0
338	20:14:24.344	6000		150.0
339	20:14:24.357	6150		150.0
340	20:14:24.387	6300		150.0
341	20:14:24.404	6450		150.0
342	20:14:24.419	6600		150.0
343	20:14:24.434	6750		150.0
344	20:14:24.449	6900		150.0
345	20:14:24.464	7050		150.0
346	20:14:24.479	7200		150.0
347	20:14:24.494	7350		150.0
348	20:14:24.509	7500		150.0
349	20:14:24.524	7650		150.0
350	20:14:24.554	7800		150.0
351	20:14:24.569	7950		150.0
352	20:14:24.584	8100		150.0
353	20:14:24.599	8250		150.0
354	20:14:24.614	8400		150.0
355	20:14:24.644	8550		150.0
356	20:14:24.659	8700		150.0
357	20:14:24.674	8850		150.0
358	20:14:24.688	9000		150.0
359	20:14:24.704	9150		150.0
360	20:14:24.719	9300		150.0
361	20:14:24.734	9450		150.0
362	20:14:24.749	9600		150.0
363	20:14:24.779	9750		150.0
364	20:14:24.792	9900		150.0
365	20:14:24.809	10050		150.0
366	20:14:24.824	10200		150.0
367	20:14:24.839	10350		150.0
368	20:14:24.869	10500		150.0
369	20:14:24.884	10650		150.0
370	20:14:24.899	10800		150.0
371	20:14:24.914	10950		150.0
372	20:14:24.929	11100		150.0
373	20:14:24.944	11250		150.0
374	20:14:24.959	11400		150.0
375	20:14:24.974	11550		150.0
376	20:14:24.989	11700		150.0
377	20:14:25.004	11850		150.0
378	20:14:25.019	12000		150.0
379	20:14:25.034	12150		150.0
380	20:14:25.050	12300		150.0
381	20:14:25.064	12450		150.0
382	20:14:25.094	12600		150.0
383	20:14:25.109	12750		150.0
384	20:14:25.124	12900		150.0
385	20:14:25.139	13050		150.0
386	20:14:25.169	13200		150.0
387	20:14:25.184	13350		150.0
388	20:14:25.199	13500		150.0
389	20:14:25.214	13650		150.0
390	20:14:25.229	13800		150.0
391	20:14:25.244	13950		150.0
392	20:14:25.259	14100		150.0
393	20:14:25.274	14250		150.0
394	20:14:25.289	14400		150.0
395	20:14:25.317	14550		150.0
396	20:14:25.334	14700		150.0
397	20:14:25.349	14850		150.0
398	20:14:25.364	15000		150.0
399	20:14:25.379	15150		150.0
400	20:14:25.394	15300		150.0
401	20:14:25.407	15450		150.0
402	20:14:25.424	15600		150.0
403	20:14:25.439	15750		150.0
404	20:14:25.454	15900		150.0
405	20:14:25.484	16050		150.0
406	20:14:25.499	16200		150.0
407	20:14:25.514	16350		150.0
408	20:14:25.529	16500		150.0
409	20:14:25.544	16650		150.0
410	20:14:25.559	16800		150.0
411	20:14:25.574	16950		150.0
412	20:14:25.589	17100		150.0
413	20:14:25.604	17250		150.0
414	20:14:25.634	17400		150.0
415	20:14:25.649	17550		150.0
416	20:14:25.664	17700		150.0
417	20:14:25.679	17850		150.0
418	20:14:25.694	18000		150.0
419	20:14:25.709	18150		150.0
420	20:14:25.722	18300		150.0
421	20:14:25.737	18450		150.0
422	20:14:25.752	18600		150.0
423	20:14:25.781	18750		150.0
424	20:14:25.797	18900		150.0
425	20:14:25.812	19050		150.0
426	20:14:25.827	19200		150.0
427	20:14:25.842	19350		150.0
428	20:14:25.857	19500		150.0
429	20:14:25.886	19650		150.0
430	20:14:25.902	19800		150.0
431	20:14:25.917	19950		150.0
432	20:14:25.932	0		50.0
433	20:14:25.947	150		150.0
434	20:14:25.962	300		150.0
435	20:14:25.977	450		150.0
436	20:14:25.992	600		150.0
437	20:14:26.007	750		150.0
438	20:14:26.022	900		150.0
439	20:14:26.037	1050		150.0
440	20:14:26.052	1200		150.0
441	20:14:26.067	1350		150.0
442	20:14:26.096	1500		150.0
443	20:14:26.112	1650		150.0
444	20:14:26.127	1800		150.0
445	20:14:26.142	1950		150.0
446	20:14:26.171	2100		150.0
447	20:14:26.187	2250		150.0
448	20:14:26.202	2400		150.0
449	20:14:26.217	2550		150.0
450	20:14:26.232	2700		150.0
451	20:14:26.247	2850		150.0
452	20:14:26.262	3000		150.0
453	20:14:26.277	3150		150.0
454	20:14:26.292	3300		150.0
455	20:14:26.307	3450		150.0
456	20:14:26.322	3600		150.0
457	20:14:26.337	3750		150.0
458	20:14:26.352	3900		150.0
459	20:14:26.367	4050		150.0
460	20:14:26.382	4200		150.0
461	20:14:26.411	4350		150.0
462	20:14:26.427	4500		150.0
463	20:14:26.442	4650		150.0
464	20:14:26.457	4800		150.0
465	20:14:26.472	4950		150.0
466	20:14:26.487	5100		150.0
467	20:14:26.502	5250		150.0
468	20:14:26.517	5400		150.0
469	20:14:26.532	5550		150.0
470	20:14:26.561	5700		150.0
471	20:14:26.577	5850		150.0
472	20:14:26.606	6000		150.0
473	20:14:26.622	6150		150.0
474	20:14:26.637	6300		150.0
475	20:14:26.652	6450		150.0
476	20:14:26.667	6600		150.0
477	20:14:26.682	6750		150.0
478	20:14:26.697	6900		150.0
479	20:14:26.714	7050		150.0
480	20:14:26.729	7200		150.0
481	20:14:26.743	7350		150.0
482	20:14:26.759	7500		150.0
483	20:14:26.774	7650		150.0
484	20:14:26.789	7800		150.0
485	20:14:26.804	7950		150.0
486	20:14:26.819	8100		150.0
487	20:14:26.834	8250		150.0
488	20:14:26.849	8400		150.0
489	20:14:26.879	8550		150.0
490	20:14:26.894	8700		150.0
491	20:14:26.909	8850		150.0
492	20:14:26.924	9000		150.0
493	20:14:26.939	9150		150.0
494	20:14:26.954	9300		150.0
495	20:14:26.969	9450		150.0
496	20:14:26.984	9600		150.0
497	20:14:26.999	9750		150.0
498	20:14:27.027	9900		150.0
499	20:14:27.043	10050		150.0
500	20:14:27.059	10200		150.0
501	20:14:27.074	10350		150.0
502	20:14:27.089	10500		150.0
503	20:14:27.104	10650		150.0
504	20:14:27.119	10800		150.0
505	20:14:27.134	10950		150.0
506	20:14:27.147	11100		150.0
507	20:14:27.164	11250		150.0
508	20:14:27.194	11400		150.0
509	20:14:27.209	11550		150.0
510	20:14:27.224	11700		150.0
511	20:14:27.239	11850		150.0
512	20:14:27.254	12000		150.0
513	20:14:27.269	12150		150.0
514	20:14:27.284	12300		150.0
515	20:14:27.299	12450		150.0
516	20:14:27.314	12600		150.0
517	20:14:27.344	12750		150.0
518	20:14:27.359	12900		150.0
519	20:14:27.374	13050		150.0
520	20:14:27.389	13200		150.0
521	20:14:27.404	13350		150.0
522	20:14:27.419	13500		150.0
523	20:14:27.434	13650		150.0
524	20:14:27.450	13800		150.0
525	20:14:27.464	13950		150.0
526	20:14:27.494	14100		150.0
527	20:14:27.509	14250		150.0
528	20:14:27.524	14400		150.0
529	20:14:27.539	14550		150.0
530	20:14:27.554	14700		150.0
531	20:14:27.568	14850		150.0
532	20:14:27.584	15000		150.0
533	20:14:27.599	15150		150.0
534	20:14:27.614	15300		150.0
535	20:14:27.629	15450		150.0
536	20:14:27.657	15600		150.0
537	20:14:27.674	15750		150.0
538	20:14:27.689	15900		150.0
539	20:14:27.704	16050		150.0
540	20:14:27.719	16200		150.0
541	20:14:27.734	16350		150.0
542	20:14:27.749	16500		150.0
543	20:14:27.762	16650		150.0
544	20:14:27.779	16800		150.0
545	20:14:27.809	16950		150.0
546	20:14:27.839	17100		150.0
547	20:14:27.854	17250		150.0
548	20:14:27.868	17400		150.0
549	20:14:27.884	17550		150.0
550	20:14:27.899	17700		150.0
551	20:14:27.914	17850		150.0
552	20:14:27.929	18000		150.0
553	20:14:27.944	18150		150.0
554	20:14:27.959	18300		150.0
555	20:14:27.974	18450		150.0
556	20:14:27.989	18600		150.0
557	20:14:28.004	18750		150.0
558	20:14:28.019	18900		150.0
559	20:14:28.034	19050		150.0
560	20:14:28.050	19200		150.0
561	20:14:28.064	19350		150.0
562	20:14:28.079	19500		150.0
563	20:14:28.094	19650		150.0
564	20:14:28.124	19800		150.0
565	20:14:28.139	19950		150.0
566	20:14:28.154	0		50.0
567	20:14:28.169	150		150.0
568	20:14:28.197	300		150.0
569	20:14:28.214	450		150.0
570	20:14:28.244	600		150.0
571	20:14:28.259	750		150.0
572	20:14:28.272	900		150.0
573	20:14:28.289	1050		150.0
574	20:14:28.304	1200		150.0
575	20:14:28.319	1350		150.0
576	20:14:28.334	1500		150.0
577	20:14:28.350	1650		150.0
578	20:14:28.364	1800		150.0
579	20:14:28.377	1950		150.0
580	20:14:28.394	2100		150.0
581	20:14:28.409	2250		150.0
582	20:14:28.424	2400		150.0
583	20:14:28.454	2550		150.0
584	20:14:28.469	2700		150.0
585	20:14:28.484	2850		150.0
586	20:14:28.499	3000		150.0
587	20:14:28.514	3150		150.0
588	20:14:28.529	3300		150.0
589	20:14:28.544	3450		150.0
590	20:14:28.559	3600		150.0
591	20:14:28.574	3750		150.0
592	20:14:28.589	3900		150.0
593	20:14:28.604	4050		150.0
594	20:14:28.619	4200		150.0
595	20:14:28.635	4350		150.0
596	20:14:28.664	4500		150.0
597	20:14:28.679	4650		150.0
598	20:14:28.694	4800		150.0
599	20:14:28.709	4950		150.0
600	20:14:28.724	5100		150.0
601	20:14:28.739	5250		150.0
602	20:14:28.754	5400		150.0
603	20:14:28.769	5550		150.0
604	20:14:28.783	5700		150.0
605	20:14:28.811	5850		150.0
606	20:14:28.829	6000		150.0
607	20:14:28.844	6150		150.0
608	20:14:28.859	6300		150.0
609	20:14:28.874	6450		150.0
610	20:14:28.887	6600		150.0
611	20:14:28.904	6750		150.0
612	20:14:28.919	6900		150.0
613	20:14:28.934	7050		150.0
614	20:14:28.949	7200		150.0
615	20:14:28.979	7350		150.0
616	20:14:28.993	7500		150.0
617	20:14:29.009	7650		150.0
618	20:14:29.024	7800		150.0
619	20:14:29.039	7950		150.0
620	20:14:29.054	8100		150.0
621	20:14:29.069	8250		150.0
622	20:14:29.084	8400		150.0
623	20:14:29.099	8550		150.0
624	20:14:29.129	8700		150.0
625	20:14:29.144	8850		150.0
626	20:14:29.159	9000		150.0
627	20:14:29.174	9150		150.0
628	20:14:29.189	9300		150.0
629	20:14:29.204	9450		150.0
630	20:14:29.219	9600		150.0
631	20:14:29.233	9750		150.0
632	20:14:29.247	9900		150.0
633	20:14:29.276	10050		150.0
634	20:14:29.294	10200		150.0
635	20:14:29.309	10350		150.0
636	20:14:29.324	10500		150.0
637	20:14:29.339	10650		150.0
638	20:14:29.354	10800		150.0
639	20:14:29.369	10950		150.0
640	20:14:29.382	11100		150.0
641	20:14:29.398	11250		150.0
642	20:14:29.414	11400		150.0
643	20:14:29.444	11550		150.0
644	20:14:29.459	11700		150.0
645	20:14:29.474	11850		150.0
646	20:14:29.489	12000		150.0
647	20:14:29.502	12150		150.0
648	20:14:29.519	12300		150.0
649	20:14:29.534	12450		150.0
650	20:14:29.550	12600		150.0
651	20:14:29.579	12750		150.0
652	20:14:29.594	12900		150.0
653	20:14:29.608	13050		150.0
654	20:14:29.624	13200		150.0
655	20:14:29.639	13350		150.0
656	20:14:29.654	13500		150.0
657	20:14:29.669	13650		150.0
658	20:14:29.684	13800		150.0
659	20:14:29.699	13950		150.0
660	20:14:29.713	14100		150.0
661	20:14:29.729	14250		150.0
662	20:14:29.759	14400		150.0
663	20:14:29.774	14550		150.0
664	20:14:29.789	14700		150.0
665	20:14:29.804	14850		150.0
666	20:14:29.819	15000		150.0
667	20:14:29.834	15150		150.0
668	20:14:29.849	15300		150.0
669	20:14:29.864	15450		150.0
670	20:14:29.879	15600		150.0
671	20:14:29.909	15750		150.0
672	20:14:29.924	15900		150.0
673	20:14:29.939	16050		150.0
674	20:14:29.954	16200		150.0
675	20:14:29.984	16350		150.0
676	20:14:29.999	16500		150.0
677	20:14:30.013	16650		150.0
678	20:14:30.029	16800		150.0
679	20:14:30.044	16950		150.0
680	20:14:30.059	17100		150.0
681	20:14:30.074	17250		150.0
682	20:14:30.089	17400		150.0
683	20:14:30.104	17550		150.0
684	20:14:30.117	17700		150.0
685	20:14:30.134	17850		150.0
686	20:14:30.149	18000		150.0
687	20:14:30.164	18150		150.0
688	20:14:30.194	18300		150.0
689	20:14:30.209	18450		150.0
690	20:14:30.224	18600		150.0
691	20:14:30.239	18750		150.0
692	20:14:30.254	18900		150.0
693	20:14:30.269	19050		150.0
694	20:14:30.284	19200		150.0
695	20:14:30.299	19350		150.0
696	20:14:30.314	19500		150.0
697	20:14:30.329	19650		150.0
698	20:14:30.344	19800		150.0
699	20:14:30.374	19950		150.0
700	20:14:30.389	0		50.0
701	20:14:30.404	150		150.0
702	20:14:30.419	300		150.0
703	20:14:30.434	450		150.0
704	20:14:30.449	600		150.0
705	20:14:30.464	750		150.0
706	20:14:30.479	900		150.0
707	20:14:30.494	1050		150.0
708	20:14:30.524	1200		150.0
709	20:14:30.539	1350		150.0
710	20:14:30.554	1500		150.0
711	20:14:30.569	1650		150.0
712	20:14:30.584	1800		150.0
713	20:14:30.599	1950		150.0
714	20:14:30.614	2100		150.0
715	20:14:30.627	2250		150.0
716	20:14:30.642	2400		150.0
717	20:14:30.657	2550		150.0
718	20:14:30.686	2700		150.0
719	20:14:30.702	2850		150.0
720	20:14:30.717	3000		150.0
721	20:14:30.732	3150		150.0
722	20:14:30.747	3300		150.0
723	20:14:30.776	3450		150.0
724	20:14:30.792	3600		150.0
725	20:14:30.807	3750		150.0
726	20:14:30.822	3900		150.0
727	20:14:30.837	4050		150.0
728	20:14:30.854	4200		150.0
729	20:14:30.869	4350		150.0
730	20:14:30.884	4500		150.0
731	20:14:30.912	4650		150.0
732	20:14:30.929	4800		150.0
733	20:14:30.944	4950		150.0
734	20:14:30.959	5100		150.0
735	20:14:30.974	5250		150.0
736	20:14:30.989	5400		150.0
737	20:14:31.004	5550		150.0
738	20:14:31.019	5700		150.0
739	20:14:31.034	5850		150.0
740	20:14:31.047	6000		150.0
741	20:14:31.077	6150		150.0
742	20:14:31.092	6300		150.0
743	20:14:31.108	6450		150.0
744	20:14:31.122	6600		150.0
745	20:14:31.138	6750		150.0
746	20:14:31.152	6900		150.0
747	20:14:31.167	7050		150.0
748	20:14:31.182	7200		150.0
749	20:14:31.197	7350		150.0
750	20:14:31.226	7500		150.0
751	20:14:31.242	7650		150.0
752	20:14:31.257	7800		150.0
753	20:14:31.272	7950		150.0
754	20:14:31.289	8100		150.0
755	20:14:31.304	8250		150.0
756	20:14:31.319	8400		150.0
757	20:14:31.334	8550		150.0
758	20:14:31.347	8700		150.0
759	20:14:31.376	8850		150.0
760	20:14:31.392	9000		150.0
761	20:14:31.407	9150		150.0
762	20:14:31.422	9300		150.0
763	20:14:31.438	9450		150.0
764	20:14:31.452	9600		150.0
765	20:14:31.467	9750		150.0
766	20:14:31.482	9900		150.0
767	20:14:31.497	10050		150.0
768	20:14:31.512	10200		150.0
769	20:14:31.541	10350		150.0
770	20:14:31.557	10500		150.0
771	20:14:31.574	10650		150.0
772	20:14:31.589	10800		150.0
773	20:14:31.604	10950		150.0
774	20:14:31.619	11100		150.0
775	20:14:31.634	11250		150.0
776	20:14:31.649	11400		150.0
777	20:14:31.664	11550		150.0
778	20:14:31.694	11700		150.0
779	20:14:31.724	11850		150.0
780	20:14:31.739	12000		150.0
781	20:14:31.753	12150		150.0
782	20:14:31.769	12300		150.0
783	20:14:31.784	12450		150.0
784	20:14:31.799	12600		150.0
785	20:14:31.814	12750		150.0
786	20:14:31.829	12900		150.0
787	20:14:31.844	13050		150.0
788	20:14:31.857	13200		150.0
789	20:14:31.874	13350		150.0
790	20:14:31.889	13500		150.0
791	20:14:31.904	13650		150.0
792	20:14:31.919	13800		150.0
793	20:14:31.934	13950		150.0
794	20:14:31.949	14100		150.0
795	20:14:31.962	14250		150.0
796	20:14:31.977	14400		150.0
797	20:14:32.006	14550		150.0
798	20:14:32.022	14700		150.0
799	20:14:32.038	14850		150.0
800	20:14:32.052	15000		150.0
801	20:14:32.067	15150		150.0
802	20:14:32.082	15300		150.0
803	20:14:32.097	15450		150.0
804	20:14:32.112	15600		150.0
805	20:14:32.127	15750		150.0
806	20:14:32.156	15900		150.0
807	20:14:32.172	16050		150.0
808	20:14:32.189	16200		150.0
809	20:14:32.202	16350		150.0
810	20:14:32.217	16500		150.0
811	20:14:32.232	16650		150.0
812	20:14:32.247	16800		150.0
813	20:14:32.262	16950		150.0
814	20:14:32.277	17100		150.0
815	20:14:32.306	17250		150.0
816	20:14:32.337	17400		150.0
817	20:14:32.352	17550		150.0
818	20:14:32.367	17700		150.0
819	20:14:32.382	17850		150.0
820	20:14:32.397	18000		150.0
821	20:14:32.412	18150		150.0
822	20:14:32.427	18300		150.0
823	20:14:32.442	18450		150.0
824	20:14:32.459	18600		150.0
825	20:14:32.472	18750		150.0
826	20:14:32.489	18900		150.0
827	20:14:32.504	19050		150.0
828	20:14:32.519	19200		150.0
829	20:14:32.562	19350		150.0
830	20:14:32.579	19500		150.0
831	20:14:32.594	19650		150.0
832	20:14:32.609	19800		150.0
833	20:14:32.624	19950		150.0
834	20:14:32.639	0		50.0
835	20:14:32.653	150		150.0
836	20:14:32.669	300		150.0
837	20:14:32.684	450		150.0
838	20:14:32.699	600		150.0
839	20:14:32.714	750		150.0
840	20:14:32.729	900		150.0
841	20:14:32.744	1050		150.0
842	20:14:32.759	1200		150.0
843	20:14:32.774	1350		150.0
844	20:14:32.789	1500		150.0
845	20:14:32.804	1650		150.0
846	20:14:32.819	1800		150.0
847	20:14:32.834	1950		150.0
848	20:14:32.864	2100		150.0
849	20:14:32.879	2250		150.0
850	20:14:32.894	2400		150.0
851	20:14:32.909	2550		150.0
852	20:14:32.924	2700		150.0
853	20:14:32.954	2850		150.0
854	20:14:32.969	3000		150.0
855	20:14:32.982	3150		150.0
856	20:14:32.999	3300		150.0
857	20:14:33.014	3450		150.0
858	20:14:33.029	3600		150.0
859	20:14:33.044	3750		150.0
860	20:14:33.058	3900		150.0
861	20:14:33.086	4050		150.0
862	20:14:33.104	4200		150.0
863	20:14:33.119	4350		150.0
864	20:14:33.134	4500		150.0
865	20:14:33.164	4650		150.0
866	20:14:33.179	4800		150.0
867	20:14:33.194	4950		150.0
868	20:14:33.209	5100		150.0
869	20:14:33.224	5250		150.0
870	20:14:33.239	5400		150.0
871	20:14:33.254	5550		150.0
872	20:14:33.269	5700		150.0
873	20:14:33.284	5850		150.0
874	20:14:33.299	6000		150.0
875	20:14:33.314	6150		150.0
876	20:14:33.329	6300		150.0
877	20:14:33.344	6450		150.0
878	20:14:33.359	6600		150.0
879	20:14:33.374	6750		150.0
880	20:14:33.402	6900		150.0
881	20:14:33.417	7050		150.0
882	20:14:33.432	7200		150.0
883	20:14:33.447	7350		150.0
884	20:14:33.462	7500		150.0
885	20:14:33.477	7650		150.0
886	20:14:33.492	7800		150.0
887	20:14:33.507	7950		150.0
888	20:14:33.522	8100		150.0
889	20:14:33.551	8250		150.0
890	20:14:33.567	8400		150.0
891	20:14:33.582	8550		150.0
892	20:14:33.597	8700		150.0
893	20:14:33.612	8850		150.0
894	20:14:33.627	9000		150.0
895	20:14:33.642	9150		150.0
896	20:14:33.657	9300		150.0
897	20:14:33.672	9450		150.0
898	20:14:33.687	9600		150.0
899	20:14:33.716	9750		150.0
900	20:14:33.732	9900		150.0
901	20:14:33.747	10050		150.0
902	20:14:33.762	10200		150.0
903	20:14:33.777	10350		150.0
904	20:14:33.806	10500		150.0
905	20:14:33.824	10650		150.0
906	20:14:33.840	10800		150.0
907	20:14:33.854	10950		150.0
908	20:14:33.869	11100		150.0
909	20:14:33.883	11250		150.0
910	20:14:33.899	11400		150.0
911	20:14:33.914	11550		150.0
912	20:14:33.942	11700		150.0
913	20:14:33.959	11850		150.0
914	20:14:33.974	12000		150.0
915	20:14:33.989	12150		150.0
916	20:14:34.004	12300		150.0
917	20:14:34.019	12450		150.0
918	20:14:34.034	12600		150.0
919	20:14:34.049	12750		150.0
920	20:14:34.064	12900		150.0
921	20:14:34.094	13050		150.0
922	20:14:34.108	13200		150.0
923	20:14:34.124	13350		150.0
924	20:14:34.139	13500		150.0
925	20:14:34.154	13650		150.0
926	20:14:34.169	13800		150.0
927	20:14:34.184	13950		150.0
928	20:14:34.199	14100		150.0
929	20:14:34.212	14250		150.0
930	20:14:34.229	14400		150.0
931	20:14:34.259	14550		150.0
932	20:14:34.273	14700		150.0
933	20:14:34.287	14850		150.0
934	20:14:34.302	15000		150.0
935	20:14:34.317	15150		150.0
936	20:14:34.332	15300		150.0
937	20:14:34.347	15450		150.0
938	20:14:34.362	15600		150.0
939	20:14:34.377	15750		150.0
940	20:14:34.406	15900		150.0
941	20:14:34.422	16050		150.0
942	20:14:34.438	16200		150.0
943	20:14:34.452	16350		150.0
944	20:14:34.467	16500		150.0
945	20:14:34.482	16650		150.0
946	20:14:34.497	16800		150.0
947	20:14:34.512	16950		150.0
948	20:14:34.527	17100		150.0
949	20:14:34.542	17250		150.0
950	20:14:34.571	17400		150.0
951	20:14:34.587	17550		150.0
952	20:14:34.602	17700		150.0
953	20:14:34.617	17850		150.0
954	20:14:34.632	18000		150.0
955	20:14:34.661	18150		150.0
956	20:14:34.677	18300		150.0
957	20:14:34.692	18450		150.0
958	20:14:34.707	18600		150.0
959	20:14:34.722	18750		150.0
960	20:14:34.738	18900		150.0
961	20:14:34.752	19050		150.0
962	20:14:34.767	19200		150.0
963	20:14:34.796	19350		150.0
964	20:14:34.812	19500		150.0
965	20:14:34.827	19650		150.0
966	20:14:34.842	19800		150.0
967	20:14:34.857	19950		150.0
968	20:14:34.872	0		50.0
969	20:14:34.901	150		150.0
970	20:14:34.917	300		150.0
971	20:14:34.932	450		150.0
972	20:14:34.947	600		150.0
973	20:14:34.962	750		150.0
974	20:14:34.977	900		150.0
975	20:14:34.992	1050		150.0
976	20:14:35.007	1200		150.0
977	20:14:35.022	1350		150.0
978	20:14:35.038	1500		150.0
979	20:14:35.052	1650		150.0
980	20:14:35.067	1800		150.0
981	20:14:35.082	1950		150.0
982	20:14:35.111	2100		150.0
983	20:14:35.127	2250		150.0
984	20:14:35.144	2400		150.0
985	20:14:35.159	2550		150.0
986	20:14:35.174	2700		150.0
987	20:14:35.189	2850		150.0
988	20:14:35.204	3000		150.0
989	20:14:35.219	3150		150.0
990	20:14:35.234	3300		150.0
991	20:14:35.262	3450		150.0
992	20:14:35.279	3600		150.0
993	20:14:35.309	3750		150.0
994	20:14:35.324	3900		150.0
995	20:14:35.338	4050		150.0
996	20:14:35.354	4200		150.0
997	20:14:35.369	4350		150.0
998	20:14:35.384	4500		150.0
999	20:14:35.399	4650		150.0
1000	20:14:35.414	4800		150.0
1001	20:14:35.429	4950		150.0
1002	20:14:35.442	5100		150.0
1003	20:14:35.459	5250		150.0
1004	20:14:35.474	5400		150.0
1005	20:14:35.489	5550		150.0
1006	20:14:35.504	5700		150.0
1007	20:14:35.519	5850		150.0
1008	20:14:35.534	6000		150.0
1009	20:14:35.549	6150		150.0
1010	20:14:35.579	6300		150.0
1011	20:14:35.594	6450		150.0
1012	20:14:35.608	6600		150.0
1013	20:14:35.624	6750		150.0
1014	20:14:35.639	6900		150.0
1015	20:14:35.654	7050		150.0
1016	20:14:35.669	7200		150.0
1017	20:14:35.684	7350		150.0
1018	20:14:35.699	7500		150.0
1019	20:14:35.729	7650		150.0
1020	20:14:35.744	7800		150.0
1021	20:14:35.759	7950		150.0
1022	20:14:35.774	8100		150.0
1023	20:14:35.789	8250		150.0
1024	20:14:35.804	8400		150.0
1025	20:14:35.819	8550		150.0
1026	20:14:35.834	8700		150.0
1027	20:14:35.849	8850		150.0
1028	20:14:35.864	9000		150.0
1029	20:14:35.894	9150		150.0
1030	20:14:35.909	9300		150.0
1031	20:14:35.924	9450		150.0
1032	20:14:35.939	9600		150.0
1033	20:14:35.952	9750		150.0
1034	20:14:35.969	9900		150.0
1035	20:14:35.984	10050		150.0
1036	20:14:35.999	10200		150.0
1037	20:14:36.014	10350		150.0
1038	20:14:36.042	10500		150.0
1039	20:14:36.058	10650		150.0
1040	20:14:36.072	10800		150.0
1041	20:14:36.087	10950		150.0
1042	20:14:36.102	11100		150.0
1043	20:14:36.117	11250		150.0
1044	20:14:36.132	11400		150.0
1045	20:14:36.147	11550		150.0
1046	20:14:36.162	11700		150.0
1047	20:14:36.177	11850		150.0
1048	20:14:36.206	12000		150.0
1049	20:14:36.222	12150		150.0
1050	20:14:36.238	12300		150.0
1051	20:14:36.252	12450		150.0
1052	20:14:36.267	12600		150.0
1053	20:14:36.296	12750		150.0
1054	20:14:36.314	12900		150.0
1055	20:14:36.329	13050		150.0
1056	20:14:36.344	13200		150.0
1057	20:14:36.359	13350		150.0
1058	20:14:36.372	13500		150.0
1059	20:14:36.387	13650		150.0
1060	20:14:36.402	13800		150.0
1061	20:14:36.431	13950		150.0
1062	20:14:36.447	14100		150.0
1063	20:14:36.462	14250		150.0
1064	20:14:36.477	14400		150.0
1065	20:14:36.492	14550		150.0
1066	20:14:36.507	14700		150.0
1067	20:14:36.522	14850		150.0
1068	20:14:36.538	15000		150.0
1069	20:14:36.552	15150		150.0
1070	20:14:36.567	15300		150.0
1071	20:14:36.596	15450		150.0
1072	20:14:36.614	15600		150.0
1073	20:14:36.642	15750		150.0
1074	20:14:36.659	15900		150.0
1075	20:14:36.673	16050		150.0
1076	20:14:36.689	16200		150.0
1077	20:14:36.704	16350		150.0
1078	20:14:36.719	16500		150.0
1079	20:14:36.734	16650		150.0
1080	20:14:36.749	16800		150.0
1081	20:14:36.764	16950		150.0
1082	20:14:36.779	17100		150.0
1083	20:14:36.794	17250		150.0
1084	20:14:36.808	17400		150.0
1085	20:14:36.824	17550		150.0
1086	20:14:36.839	17700		150.0
1087	20:14:36.854	17850		150.0
1088	20:14:36.869	18000		150.0
1089	20:14:36.899	18150		150.0
1090	20:14:36.914	18300		150.0
1091	20:14:36.929	18450		150.0
1092	20:14:36.944	18600		150.0
1093	20:14:36.959	18750		150.0
1094	20:14:36.974	18900		150.0
1095	20:14:36.989	19050		150.0
1096	20:14:37.004	19200		150.0
1097	20:14:37.019	19350		150.0
1098	20:14:37.047	19500		150.0
1099	20:14:37.064	19650		150.0
1100	20:14:37.078	19800		150.0
1101	20:14:37.094	19950		150.0
1102	20:14:37.109	0		50.0
1103	20:14:37.124	150		150.0
1104	20:14:37.139	300		150.0
1105	20:14:37.154	450		150.0
1106	20:14:37.169	600		150.0
1107	20:14:37.181	750		150.0
1108	20:14:37.212	900		150.0
1109	20:14:37.229	1050		150.0
1110	20:14:37.244	1200		150.0
1111	20:14:37.259	1350		150.0
1112	20:14:37.274	1500		150.0
1113	20:14:37.289	1650		150.0
1114	20:14:37.304	1800		150.0
1115	20:14:37.319	1950		150.0
1116	20:14:37.334	2100		150.0
1117	20:14:37.349	2250		150.0
1118	20:14:37.392	2400		150.0
1119	20:14:37.409	2550		150.0
1120	20:14:37.422	2700		150.0
1121	20:14:37.439	2850		150.0
1122	20:14:37.454	3000		150.0
1123	20:14:37.469	3150		150.0
1124	20:14:37.484	3300		150.0
1125	20:14:37.499	3450		150.0
1126	20:14:37.514	3600		150.0
1127	20:14:37.529	3750		150.0
1128	20:14:37.544	3900		150.0
1129	20:14:37.559	4050		150.0
1130	20:14:37.574	4200		150.0
1131	20:14:37.604	4350		150.0
1132	20:14:37.619	4500		150.0
1133	20:14:37.634	4650		150.0
1134	20:14:37.649	4800		150.0
1135	20:14:37.664	4950		150.0
1136	20:14:37.679	5100		150.0
1137	20:14:37.693	5250		150.0
1138	20:14:37.710	5400		150.0
1139	20:14:37.724	5550		150.0
1140	20:14:37.740	5700		150.0
1141	20:14:37.769	5850		150.0
1142	20:14:37.784	6000		150.0
1143	20:14:37.797	6150		150.0
1144	20:14:37.814	6300		150.0
1145	20:14:37.829	6450		150.0
1146	20:14:37.844	6600		150.0
1147	20:14:37.859	6750		150.0
1148	20:14:37.874	6900		150.0
1149	20:14:37.889	7050		150.0
1150	20:14:37.919	7200		150.0
1151	20:14:37.934	7350		150.0
1152	20:14:37.949	7500		150.0
1153	20:14:37.962	7650		150.0
1154	20:14:37.977	7800		150.0
1155	20:14:37.992	7950		150.0
1156	20:14:38.007	8100		150.0
1157	20:14:38.022	8250		150.0
1158	20:14:38.038	8400		150.0
1159	20:14:38.066	8550		150.0
1160	20:14:38.082	8700		150.0
1161	20:14:38.097	8850		150.0
1162	20:14:38.112	9000		150.0
1163	20:14:38.127	9150		150.0
1164	20:14:38.142	9300		150.0
1165	20:14:38.157	9450		150.0
1166	20:14:38.172	9600		150.0
1167	20:14:38.189	9750		150.0
1168	20:14:38.204	9900		150.0
1169	20:14:38.231	10050		150.0
1170	20:14:38.249	10200		150.0
1171	20:14:38.264	10350		150.0
1172	20:14:38.279	10500		150.0
1173	20:14:38.294	10650		150.0
1174	20:14:38.322	10800		150.0
1175	20:14:38.338	10950		150.0
1176	20:14:38.352	11100		150.0
1177	20:14:38.367	11250		150.0
1178	20:14:38.382	11400		150.0
1179	20:14:38.397	11550		150.0
1180	20:14:38.412	11700		150.0
1181	20:14:38.427	11850		150.0
1182	20:14:38.456	12000		150.0
1183	20:14:38.472	12150		150.0
1184	20:14:38.487	12300		150.0
1185	20:14:38.502	12450		150.0
1186	20:14:38.517	12600		150.0
1187	20:14:38.534	12750		150.0
1188	20:14:38.549	12900		150.0
1189	20:14:38.564	13050		150.0
1190	20:14:38.579	13200		150.0
1191	20:14:38.594	13350		150.0
1192	20:14:38.622	13500		150.0
1193	20:14:38.639	13650		150.0
1194	20:14:38.654	13800		150.0
1195	20:14:38.669	13950		150.0
1196	20:14:38.684	14100		150.0
1197	20:14:38.714	14250		150.0
1198	20:14:38.729	14400		150.0
1199	20:14:38.744	14550		150.0
1200	20:14:38.759	14700		150.0
1201	20:14:38.774	14850		150.0
1202	20:14:38.789	15000		150.0
1203	20:14:38.804	15150		150.0
1204	20:14:38.818	15300		150.0
1205	20:14:38.846	15450		150.0
1206	20:14:38.864	15600		150.0
1207	20:14:38.878	15750		150.0
1208	20:14:38.894	15900		150.0
1209	20:14:38.909	16050		150.0
1210	20:14:38.923	16200		150.0
1211	20:14:38.939	16350		150.0
1212	20:14:38.954	16500		150.0
1213	20:14:38.969	16650		150.0
1214	20:14:38.999	16800		150.0
1215	20:14:39.014	16950		150.0
1216	20:14:39.028	17100		150.0
1217	20:14:39.044	17250		150.0
1218	20:14:39.059	17400		150.0
1219	20:14:39.074	17550		150.0
1220	20:14:39.104	17700		150.0
1221	20:14:39.119	17850		150.0
1222	20:14:39.134	18000		150.0
1223	20:14:39.149	18150		150.0
1224	20:14:39.164	18300		150.0
1225	20:14:39.179	18450		150.0
1226	20:14:39.194	18600		150.0
1227	20:14:39.209	18750		150.0
1228	20:14:39.237	18900		150.0
1229	20:14:39.254	19050		150.0
1230	20:14:39.268	19200		150.0
1231	20:14:39.284	19350		150.0
1232	20:14:39.299	19500		150.0
1233	20:14:39.314	19650		150.0
1234	20:14:39.329	19800		150.0
1235	20:14:39.344	19950		150.0
1236	20:14:39.359	0		50.0
1237	20:14:39.374	150		150.0
1238	20:14:39.402	300		150.0
1239	20:14:39.418	450		150.0
1240	20:14:39.433	600		150.0
1241	20:14:39.449	750		150.0
1242	20:14:39.464	900		150.0
1243	20:14:39.479	1050		150.0
1244	20:14:39.494	1200		150.0
1245	20:14:39.509	1350		150.0
1246	20:14:39.525	1500		150.0
1247	20:14:39.554	1650		150.0
1248	20:14:39.569	1800		150.0
1249	20:14:39.584	1950		150.0
1250	20:14:39.599	2100		150.0
1251	20:14:39.614	2250		150.0
1252	20:14:39.629	2400		150.0
1253	20:14:39.643	2550		150.0
1254	20:14:39.659	2700		150.0
1255	20:14:39.674	2850		150.0
1256	20:14:39.704	3000		150.0
1257	20:14:39.719	3150		150.0
1258	20:14:39.734	3300		150.0
1259	20:14:39.749	3450		150.0
1260	20:14:39.764	3600		150.0
1261	20:14:39.779	3750		150.0
1262	20:14:39.794	3900		150.0
1263	20:14:39.809	4050		150.0
1264	20:14:39.824	4200		150.0
1265	20:14:39.839	4350		150.0
1266	20:14:39.869	4500		150.0
1267	20:14:39.884	4650		150.0
1268	20:14:39.899	4800		150.0
1269	20:14:39.914	4950		150.0
1270	20:14:39.929	5100		150.0
1271	20:14:39.957	5250		150.0
1272	20:14:39.974	5400		150.0
1273	20:14:39.989	5550		150.0
1274	20:14:40.019	5700		150.0
1275	20:14:40.034	5850		150.0
1276	20:14:40.048	6000		150.0
1277	20:14:40.064	6150		150.0
1278	20:14:40.079	6300		150.0
1279	20:14:40.094	6450		150.0
1280	20:14:40.109	6600		150.0
1281	20:14:40.124	6750		150.0
1282	20:14:40.139	6900		150.0
1283	20:14:40.152	7050		150.0
1284	20:14:40.169	7200		150.0
1285	20:14:40.184	7350		150.0
1286	20:14:40.199	7500		150.0
1287	20:14:40.214	7650		150.0
1288	20:14:40.229	7800		150.0
1289	20:14:40.257	7950		150.0
1290	20:14:40.274	8100		150.0
1291	20:14:40.289	8250		150.0
1292	20:14:40.304	8400		150.0
1293	20:14:40.319	8550		150.0
1294	20:14:40.334	8700		150.0
1295	20:14:40.349	8850		150.0
1296	20:14:40.364	9000		150.0
1297	20:14:40.379	9150		150.0
1298	20:14:40.409	9300		150.0
1299	20:14:40.424	9450		150.0
1300	20:14:40.439	9600		150.0
1301	20:14:40.454	9750		150.0
1302	20:14:40.469	9900		150.0
1303	20:14:40.484	10050		150.0
1304	20:14:40.499	10200		150.0
1305	20:14:40.514	10350		150.0
1306	20:14:40.529	10500		150.0
1307	20:14:40.558	10650		150.0
1308	20:14:40.574	10800		150.0
1309	20:14:40.589	10950		150.0
1310	20:14:40.604	11100		150.0
1311	20:14:40.619	11250		150.0
1312	20:14:40.634	11400		150.0
1313	20:14:40.649	11550		150.0
1314	20:14:40.662	11700		150.0
1315	20:14:40.679	11850		150.0
1316	20:14:40.694	12000		150.0
1317	20:14:40.722	12150		150.0
1318	20:14:40.739	12300		150.0
1319	20:14:40.754	12450		150.0
1320	20:14:40.767	12600		150.0
1321	20:14:40.784	12750		150.0
1322	20:14:40.814	12900		150.0
1323	20:14:40.829	13050		150.0
1324	20:14:40.844	13200		150.0
1325	20:14:40.859	13350		150.0
1326	20:14:40.874	13500		150.0
1327	20:14:40.889	13650		150.0
1328	20:14:40.904	13800		150.0
1329	20:14:40.919	13950		150.0
1330	20:14:40.947	14100		150.0
1331	20:14:40.964	14250		150.0
1332	20:14:40.979	14400		150.0
1333	20:14:40.994	14550		150.0
1334	20:14:41.009	14700		150.0
1335	20:14:41.024	14850		150.0
1336	20:14:41.038	15000		150.0
1337	20:14:41.054	15150		150.0
1338	20:14:41.069	15300		150.0
1339	20:14:41.082	15450		150.0
1340	20:14:41.111	15600		150.0
1341	20:14:41.127	15750		150.0
1342	20:14:41.142	15900		150.0
1343	20:14:41.157	16050		150.0
1344	20:14:41.172	16200		150.0
1345	20:14:41.201	16350		150.0
1346	20:14:41.217	16500		150.0
1347	20:14:41.232	16650		150.0
1348	20:14:41.247	16800		150.0
1349	20:14:41.262	16950		150.0
1350	20:14:41.277	17100		150.0
1351	20:14:41.294	17250		150.0
1352	20:14:41.309	17400		150.0
1353	20:14:41.339	17550		150.0
1354	20:14:41.354	17700		150.0
1355	20:14:41.369	17850		150.0
1356	20:14:41.382	18000		150.0
1357	20:14:41.397	18150		150.0
1358	20:14:41.412	18300		150.0
1359	20:14:41.427	18450		150.0
1360	20:14:41.442	18600		150.0
1361	20:14:41.457	18750		150.0
1362	20:14:41.472	18900		150.0
1363	20:14:41.501	19050		150.0
1364	20:14:41.517	19200		150.0
1365	20:14:41.532	19350		150.0
1366	20:14:41.547	19500		150.0
1367	20:14:41.562	19650		150.0
1368	20:14:41.591	19800		150.0
1369	20:14:41.609	19950		150.0
1370	20:14:41.624	0		50.0
1371	20:14:41.640	150		150.0
1372	20:14:41.654	300		150.0
1373	20:14:41.669	450		150.0
1374	20:14:41.684	600		150.0
1375	20:14:41.699	750		150.0
1376	20:14:41.729	900		150.0
1377	20:14:41.744	1050		150.0
1378	20:14:41.759	1200		150.0
1379	20:14:41.774	1350		150.0
1380	20:14:41.788	1500		150.0
1381	20:14:41.804	1650		150.0
1382	20:14:41.819	1800		150.0
1383	20:14:41.834	1950		150.0
1384	20:14:41.849	2100		150.0
1385	20:14:41.864	2250		150.0
1386	20:14:41.892	2400		150.0
1387	20:14:41.909	2550		150.0
1388	20:14:41.924	2700		150.0
1389	20:14:41.940	2850		150.0
1390	20:14:41.969	3000		150.0
1391	20:14:41.984	3150		150.0
1392	20:14:41.997	3300		150.0
1393	20:14:42.014	3450		150.0
1394	20:14:42.029	3600		150.0
1395	20:14:42.044	3750		150.0
1396	20:14:42.059	3900		150.0
1397	20:14:42.074	4050		150.0
1398	20:14:42.089	4200		150.0
1399	20:14:42.104	4350		150.0
1400	20:14:42.119	4500		150.0
1401	20:14:42.134	4650		150.0
1402	20:14:42.149	4800		150.0
1403	20:14:42.164	4950		150.0
1404	20:14:42.194	5100		150.0
1405	20:14:42.209	5250		150.0
1406	20:14:42.224	5400		150.0
1407	20:14:42.238	5550		150.0
1408	20:14:42.254	5700		150.0
1409	20:14:42.269	5850		150.0
1410	20:14:42.284	6000		150.0
1411	20:14:42.299	6150		150.0
1412	20:14:42.314	6300		150.0
1413	20:14:42.329	6450		150.0
1414	20:14:42.372	6600		150.0
1415	20:14:42.389	6750		150.0
1416	20:14:42.403	6900		150.0
1417	20:14:42.419	7050		150.0
1418	20:14:42.434	7200		150.0
1419	20:14:42.449	7350		150.0
1420	20:14:42.464	7500		150.0
1421	20:14:42.479	7650		150.0
1422	20:14:42.494	7800		150.0
1423	20:14:42.507	7950		150.0
1424	20:14:42.524	8100		150.0
1425	20:14:42.539	8250		150.0
1426	20:14:42.554	8400		150.0
1427	20:14:42.569	8550		150.0
1428	20:14:42.584	8700		150.0
1429	20:14:42.599	8850		150.0
1430	20:14:42.614	9000		150.0
1431	20:14:42.629	9150		150.0
1432	20:14:42.659	9300		150.0
1433	20:14:42.674	9450		150.0
1434	20:14:42.689	9600		150.0
1435	20:14:42.704	9750		150.0
1436	20:14:42.719	9900		150.0
1437	20:14:42.734	10050		150.0
1438	20:14:42.749	10200		150.0
1439	20:14:42.764	10350		150.0
1440	20:14:42.779	10500		150.0
1441	20:14:42.794	10650		150.0
1442	20:14:42.824	10800		150.0
1443	20:14:42.839	10950		150.0
1444	20:14:42.854	11100		150.0
1445	20:14:42.869	11250		150.0
1446	20:14:42.899	11400		150.0
1447	20:14:42.914	11550		150.0
1448	20:14:42.929	11700		150.0
1449	20:14:42.944	11850		150.0
1450	20:14:42.959	12000		150.0
1451	20:14:42.974	12150		150.0
1452	20:14:42.989	12300		150.0
1453	20:14:43.004	12450		150.0
1454	20:14:43.018	12600		150.0
1455	20:14:43.046	12750		150.0
1456	20:14:43.064	12900		150.0
1457	20:14:43.079	13050		150.0
1458	20:14:43.094	13200		150.0
1459	20:14:43.109	13350		150.0
1460	20:14:43.122	13500		150.0
1461	20:14:43.139	13650		150.0
1462	20:14:43.154	13800		150.0
1463	20:14:43.169	13950		150.0
1464	20:14:43.184	14100		150.0
1465	20:14:43.214	14250		150.0
1466	20:14:43.229	14400		150.0
1467	20:14:43.244	14550		150.0
1468	20:14:43.259	14700		150.0
1469	20:14:43.274	14850		150.0
1470	20:14:43.289	15000		150.0
1471	20:14:43.304	15150		150.0
1472	20:14:43.319	15300		150.0
1473	20:14:43.334	15450		150.0
1474	20:14:43.362	15600		150.0
1475	20:14:43.379	15750		150.0
1476	20:14:43.394	15900		150.0
1477	20:14:43.409	16050		150.0
1478	20:14:43.424	16200		150.0
1479	20:14:43.438	16350		150.0
1480	20:14:43.454	16500		150.0
1481	20:14:43.469	16650		150.0
1482	20:14:43.484	16800		150.0
1483	20:14:43.512	16950		150.0
1484	20:14:43.528	17100		150.0
1485	20:14:43.544	17250		150.0
1486	20:14:43.559	17400		150.0
1487	20:14:43.574	17550		150.0
1488	20:14:43.604	17700		150.0
1489	20:14:43.619	17850		150.0
1490	20:14:43.632	18000		150.0
1491	20:14:43.649	18150		150.0
1492	20:14:43.664	18300		150.0
1493	20:14:43.679	18450		150.0
1494	20:14:43.709	18600		150.0
1495	20:14:43.724	18750		150.0
1496	20:14:43.738	18900		150.0
1497	20:14:43.754	19050		150.0
1498	20:14:43.769	19200		150.0
1499	20:14:43.784	19350		150.0
1500	20:14:43.799	19500		150.0
1501	20:14:43.814	19650		150.0
1502	20:14:43.829	19800		150.0
1503	20:14:43.844	19950		150.0
1504	20:14:43.859	0		50.0
