scan_time分析报告 - baseus-主板固定60Hz发送2.txt
==================================================

基本统计信息:
  总数据包数: 1475
  有效scan_time数: 1475
  最大scan_time值: 19950
  最小scan_time值: 0
  scan_time范围: 19950

递增规律分析:
  理论递增值: 150
  实际平均递增值: 149.25
  递增值标准差: 8.61
  最小递增值: 50
  最大递增值: 150

重置分析:
  检测到重置次数: 11
  重置点位置: [134, 268, 402, 536, 670, 804, 938, 1072, 1206, 1340]...
  平均重置间隔: 122.9 包/次

一致性评估:
  一致性评分: 0.104 (1.0为完美一致)
  评估结果: 较差 - scan_time递增不稳定

详细数据:
序号	时间戳		scan_time	递增值
--------------------------------------------------
1	20:13:00.252	0		N/A
2	20:13:00.282	150		150.0
3	20:13:00.298	300		150.0
4	20:13:00.313	450		150.0
5	20:13:00.328	600		150.0
6	20:13:00.343	750		150.0
7	20:13:00.358	900		150.0
8	20:13:00.373	1050		150.0
9	20:13:00.389	1200		150.0
10	20:13:00.404	1350		150.0
11	20:13:00.419	1500		150.0
12	20:13:00.434	1650		150.0
13	20:13:00.449	1800		150.0
14	20:13:00.464	1950		150.0
15	20:13:00.479	2100		150.0
16	20:13:00.494	2250		150.0
17	20:13:00.509	2400		150.0
18	20:13:00.538	2550		150.0
19	20:13:00.554	2700		150.0
20	20:13:00.569	2850		150.0
21	20:13:00.584	3000		150.0
22	20:13:00.599	3150		150.0
23	20:13:00.630	3300		150.0
24	20:13:00.645	3450		150.0
25	20:13:00.659	3600		150.0
26	20:13:00.674	3750		150.0
27	20:13:00.689	3900		150.0
28	20:13:00.704	4050		150.0
29	20:13:00.718	4200		150.0
30	20:13:00.733	4350		150.0
31	20:13:00.762	4500		150.0
32	20:13:00.778	4650		150.0
33	20:13:00.793	4800		150.0
34	20:13:00.808	4950		150.0
35	20:13:00.823	5100		150.0
36	20:13:00.838	5250		150.0
37	20:13:00.853	5400		150.0
38	20:13:00.868	5550		150.0
39	20:13:00.883	5700		150.0
40	20:13:00.912	5850		150.0
41	20:13:00.929	6000		150.0
42	20:13:00.944	6150		150.0
43	20:13:00.958	6300		150.0
44	20:13:00.973	6450		150.0
45	20:13:00.988	6600		150.0
46	20:13:01.003	6750		150.0
47	20:13:01.018	6900		150.0
48	20:13:01.033	7050		150.0
49	20:13:01.048	7200		150.0
50	20:13:01.077	7350		150.0
51	20:13:01.093	7500		150.0
52	20:13:01.108	7650		150.0
53	20:13:01.123	7800		150.0
54	20:13:01.138	7950		150.0
55	20:13:01.153	8100		150.0
56	20:13:01.168	8250		150.0
57	20:13:01.183	8400		150.0
58	20:13:01.198	8550		150.0
59	20:13:01.227	8700		150.0
60	20:13:01.243	8850		150.0
61	20:13:01.258	9000		150.0
62	20:13:01.273	9150		150.0
63	20:13:01.288	9300		150.0
64	20:13:01.303	9450		150.0
65	20:13:01.318	9600		150.0
66	20:13:01.333	9750		150.0
67	20:13:01.348	9900		150.0
68	20:13:01.377	10050		150.0
69	20:13:01.393	10200		150.0
70	20:13:01.408	10350		150.0
71	20:13:01.423	10500		150.0
72	20:13:01.438	10650		150.0
73	20:13:01.453	10800		150.0
74	20:13:01.468	10950		150.0
75	20:13:01.483	11100		150.0
76	20:13:01.499	11250		150.0
77	20:13:01.530	11400		150.0
78	20:13:01.543	11550		150.0
79	20:13:01.559	11700		150.0
80	20:13:01.574	11850		150.0
81	20:13:01.589	12000		150.0
82	20:13:01.604	12150		150.0
83	20:13:01.619	12300		150.0
84	20:13:01.634	12450		150.0
85	20:13:01.648	12600		150.0
86	20:13:01.663	12750		150.0
87	20:13:01.692	12900		150.0
88	20:13:01.708	13050		150.0
89	20:13:01.723	13200		150.0
90	20:13:01.738	13350		150.0
91	20:13:01.766	13500		150.0
92	20:13:01.783	13650		150.0
93	20:13:01.798	13800		150.0
94	20:13:01.813	13950		150.0
95	20:13:01.828	14100		150.0
96	20:13:01.843	14250		150.0
97	20:13:01.858	14400		150.0
98	20:13:01.873	14550		150.0
99	20:13:01.888	14700		150.0
100	20:13:01.917	14850		150.0
101	20:13:01.933	15000		150.0
102	20:13:01.948	15150		150.0
103	20:13:01.963	15300		150.0
104	20:13:01.978	15450		150.0
105	20:13:01.993	15600		150.0
106	20:13:02.008	15750		150.0
107	20:13:02.023	15900		150.0
108	20:13:02.038	16050		150.0
109	20:13:02.053	16200		150.0
110	20:13:02.082	16350		150.0
111	20:13:02.098	16500		150.0
112	20:13:02.113	16650		150.0
113	20:13:02.128	16800		150.0
114	20:13:02.143	16950		150.0
115	20:13:02.158	17100		150.0
116	20:13:02.173	17250		150.0
117	20:13:02.188	17400		150.0
118	20:13:02.203	17550		150.0
119	20:13:02.232	17700		150.0
120	20:13:02.249	17850		150.0
121	20:13:02.263	18000		150.0
122	20:13:02.278	18150		150.0
123	20:13:02.307	18300		150.0
124	20:13:02.323	18450		150.0
125	20:13:02.338	18600		150.0
126	20:13:02.353	18750		150.0
127	20:13:02.368	18900		150.0
128	20:13:02.383	19050		150.0
129	20:13:02.398	19200		150.0
130	20:13:02.413	19350		150.0
131	20:13:02.428	19500		150.0
132	20:13:02.457	19650		150.0
133	20:13:02.473	19800		150.0
134	20:13:02.489	19950		150.0
135	20:13:02.504	0		50.0
136	20:13:02.532	150		150.0
137	20:13:02.549	300		150.0
138	20:13:02.564	450		150.0
139	20:13:02.579	600		150.0
140	20:13:02.594	750		150.0
141	20:13:02.609	900		150.0
142	20:13:02.624	1050		150.0
143	20:13:02.639	1200		150.0
144	20:13:02.654	1350		150.0
145	20:13:02.668	1500		150.0
146	20:13:02.684	1650		150.0
147	20:13:02.713	1800		150.0
148	20:13:02.730	1950		150.0
149	20:13:02.745	2100		150.0
150	20:13:02.759	2250		150.0
151	20:13:02.774	2400		150.0
152	20:13:02.789	2550		150.0
153	20:13:02.804	2700		150.0
154	20:13:02.819	2850		150.0
155	20:13:02.847	3000		150.0
156	20:13:02.864	3150		150.0
157	20:13:02.879	3300		150.0
158	20:13:02.894	3450		150.0
159	20:13:02.909	3600		150.0
160	20:13:02.924	3750		150.0
161	20:13:02.939	3900		150.0
162	20:13:02.954	4050		150.0
163	20:13:02.969	4200		150.0
164	20:13:02.999	4350		150.0
165	20:13:03.015	4500		150.0
166	20:13:03.030	4650		150.0
167	20:13:03.045	4800		150.0
168	20:13:03.059	4950		150.0
169	20:13:03.074	5100		150.0
170	20:13:03.089	5250		150.0
171	20:13:03.104	5400		150.0
172	20:13:03.119	5550		150.0
173	20:13:03.134	5700		150.0
174	20:13:03.164	5850		150.0
175	20:13:03.178	6000		150.0
176	20:13:03.193	6150		150.0
177	20:13:03.208	6300		150.0
178	20:13:03.237	6450		150.0
179	20:13:03.253	6600		150.0
180	20:13:03.268	6750		150.0
181	20:13:03.283	6900		150.0
182	20:13:03.298	7050		150.0
183	20:13:03.313	7200		150.0
184	20:13:03.328	7350		150.0
185	20:13:03.343	7500		150.0
186	20:13:03.358	7650		150.0
187	20:13:03.386	7800		150.0
188	20:13:03.404	7950		150.0
189	20:13:03.419	8100		150.0
190	20:13:03.434	8250		150.0
191	20:13:03.449	8400		150.0
192	20:13:03.464	8550		150.0
193	20:13:03.479	8700		150.0
194	20:13:03.494	8850		150.0
195	20:13:03.509	9000		150.0
196	20:13:03.524	9150		150.0
197	20:13:03.554	9300		150.0
198	20:13:03.569	9450		150.0
199	20:13:03.584	9600		150.0
200	20:13:03.599	9750		150.0
201	20:13:03.615	9900		150.0
202	20:13:03.630	10050		150.0
203	20:13:03.645	10200		150.0
204	20:13:03.659	10350		150.0
205	20:13:03.674	10500		150.0
206	20:13:03.704	10650		150.0
207	20:13:03.719	10800		150.0
208	20:13:03.734	10950		150.0
209	20:13:03.749	11100		150.0
210	20:13:03.764	11250		150.0
211	20:13:03.779	11400		150.0
212	20:13:03.793	11550		150.0
213	20:13:03.809	11700		150.0
214	20:13:03.824	11850		150.0
215	20:13:03.852	12000		150.0
216	20:13:03.869	12150		150.0
217	20:13:03.884	12300		150.0
218	20:13:03.899	12450		150.0
219	20:13:03.915	12600		150.0
220	20:13:03.930	12750		150.0
221	20:13:03.945	12900		150.0
222	20:13:03.959	13050		150.0
223	20:13:03.974	13200		150.0
224	20:13:04.004	13350		150.0
225	20:13:04.019	13500		150.0
226	20:13:04.034	13650		150.0
227	20:13:04.049	13800		150.0
228	20:13:04.064	13950		150.0
229	20:13:04.079	14100		150.0
230	20:13:04.093	14250		150.0
231	20:13:04.109	14400		150.0
232	20:13:04.124	14550		150.0
233	20:13:04.139	14700		150.0
234	20:13:04.169	14850		150.0
235	20:13:04.184	15000		150.0
236	20:13:04.198	15150		150.0
237	20:13:04.213	15300		150.0
238	20:13:04.242	15450		150.0
239	20:13:04.272	15600		150.0
240	20:13:04.289	15750		150.0
241	20:13:04.303	15900		150.0
242	20:13:04.319	16050		150.0
243	20:13:04.334	16200		150.0
244	20:13:04.349	16350		150.0
245	20:13:04.364	16500		150.0
246	20:13:04.379	16650		150.0
247	20:13:04.394	16800		150.0
248	20:13:04.408	16950		150.0
249	20:13:04.424	17100		150.0
250	20:13:04.439	17250		150.0
251	20:13:04.454	17400		150.0
252	20:13:04.469	17550		150.0
253	20:13:04.484	17700		150.0
254	20:13:04.499	17850		150.0
255	20:13:04.514	18000		150.0
256	20:13:04.530	18150		150.0
257	20:13:04.559	18300		150.0
258	20:13:04.574	18450		150.0
259	20:13:04.589	18600		150.0
260	20:13:04.604	18750		150.0
261	20:13:04.619	18900		150.0
262	20:13:04.634	19050		150.0
263	20:13:04.649	19200		150.0
264	20:13:04.664	19350		150.0
265	20:13:04.679	19500		150.0
266	20:13:04.709	19650		150.0
267	20:13:04.724	19800		150.0
268	20:13:04.739	19950		150.0
269	20:13:04.754	0		50.0
270	20:13:04.769	150		150.0
271	20:13:04.784	300		150.0
272	20:13:04.799	450		150.0
273	20:13:04.815	600		150.0
274	20:13:04.830	750		150.0
275	20:13:04.859	900		150.0
276	20:13:04.874	1050		150.0
277	20:13:04.889	1200		150.0
278	20:13:04.904	1350		150.0
279	20:13:04.919	1500		150.0
280	20:13:04.934	1650		150.0
281	20:13:04.949	1800		150.0
282	20:13:04.964	1950		150.0
283	20:13:04.979	2100		150.0
284	20:13:04.994	2250		150.0
285	20:13:05.023	2400		150.0
286	20:13:05.039	2550		150.0
287	20:13:05.054	2700		150.0
288	20:13:05.069	2850		150.0
289	20:13:05.084	3000		150.0
290	20:13:05.099	3150		150.0
291	20:13:05.115	3300		150.0
292	20:13:05.130	3450		150.0
293	20:13:05.145	3600		150.0
294	20:13:05.174	3750		150.0
295	20:13:05.189	3900		150.0
296	20:13:05.204	4050		150.0
297	20:13:05.219	4200		150.0
298	20:13:05.249	4350		150.0
299	20:13:05.264	4500		150.0
300	20:13:05.279	4650		150.0
301	20:13:05.294	4800		150.0
302	20:13:05.309	4950		150.0
303	20:13:05.324	5100		150.0
304	20:13:05.339	5250		150.0
305	20:13:05.354	5400		150.0
306	20:13:05.369	5550		150.0
307	20:13:05.399	5700		150.0
308	20:13:05.415	5850		150.0
309	20:13:05.429	6000		150.0
310	20:13:05.445	6150		150.0
311	20:13:05.459	6300		150.0
312	20:13:05.474	6450		150.0
313	20:13:05.489	6600		150.0
314	20:13:05.504	6750		150.0
315	20:13:05.519	6900		150.0
316	20:13:05.534	7050		150.0
317	20:13:05.562	7200		150.0
318	20:13:05.578	7350		150.0
319	20:13:05.593	7500		150.0
320	20:13:05.608	7650		150.0
321	20:13:05.623	7800		150.0
322	20:13:05.638	7950		150.0
323	20:13:05.653	8100		150.0
324	20:13:05.668	8250		150.0
325	20:13:05.683	8400		150.0
326	20:13:05.712	8550		150.0
327	20:13:05.728	8700		150.0
328	20:13:05.743	8850		150.0
329	20:13:05.758	9000		150.0
330	20:13:05.773	9150		150.0
331	20:13:05.788	9300		150.0
332	20:13:05.804	9450		150.0
333	20:13:05.819	9600		150.0
334	20:13:05.834	9750		150.0
335	20:13:05.863	9900		150.0
336	20:13:05.879	10050		150.0
337	20:13:05.894	10200		150.0
338	20:13:05.909	10350		150.0
339	20:13:05.924	10500		150.0
340	20:13:05.939	10650		150.0
341	20:13:05.954	10800		150.0
342	20:13:05.968	10950		150.0
343	20:13:05.983	11100		150.0
344	20:13:05.998	11250		150.0
345	20:13:06.027	11400		150.0
346	20:13:06.043	11550		150.0
347	20:13:06.058	11700		150.0
348	20:13:06.073	11850		150.0
349	20:13:06.088	12000		150.0
350	20:13:06.103	12150		150.0
351	20:13:06.118	12300		150.0
352	20:13:06.133	12450		150.0
353	20:13:06.148	12600		150.0
354	20:13:06.177	12750		150.0
355	20:13:06.194	12900		150.0
356	20:13:06.209	13050		150.0
357	20:13:06.224	13200		150.0
358	20:13:06.239	13350		150.0
359	20:13:06.253	13500		150.0
360	20:13:06.268	13650		150.0
361	20:13:06.283	13800		150.0
362	20:13:06.298	13950		150.0
363	20:13:06.327	14100		150.0
364	20:13:06.343	14250		150.0
365	20:13:06.358	14400		150.0
366	20:13:06.373	14550		150.0
367	20:13:06.388	14700		150.0
368	20:13:06.403	14850		150.0
369	20:13:06.418	15000		150.0
370	20:13:06.433	15150		150.0
371	20:13:06.448	15300		150.0
372	20:13:06.477	15450		150.0
373	20:13:06.494	15600		150.0
374	20:13:06.509	15750		150.0
375	20:13:06.524	15900		150.0
376	20:13:06.539	16050		150.0
377	20:13:06.554	16200		150.0
378	20:13:06.569	16350		150.0
379	20:13:06.584	16500		150.0
380	20:13:06.599	16650		150.0
381	20:13:06.630	16800		150.0
382	20:13:06.645	16950		150.0
383	20:13:06.658	17100		150.0
384	20:13:06.674	17250		150.0
385	20:13:06.689	17400		150.0
386	20:13:06.719	17550		150.0
387	20:13:06.734	17700		150.0
388	20:13:06.749	17850		150.0
389	20:13:06.763	18000		150.0
390	20:13:06.779	18150		150.0
391	20:13:06.794	18300		150.0
392	20:13:06.809	18450		150.0
393	20:13:06.824	18600		150.0
394	20:13:06.839	18750		150.0
395	20:13:06.868	18900		150.0
396	20:13:06.884	19050		150.0
397	20:13:06.899	19200		150.0
398	20:13:06.916	19350		150.0
399	20:13:06.930	19500		150.0
400	20:13:06.945	19650		150.0
401	20:13:06.959	19800		150.0
402	20:13:06.974	19950		150.0
403	20:13:06.989	0		50.0
404	20:13:07.004	150		150.0
405	20:13:07.034	300		150.0
406	20:13:07.049	450		150.0
407	20:13:07.064	600		150.0
408	20:13:07.079	750		150.0
409	20:13:07.094	900		150.0
410	20:13:07.124	1050		150.0
411	20:13:07.139	1200		150.0
412	20:13:07.154	1350		150.0
413	20:13:07.169	1500		150.0
414	20:13:07.184	1650		150.0
415	20:13:07.198	1800		150.0
416	20:13:07.214	1950		150.0
417	20:13:07.230	2100		150.0
418	20:13:07.259	2250		150.0
419	20:13:07.274	2400		150.0
420	20:13:07.289	2550		150.0
421	20:13:07.304	2700		150.0
422	20:13:07.319	2850		150.0
423	20:13:07.334	3000		150.0
424	20:13:07.349	3150		150.0
425	20:13:07.364	3300		150.0
426	20:13:07.378	3450		150.0
427	20:13:07.407	3600		150.0
428	20:13:07.424	3750		150.0
429	20:13:07.439	3900		150.0
430	20:13:07.454	4050		150.0
431	20:13:07.469	4200		150.0
432	20:13:07.483	4350		150.0
433	20:13:07.499	4500		150.0
434	20:13:07.515	4650		150.0
435	20:13:07.530	4800		150.0
436	20:13:07.545	4950		150.0
437	20:13:07.574	5100		150.0
438	20:13:07.589	5250		150.0
439	20:13:07.604	5400		150.0
440	20:13:07.619	5550		150.0
441	20:13:07.648	5700		150.0
442	20:13:07.664	5850		150.0
443	20:13:07.679	6000		150.0
444	20:13:07.694	6150		150.0
445	20:13:07.709	6300		150.0
446	20:13:07.724	6450		150.0
447	20:13:07.739	6600		150.0
448	20:13:07.754	6750		150.0
449	20:13:07.769	6900		150.0
450	20:13:07.799	7050		150.0
451	20:13:07.815	7200		150.0
452	20:13:07.830	7350		150.0
453	20:13:07.845	7500		150.0
454	20:13:07.859	7650		150.0
455	20:13:07.874	7800		150.0
456	20:13:07.888	7950		150.0
457	20:13:07.903	8100		150.0
458	20:13:07.918	8250		150.0
459	20:13:07.934	8400		150.0
460	20:13:07.962	8550		150.0
461	20:13:07.978	8700		150.0
462	20:13:07.993	8850		150.0
463	20:13:08.008	9000		150.0
464	20:13:08.023	9150		150.0
465	20:13:08.038	9300		150.0
466	20:13:08.053	9450		150.0
467	20:13:08.068	9600		150.0
468	20:13:08.083	9750		150.0
469	20:13:08.112	9900		150.0
470	20:13:08.129	10050		150.0
471	20:13:08.143	10200		150.0
472	20:13:08.158	10350		150.0
473	20:13:08.173	10500		150.0
474	20:13:08.189	10650		150.0
475	20:13:08.204	10800		150.0
476	20:13:08.219	10950		150.0
477	20:13:08.234	11100		150.0
478	20:13:08.264	11250		150.0
479	20:13:08.279	11400		150.0
480	20:13:08.294	11550		150.0
481	20:13:08.308	11700		150.0
482	20:13:08.323	11850		150.0
483	20:13:08.338	12000		150.0
484	20:13:08.353	12150		150.0
485	20:13:08.368	12300		150.0
486	20:13:08.383	12450		150.0
487	20:13:08.412	12600		150.0
488	20:13:08.428	12750		150.0
489	20:13:08.443	12900		150.0
490	20:13:08.458	13050		150.0
491	20:13:08.473	13200		150.0
492	20:13:08.488	13350		150.0
493	20:13:08.503	13500		150.0
494	20:13:08.518	13650		150.0
495	20:13:08.534	13800		150.0
496	20:13:08.549	13950		150.0
497	20:13:08.578	14100		150.0
498	20:13:08.594	14250		150.0
499	20:13:08.608	14400		150.0
500	20:13:08.624	14550		150.0
501	20:13:08.639	14700		150.0
502	20:13:08.654	14850		150.0
503	20:13:08.669	15000		150.0
504	20:13:08.684	15150		150.0
505	20:13:08.699	15300		150.0
506	20:13:08.728	15450		150.0
507	20:13:08.743	15600		150.0
508	20:13:08.758	15750		150.0
509	20:13:08.773	15900		150.0
510	20:13:08.788	16050		150.0
511	20:13:08.803	16200		150.0
512	20:13:08.818	16350		150.0
513	20:13:08.833	16500		150.0
514	20:13:08.848	16650		150.0
515	20:13:08.877	16800		150.0
516	20:13:08.893	16950		150.0
517	20:13:08.908	17100		150.0
518	20:13:08.923	17250		150.0
519	20:13:08.939	17400		150.0
520	20:13:08.954	17550		150.0
521	20:13:08.969	17700		150.0
522	20:13:08.984	17850		150.0
523	20:13:08.999	18000		150.0
524	20:13:09.014	18150		150.0
525	20:13:09.043	18300		150.0
526	20:13:09.059	18450		150.0
527	20:13:09.074	18600		150.0
528	20:13:09.089	18750		150.0
529	20:13:09.103	18900		150.0
530	20:13:09.132	19050		150.0
531	20:13:09.148	19200		150.0
532	20:13:09.164	19350		150.0
533	20:13:09.194	19500		150.0
534	20:13:09.209	19650		150.0
535	20:13:09.223	19800		150.0
536	20:13:09.239	19950		150.0
537	20:13:09.254	0		50.0
538	20:13:09.269	150		150.0
539	20:13:09.284	300		150.0
540	20:13:09.299	450		150.0
541	20:13:09.315	600		150.0
542	20:13:09.330	750		150.0
543	20:13:09.345	900		150.0
544	20:13:09.359	1050		150.0
545	20:13:09.374	1200		150.0
546	20:13:09.389	1350		150.0
547	20:13:09.419	1500		150.0
548	20:13:09.434	1650		150.0
549	20:13:09.449	1800		150.0
550	20:13:09.464	1950		150.0
551	20:13:09.479	2100		150.0
552	20:13:09.494	2250		150.0
553	20:13:09.509	2400		150.0
554	20:13:09.524	2550		150.0
555	20:13:09.539	2700		150.0
556	20:13:09.554	2850		150.0
557	20:13:09.584	3000		150.0
558	20:13:09.599	3150		150.0
559	20:13:09.615	3300		150.0
560	20:13:09.629	3450		150.0
561	20:13:09.645	3600		150.0
562	20:13:09.674	3750		150.0
563	20:13:09.689	3900		150.0
564	20:13:09.704	4050		150.0
565	20:13:09.719	4200		150.0
566	20:13:09.733	4350		150.0
567	20:13:09.749	4500		150.0
568	20:13:09.764	4650		150.0
569	20:13:09.779	4800		150.0
570	20:13:09.809	4950		150.0
571	20:13:09.824	5100		150.0
572	20:13:09.838	5250		150.0
573	20:13:09.854	5400		150.0
574	20:13:09.869	5550		150.0
575	20:13:09.884	5700		150.0
576	20:13:09.899	5850		150.0
577	20:13:09.915	6000		150.0
578	20:13:09.931	6150		150.0
579	20:13:09.959	6300		150.0
580	20:13:09.974	6450		150.0
581	20:13:09.989	6600		150.0
582	20:13:10.004	6750		150.0
583	20:13:10.019	6900		150.0
584	20:13:10.034	7050		150.0
585	20:13:10.049	7200		150.0
586	20:13:10.064	7350		150.0
587	20:13:10.079	7500		150.0
588	20:13:10.094	7650		150.0
589	20:13:10.122	7800		150.0
590	20:13:10.138	7950		150.0
591	20:13:10.153	8100		150.0
592	20:13:10.168	8250		150.0
593	20:13:10.183	8400		150.0
594	20:13:10.198	8550		150.0
595	20:13:10.213	8700		150.0
596	20:13:10.228	8850		150.0
597	20:13:10.243	9000		150.0
598	20:13:10.272	9150		150.0
599	20:13:10.288	9300		150.0
600	20:13:10.303	9450		150.0
601	20:13:10.318	9600		150.0
602	20:13:10.333	9750		150.0
603	20:13:10.348	9900		150.0
604	20:13:10.363	10050		150.0
605	20:13:10.378	10200		150.0
606	20:13:10.393	10350		150.0
607	20:13:10.421	10500		150.0
608	20:13:10.438	10650		150.0
609	20:13:10.453	10800		150.0
610	20:13:10.468	10950		150.0
611	20:13:10.483	11100		150.0
612	20:13:10.498	11250		150.0
613	20:13:10.513	11400		150.0
614	20:13:10.530	11550		150.0
615	20:13:10.545	11700		150.0
616	20:13:10.574	11850		150.0
617	20:13:10.589	12000		150.0
618	20:13:10.604	12150		150.0
619	20:13:10.619	12300		150.0
620	20:13:10.634	12450		150.0
621	20:13:10.649	12600		150.0
622	20:13:10.664	12750		150.0
623	20:13:10.679	12900		150.0
624	20:13:10.694	13050		150.0
625	20:13:10.709	13200		150.0
626	20:13:10.739	13350		150.0
627	20:13:10.754	13500		150.0
628	20:13:10.769	13650		150.0
629	20:13:10.784	13800		150.0
630	20:13:10.815	13950		150.0
631	20:13:10.830	14100		150.0
632	20:13:10.844	14250		150.0
633	20:13:10.858	14400		150.0
634	20:13:10.874	14550		150.0
635	20:13:10.889	14700		150.0
636	20:13:10.904	14850		150.0
637	20:13:10.919	15000		150.0
638	20:13:10.934	15150		150.0
639	20:13:10.963	15300		150.0
640	20:13:10.979	15450		150.0
641	20:13:10.994	15600		150.0
642	20:13:11.009	15750		150.0
643	20:13:11.024	15900		150.0
644	20:13:11.039	16050		150.0
645	20:13:11.054	16200		150.0
646	20:13:11.069	16350		150.0
647	20:13:11.084	16500		150.0
648	20:13:11.115	16650		150.0
649	20:13:11.130	16800		150.0
650	20:13:11.145	16950		150.0
651	20:13:11.159	17100		150.0
652	20:13:11.174	17250		150.0
653	20:13:11.189	17400		150.0
654	20:13:11.204	17550		150.0
655	20:13:11.219	17700		150.0
656	20:13:11.234	17850		150.0
657	20:13:11.249	18000		150.0
658	20:13:11.278	18150		150.0
659	20:13:11.294	18300		150.0
660	20:13:11.309	18450		150.0
661	20:13:11.324	18600		150.0
662	20:13:11.352	18750		150.0
663	20:13:11.368	18900		150.0
664	20:13:11.384	19050		150.0
665	20:13:11.399	19200		150.0
666	20:13:11.415	19350		150.0
667	20:13:11.430	19500		150.0
668	20:13:11.445	19650		150.0
669	20:13:11.459	19800		150.0
670	20:13:11.473	19950		150.0
671	20:13:11.502	0		50.0
672	20:13:11.519	150		150.0
673	20:13:11.534	300		150.0
674	20:13:11.549	450		150.0
675	20:13:11.564	600		150.0
676	20:13:11.579	750		150.0
677	20:13:11.594	900		150.0
678	20:13:11.609	1050		150.0
679	20:13:11.624	1200		150.0
680	20:13:11.639	1350		150.0
681	20:13:11.669	1500		150.0
682	20:13:11.684	1650		150.0
683	20:13:11.699	1800		150.0
684	20:13:11.715	1950		150.0
685	20:13:11.730	2100		150.0
686	20:13:11.745	2250		150.0
687	20:13:11.759	2400		150.0
688	20:13:11.789	2550		150.0
689	20:13:11.804	2700		150.0
690	20:13:11.819	2850		150.0
691	20:13:11.834	3000		150.0
692	20:13:11.849	3150		150.0
693	20:13:11.864	3300		150.0
694	20:13:11.894	3450		150.0
695	20:13:11.909	3600		150.0
696	20:13:11.924	3750		150.0
697	20:13:11.939	3900		150.0
698	20:13:11.954	4050		150.0
699	20:13:11.968	4200		150.0
700	20:13:11.983	4350		150.0
701	20:13:11.998	4500		150.0
702	20:13:12.014	4650		150.0
703	20:13:12.042	4800		150.0
704	20:13:12.058	4950		150.0
705	20:13:12.073	5100		150.0
706	20:13:12.088	5250		150.0
707	20:13:12.103	5400		150.0
708	20:13:12.118	5550		150.0
709	20:13:12.133	5700		150.0
710	20:13:12.148	5850		150.0
711	20:13:12.163	6000		150.0
712	20:13:12.178	6150		150.0
713	20:13:12.207	6300		150.0
714	20:13:12.224	6450		150.0
715	20:13:12.239	6600		150.0
716	20:13:12.254	6750		150.0
717	20:13:12.269	6900		150.0
718	20:13:12.284	7050		150.0
719	20:13:12.298	7200		150.0
720	20:13:12.313	7350		150.0
721	20:13:12.328	7500		150.0
722	20:13:12.357	7650		150.0
723	20:13:12.373	7800		150.0
724	20:13:12.388	7950		150.0
725	20:13:12.403	8100		150.0
726	20:13:12.432	8250		150.0
727	20:13:12.448	8400		150.0
728	20:13:12.463	8550		150.0
729	20:13:12.478	8700		150.0
730	20:13:12.493	8850		150.0
731	20:13:12.508	9000		150.0
732	20:13:12.524	9150		150.0
733	20:13:12.539	9300		150.0
734	20:13:12.568	9450		150.0
735	20:13:12.584	9600		150.0
736	20:13:12.599	9750		150.0
737	20:13:12.615	9900		150.0
738	20:13:12.630	10050		150.0
739	20:13:12.646	10200		150.0
740	20:13:12.659	10350		150.0
741	20:13:12.674	10500		150.0
742	20:13:12.689	10650		150.0
743	20:13:12.703	10800		150.0
744	20:13:12.719	10950		150.0
745	20:13:12.747	11100		150.0
746	20:13:12.764	11250		150.0
747	20:13:12.779	11400		150.0
748	20:13:12.794	11550		150.0
749	20:13:12.809	11700		150.0
750	20:13:12.824	11850		150.0
751	20:13:12.839	12000		150.0
752	20:13:12.854	12150		150.0
753	20:13:12.869	12300		150.0
754	20:13:12.899	12450		150.0
755	20:13:12.915	12600		150.0
756	20:13:12.930	12750		150.0
757	20:13:12.945	12900		150.0
758	20:13:12.959	13050		150.0
759	20:13:12.974	13200		150.0
760	20:13:12.989	13350		150.0
761	20:13:13.004	13500		150.0
762	20:13:13.019	13650		150.0
763	20:13:13.049	13800		150.0
764	20:13:13.064	13950		150.0
765	20:13:13.079	14100		150.0
766	20:13:13.094	14250		150.0
767	20:13:13.109	14400		150.0
768	20:13:13.124	14550		150.0
769	20:13:13.139	14700		150.0
770	20:13:13.154	14850		150.0
771	20:13:13.169	15000		150.0
772	20:13:13.199	15150		150.0
773	20:13:13.213	15300		150.0
774	20:13:13.230	15450		150.0
775	20:13:13.245	15600		150.0
776	20:13:13.259	15750		150.0
777	20:13:13.287	15900		150.0
778	20:13:13.304	16050		150.0
779	20:13:13.318	16200		150.0
780	20:13:13.334	16350		150.0
781	20:13:13.349	16500		150.0
782	20:13:13.364	16650		150.0
783	20:13:13.379	16800		150.0
784	20:13:13.394	16950		150.0
785	20:13:13.409	17100		150.0
786	20:13:13.439	17250		150.0
787	20:13:13.454	17400		150.0
788	20:13:13.469	17550		150.0
789	20:13:13.484	17700		150.0
790	20:13:13.499	17850		150.0
791	20:13:13.515	18000		150.0
792	20:13:13.530	18150		150.0
793	20:13:13.545	18300		150.0
794	20:13:13.559	18450		150.0
795	20:13:13.589	18600		150.0
796	20:13:13.604	18750		150.0
797	20:13:13.619	18900		150.0
798	20:13:13.634	19050		150.0
799	20:13:13.649	19200		150.0
800	20:13:13.664	19350		150.0
801	20:13:13.679	19500		150.0
802	20:13:13.694	19650		150.0
803	20:13:13.709	19800		150.0
804	20:13:13.723	19950		150.0
805	20:13:13.752	0		50.0
806	20:13:13.769	150		150.0
807	20:13:13.784	300		150.0
808	20:13:13.799	450		150.0
809	20:13:13.815	600		150.0
810	20:13:13.828	750		150.0
811	20:13:13.845	900		150.0
812	20:13:13.859	1050		150.0
813	20:13:13.874	1200		150.0
814	20:13:13.917	1350		150.0
815	20:13:13.933	1500		150.0
816	20:13:13.949	1650		150.0
817	20:13:13.963	1800		150.0
818	20:13:13.978	1950		150.0
819	20:13:13.993	2100		150.0
820	20:13:14.008	2250		150.0
821	20:13:14.023	2400		150.0
822	20:13:14.038	2550		150.0
823	20:13:14.053	2700		150.0
824	20:13:14.068	2850		150.0
825	20:13:14.083	3000		150.0
826	20:13:14.098	3150		150.0
827	20:13:14.113	3300		150.0
828	20:13:14.128	3450		150.0
829	20:13:14.143	3600		150.0
830	20:13:14.158	3750		150.0
831	20:13:14.173	3900		150.0
832	20:13:14.202	4050		150.0
833	20:13:14.219	4200		150.0
834	20:13:14.233	4350		150.0
835	20:13:14.248	4500		150.0
836	20:13:14.263	4650		150.0
837	20:13:14.278	4800		150.0
838	20:13:14.293	4950		150.0
839	20:13:14.308	5100		150.0
840	20:13:14.323	5250		150.0
841	20:13:14.338	5400		150.0
842	20:13:14.367	5550		150.0
843	20:13:14.383	5700		150.0
844	20:13:14.398	5850		150.0
845	20:13:14.413	6000		150.0
846	20:13:14.443	6150		150.0
847	20:13:14.458	6300		150.0
848	20:13:14.473	6450		150.0
849	20:13:14.488	6600		150.0
850	20:13:14.503	6750		150.0
851	20:13:14.518	6900		150.0
852	20:13:14.533	7050		150.0
853	20:13:14.548	7200		150.0
854	20:13:14.563	7350		150.0
855	20:13:14.592	7500		150.0
856	20:13:14.608	7650		150.0
857	20:13:14.623	7800		150.0
858	20:13:14.638	7950		150.0
859	20:13:14.653	8100		150.0
860	20:13:14.668	8250		150.0
861	20:13:14.683	8400		150.0
862	20:13:14.698	8550		150.0
863	20:13:14.713	8700		150.0
864	20:13:14.743	8850		150.0
865	20:13:14.758	9000		150.0
866	20:13:14.773	9150		150.0
867	20:13:14.788	9300		150.0
868	20:13:14.803	9450		150.0
869	20:13:14.818	9600		150.0
870	20:13:14.833	9750		150.0
871	20:13:14.848	9900		150.0
872	20:13:14.863	10050		150.0
873	20:13:14.878	10200		150.0
874	20:13:14.906	10350		150.0
875	20:13:14.923	10500		150.0
876	20:13:14.938	10650		150.0
877	20:13:14.953	10800		150.0
878	20:13:14.969	10950		150.0
879	20:13:14.999	11100		150.0
880	20:13:15.015	11250		150.0
881	20:13:15.030	11400		150.0
882	20:13:15.045	11550		150.0
883	20:13:15.058	11700		150.0
884	20:13:15.073	11850		150.0
885	20:13:15.088	12000		150.0
886	20:13:15.103	12150		150.0
887	20:13:15.132	12300		150.0
888	20:13:15.148	12450		150.0
889	20:13:15.163	12600		150.0
890	20:13:15.178	12750		150.0
891	20:13:15.193	12900		150.0
892	20:13:15.208	13050		150.0
893	20:13:15.223	13200		150.0
894	20:13:15.238	13350		150.0
895	20:13:15.253	13500		150.0
896	20:13:15.282	13650		150.0
897	20:13:15.299	13800		150.0
898	20:13:15.315	13950		150.0
899	20:13:15.330	14100		150.0
900	20:13:15.345	14250		150.0
901	20:13:15.359	14400		150.0
902	20:13:15.374	14550		150.0
903	20:13:15.389	14700		150.0
904	20:13:15.404	14850		150.0
905	20:13:15.419	15000		150.0
906	20:13:15.449	15150		150.0
907	20:13:15.464	15300		150.0
908	20:13:15.479	15450		150.0
909	20:13:15.494	15600		150.0
910	20:13:15.509	15750		150.0
911	20:13:15.539	15900		150.0
912	20:13:15.554	16050		150.0
913	20:13:15.568	16200		150.0
914	20:13:15.584	16350		150.0
915	20:13:15.599	16500		150.0
916	20:13:15.615	16650		150.0
917	20:13:15.630	16800		150.0
918	20:13:15.645	16950		150.0
919	20:13:15.673	17100		150.0
920	20:13:15.689	17250		150.0
921	20:13:15.704	17400		150.0
922	20:13:15.719	17550		150.0
923	20:13:15.734	17700		150.0
924	20:13:15.749	17850		150.0
925	20:13:15.764	18000		150.0
926	20:13:15.779	18150		150.0
927	20:13:15.794	18300		150.0
928	20:13:15.822	18450		150.0
929	20:13:15.839	18600		150.0
930	20:13:15.854	18750		150.0
931	20:13:15.869	18900		150.0
932	20:13:15.883	19050		150.0
933	20:13:15.898	19200		150.0
934	20:13:15.912	19350		150.0
935	20:13:15.930	19500		150.0
936	20:13:15.945	19650		150.0
937	20:13:15.960	19800		150.0
938	20:13:15.989	19950		150.0
939	20:13:16.004	0		50.0
940	20:13:16.019	150		150.0
941	20:13:16.034	300		150.0
942	20:13:16.049	450		150.0
943	20:13:16.079	600		150.0
944	20:13:16.094	750		150.0
945	20:13:16.109	900		150.0
946	20:13:16.124	1050		150.0
947	20:13:16.139	1200		150.0
948	20:13:16.154	1350		150.0
949	20:13:16.169	1500		150.0
950	20:13:16.183	1650		150.0
951	20:13:16.212	1800		150.0
952	20:13:16.230	1950		150.0
953	20:13:16.245	2100		150.0
954	20:13:16.260	2250		150.0
955	20:13:16.274	2400		150.0
956	20:13:16.288	2550		150.0
957	20:13:16.304	2700		150.0
958	20:13:16.319	2850		150.0
959	20:13:16.334	3000		150.0
960	20:13:16.364	3150		150.0
961	20:13:16.379	3300		150.0
962	20:13:16.393	3450		150.0
963	20:13:16.409	3600		150.0
964	20:13:16.424	3750		150.0
965	20:13:16.439	3900		150.0
966	20:13:16.454	4050		150.0
967	20:13:16.469	4200		150.0
968	20:13:16.484	4350		150.0
969	20:13:16.499	4500		150.0
970	20:13:16.530	4650		150.0
971	20:13:16.545	4800		150.0
972	20:13:16.560	4950		150.0
973	20:13:16.574	5100		150.0
974	20:13:16.589	5250		150.0
975	20:13:16.617	5400		150.0
976	20:13:16.634	5550		150.0
977	20:13:16.649	5700		150.0
978	20:13:16.664	5850		150.0
979	20:13:16.679	6000		150.0
980	20:13:16.693	6150		150.0
981	20:13:16.709	6300		150.0
982	20:13:16.724	6450		150.0
983	20:13:16.754	6600		150.0
984	20:13:16.769	6750		150.0
985	20:13:16.784	6900		150.0
986	20:13:16.798	7050		150.0
987	20:13:16.814	7200		150.0
988	20:13:16.830	7350		150.0
989	20:13:16.845	7500		150.0
990	20:13:16.859	7650		150.0
991	20:13:16.874	7800		150.0
992	20:13:16.903	7950		150.0
993	20:13:16.919	8100		150.0
994	20:13:16.934	8250		150.0
995	20:13:16.949	8400		150.0
996	20:13:16.963	8550		150.0
997	20:13:16.978	8700		150.0
998	20:13:16.993	8850		150.0
999	20:13:17.008	9000		150.0
1000	20:13:17.023	9150		150.0
1001	20:13:17.038	9300		150.0
1002	20:13:17.067	9450		150.0
1003	20:13:17.083	9600		150.0
1004	20:13:17.098	9750		150.0
1005	20:13:17.113	9900		150.0
1006	20:13:17.128	10050		150.0
1007	20:13:17.143	10200		150.0
1008	20:13:17.158	10350		150.0
1009	20:13:17.173	10500		150.0
1010	20:13:17.189	10650		150.0
1011	20:13:17.218	10800		150.0
1012	20:13:17.233	10950		150.0
1013	20:13:17.248	11100		150.0
1014	20:13:17.263	11250		150.0
1015	20:13:17.278	11400		150.0
1016	20:13:17.293	11550		150.0
1017	20:13:17.308	11700		150.0
1018	20:13:17.323	11850		150.0
1019	20:13:17.338	12000		150.0
1020	20:13:17.367	12150		150.0
1021	20:13:17.383	12300		150.0
1022	20:13:17.398	12450		150.0
1023	20:13:17.413	12600		150.0
1024	20:13:17.429	12750		150.0
1025	20:13:17.445	12900		150.0
1026	20:13:17.459	13050		150.0
1027	20:13:17.474	13200		150.0
1028	20:13:17.489	13350		150.0
1029	20:13:17.504	13500		150.0
1030	20:13:17.534	13650		150.0
1031	20:13:17.549	13800		150.0
1032	20:13:17.564	13950		150.0
1033	20:13:17.579	14100		150.0
1034	20:13:17.594	14250		150.0
1035	20:13:17.622	14400		150.0
1036	20:13:17.639	14550		150.0
1037	20:13:17.654	14700		150.0
1038	20:13:17.669	14850		150.0
1039	20:13:17.684	15000		150.0
1040	20:13:17.699	15150		150.0
1041	20:13:17.714	15300		150.0
1042	20:13:17.730	15450		150.0
1043	20:13:17.759	15600		150.0
1044	20:13:17.774	15750		150.0
1045	20:13:17.789	15900		150.0
1046	20:13:17.804	16050		150.0
1047	20:13:17.819	16200		150.0
1048	20:13:17.834	16350		150.0
1049	20:13:17.849	16500		150.0
1050	20:13:17.864	16650		150.0
1051	20:13:17.879	16800		150.0
1052	20:13:17.909	16950		150.0
1053	20:13:17.923	17100		150.0
1054	20:13:17.939	17250		150.0
1055	20:13:17.954	17400		150.0
1056	20:13:17.968	17550		150.0
1057	20:13:17.983	17700		150.0
1058	20:13:17.998	17850		150.0
1059	20:13:18.013	18000		150.0
1060	20:13:18.028	18150		150.0
1061	20:13:18.043	18300		150.0
1062	20:13:18.071	18450		150.0
1063	20:13:18.088	18600		150.0
1064	20:13:18.103	18750		150.0
1065	20:13:18.118	18900		150.0
1066	20:13:18.133	19050		150.0
1067	20:13:18.148	19200		150.0
1068	20:13:18.163	19350		150.0
1069	20:13:18.178	19500		150.0
1070	20:13:18.193	19650		150.0
1071	20:13:18.222	19800		150.0
1072	20:13:18.238	19950		150.0
1073	20:13:18.253	0		50.0
1074	20:13:18.268	150		150.0
1075	20:13:18.283	300		150.0
1076	20:13:18.298	450		150.0
1077	20:13:18.313	600		150.0
1078	20:13:18.328	750		150.0
1079	20:13:18.343	900		150.0
1080	20:13:18.371	1050		150.0
1081	20:13:18.388	1200		150.0
1082	20:13:18.403	1350		150.0
1083	20:13:18.418	1500		150.0
1084	20:13:18.433	1650		150.0
1085	20:13:18.448	1800		150.0
1086	20:13:18.463	1950		150.0
1087	20:13:18.478	2100		150.0
1088	20:13:18.493	2250		150.0
1089	20:13:18.508	2400		150.0
1090	20:13:18.536	2550		150.0
1091	20:13:18.553	2700		150.0
1092	20:13:18.568	2850		150.0
1093	20:13:18.583	3000		150.0
1094	20:13:18.598	3150		150.0
1095	20:13:18.627	3300		150.0
1096	20:13:18.643	3450		150.0
1097	20:13:18.658	3600		150.0
1098	20:13:18.673	3750		150.0
1099	20:13:18.688	3900		150.0
1100	20:13:18.703	4050		150.0
1101	20:13:18.718	4200		150.0
1102	20:13:18.733	4350		150.0
1103	20:13:18.762	4500		150.0
1104	20:13:18.778	4650		150.0
1105	20:13:18.793	4800		150.0
1106	20:13:18.808	4950		150.0
1107	20:13:18.823	5100		150.0
1108	20:13:18.838	5250		150.0
1109	20:13:18.853	5400		150.0
1110	20:13:18.868	5550		150.0
1111	20:13:18.883	5700		150.0
1112	20:13:18.911	5850		150.0
1113	20:13:18.928	6000		150.0
1114	20:13:18.945	6150		150.0
1115	20:13:18.959	6300		150.0
1116	20:13:18.974	6450		150.0
1117	20:13:18.989	6600		150.0
1118	20:13:19.004	6750		150.0
1119	20:13:19.019	6900		150.0
1120	20:13:19.034	7050		150.0
1121	20:13:19.048	7200		150.0
1122	20:13:19.076	7350		150.0
1123	20:13:19.094	7500		150.0
1124	20:13:19.109	7650		150.0
1125	20:13:19.123	7800		150.0
1126	20:13:19.138	7950		150.0
1127	20:13:19.153	8100		150.0
1128	20:13:19.169	8250		150.0
1129	20:13:19.184	8400		150.0
1130	20:13:19.198	8550		150.0
1131	20:13:19.243	8700		150.0
1132	20:13:19.259	8850		150.0
1133	20:13:19.274	9000		150.0
1134	20:13:19.289	9150		150.0
1135	20:13:19.304	9300		150.0
1136	20:13:19.319	9450		150.0
1137	20:13:19.334	9600		150.0
1138	20:13:19.349	9750		150.0
1139	20:13:19.364	9900		150.0
1140	20:13:19.379	10050		150.0
1141	20:13:19.394	10200		150.0
1142	20:13:19.409	10350		150.0
1143	20:13:19.424	10500		150.0
1144	20:13:19.439	10650		150.0
1145	20:13:19.454	10800		150.0
1146	20:13:19.469	10950		150.0
1147	20:13:19.484	11100		150.0
1148	20:13:19.499	11250		150.0
1149	20:13:19.514	11400		150.0
1150	20:13:19.545	11550		150.0
1151	20:13:19.559	11700		150.0
1152	20:13:19.574	11850		150.0
1153	20:13:19.589	12000		150.0
1154	20:13:19.604	12150		150.0
1155	20:13:19.632	12300		150.0
1156	20:13:19.649	12450		150.0
1157	20:13:19.663	12600		150.0
1158	20:13:19.679	12750		150.0
1159	20:13:19.694	12900		150.0
1160	20:13:19.709	13050		150.0
1161	20:13:19.724	13200		150.0
1162	20:13:19.739	13350		150.0
1163	20:13:19.754	13500		150.0
1164	20:13:19.768	13650		150.0
1165	20:13:19.784	13800		150.0
1166	20:13:19.799	13950		150.0
1167	20:13:19.814	14100		150.0
1168	20:13:19.845	14250		150.0
1169	20:13:19.859	14400		150.0
1170	20:13:19.874	14550		150.0
1171	20:13:19.889	14700		150.0
1172	20:13:19.904	14850		150.0
1173	20:13:19.919	15000		150.0
1174	20:13:19.934	15150		150.0
1175	20:13:19.949	15300		150.0
1176	20:13:19.963	15450		150.0
1177	20:13:19.978	15600		150.0
1178	20:13:20.007	15750		150.0
1179	20:13:20.023	15900		150.0
1180	20:13:20.038	16050		150.0
1181	20:13:20.053	16200		150.0
1182	20:13:20.068	16350		150.0
1183	20:13:20.083	16500		150.0
1184	20:13:20.098	16650		150.0
1185	20:13:20.113	16800		150.0
1186	20:13:20.128	16950		150.0
1187	20:13:20.157	17100		150.0
1188	20:13:20.173	17250		150.0
1189	20:13:20.189	17400		150.0
1190	20:13:20.204	17550		150.0
1191	20:13:20.219	17700		150.0
1192	20:13:20.247	17850		150.0
1193	20:13:20.264	18000		150.0
1194	20:13:20.278	18150		150.0
1195	20:13:20.293	18300		150.0
1196	20:13:20.308	18450		150.0
1197	20:13:20.323	18600		150.0
1198	20:13:20.338	18750		150.0
1199	20:13:20.353	18900		150.0
1200	20:13:20.368	19050		150.0
1201	20:13:20.383	19200		150.0
1202	20:13:20.398	19350		150.0
1203	20:13:20.413	19500		150.0
1204	20:13:20.428	19650		150.0
1205	20:13:20.458	19800		150.0
1206	20:13:20.473	19950		150.0
1207	20:13:20.488	0		50.0
1208	20:13:20.504	150		150.0
1209	20:13:20.519	300		150.0
1210	20:13:20.534	450		150.0
1211	20:13:20.549	600		150.0
1212	20:13:20.564	750		150.0
1213	20:13:20.579	900		150.0
1214	20:13:20.594	1050		150.0
1215	20:13:20.624	1200		150.0
1216	20:13:20.639	1350		150.0
1217	20:13:20.654	1500		150.0
1218	20:13:20.669	1650		150.0
1219	20:13:20.684	1800		150.0
1220	20:13:20.699	1950		150.0
1221	20:13:20.714	2100		150.0
1222	20:13:20.730	2250		150.0
1223	20:13:20.745	2400		150.0
1224	20:13:20.774	2550		150.0
1225	20:13:20.789	2700		150.0
1226	20:13:20.804	2850		150.0
1227	20:13:20.818	3000		150.0
1228	20:13:20.833	3150		150.0
1229	20:13:20.848	3300		150.0
1230	20:13:20.863	3450		150.0
1231	20:13:20.878	3600		150.0
1232	20:13:20.893	3750		150.0
1233	20:13:20.922	3900		150.0
1234	20:13:20.938	4050		150.0
1235	20:13:20.953	4200		150.0
1236	20:13:20.968	4350		150.0
1237	20:13:20.983	4500		150.0
1238	20:13:20.998	4650		150.0
1239	20:13:21.013	4800		150.0
1240	20:13:21.028	4950		150.0
1241	20:13:21.043	5100		150.0
1242	20:13:21.058	5250		150.0
1243	20:13:21.087	5400		150.0
1244	20:13:21.103	5550		150.0
1245	20:13:21.119	5700		150.0
1246	20:13:21.134	5850		150.0
1247	20:13:21.149	6000		150.0
1248	20:13:21.164	6150		150.0
1249	20:13:21.179	6300		150.0
1250	20:13:21.194	6450		150.0
1251	20:13:21.209	6600		150.0
1252	20:13:21.237	6750		150.0
1253	20:13:21.254	6900		150.0
1254	20:13:21.269	7050		150.0
1255	20:13:21.284	7200		150.0
1256	20:13:21.299	7350		150.0
1257	20:13:21.314	7500		150.0
1258	20:13:21.330	7650		150.0
1259	20:13:21.345	7800		150.0
1260	20:13:21.359	7950		150.0
1261	20:13:21.388	8100		150.0
1262	20:13:21.403	8250		150.0
1263	20:13:21.419	8400		150.0
1264	20:13:21.434	8550		150.0
1265	20:13:21.449	8700		150.0
1266	20:13:21.479	8850		150.0
1267	20:13:21.494	9000		150.0
1268	20:13:21.508	9150		150.0
1269	20:13:21.524	9300		150.0
1270	20:13:21.539	9450		150.0
1271	20:13:21.554	9600		150.0
1272	20:13:21.569	9750		150.0
1273	20:13:21.584	9900		150.0
1274	20:13:21.599	10050		150.0
1275	20:13:21.613	10200		150.0
1276	20:13:21.630	10350		150.0
1277	20:13:21.645	10500		150.0
1278	20:13:21.658	10650		150.0
1279	20:13:21.674	10800		150.0
1280	20:13:21.704	10950		150.0
1281	20:13:21.719	11100		150.0
1282	20:13:21.734	11250		150.0
1283	20:13:21.749	11400		150.0
1284	20:13:21.764	11550		150.0
1285	20:13:21.779	11700		150.0
1286	20:13:21.794	11850		150.0
1287	20:13:21.809	12000		150.0
1288	20:13:21.824	12150		150.0
1289	20:13:21.852	12300		150.0
1290	20:13:21.869	12450		150.0
1291	20:13:21.884	12600		150.0
1292	20:13:21.899	12750		150.0
1293	20:13:21.914	12900		150.0
1294	20:13:21.930	13050		150.0
1295	20:13:21.945	13200		150.0
1296	20:13:21.959	13350		150.0
1297	20:13:21.974	13500		150.0
1298	20:13:22.004	13650		150.0
1299	20:13:22.018	13800		150.0
1300	20:13:22.034	13950		150.0
1301	20:13:22.049	14100		150.0
1302	20:13:22.064	14250		150.0
1303	20:13:22.079	14400		150.0
1304	20:13:22.094	14550		150.0
1305	20:13:22.109	14700		150.0
1306	20:13:22.123	14850		150.0
1307	20:13:22.139	15000		150.0
1308	20:13:22.169	15150		150.0
1309	20:13:22.184	15300		150.0
1310	20:13:22.199	15450		150.0
1311	20:13:22.214	15600		150.0
1312	20:13:22.229	15750		150.0
1313	20:13:22.245	15900		150.0
1314	20:13:22.259	16050		150.0
1315	20:13:22.274	16200		150.0
1316	20:13:22.289	16350		150.0
1317	20:13:22.317	16500		150.0
1318	20:13:22.334	16650		150.0
1319	20:13:22.349	16800		150.0
1320	20:13:22.364	16950		150.0
1321	20:13:22.379	17100		150.0
1322	20:13:22.394	17250		150.0
1323	20:13:22.409	17400		150.0
1324	20:13:22.424	17550		150.0
1325	20:13:22.439	17700		150.0
1326	20:13:22.468	17850		150.0
1327	20:13:22.484	18000		150.0
1328	20:13:22.499	18150		150.0
1329	20:13:22.514	18300		150.0
1330	20:13:22.530	18450		150.0
1331	20:13:22.545	18600		150.0
1332	20:13:22.560	18750		150.0
1333	20:13:22.574	18900		150.0
1334	20:13:22.589	19050		150.0
1335	20:13:22.619	19200		150.0
1336	20:13:22.633	19350		150.0
1337	20:13:22.649	19500		150.0
1338	20:13:22.664	19650		150.0
1339	20:13:22.679	19800		150.0
1340	20:13:22.694	19950		150.0
1341	20:13:22.709	0		50.0
1342	20:13:22.724	150		150.0
1343	20:13:22.738	300		150.0
1344	20:13:22.754	450		150.0
1345	20:13:22.784	600		150.0
1346	20:13:22.799	750		150.0
1347	20:13:22.814	900		150.0
1348	20:13:22.830	1050		150.0
1349	20:13:22.845	1200		150.0
1350	20:13:22.859	1350		150.0
1351	20:13:22.874	1500		150.0
1352	20:13:22.889	1650		150.0
1353	20:13:22.904	1800		150.0
1354	20:13:22.934	1950		150.0
1355	20:13:22.948	2100		150.0
1356	20:13:22.964	2250		150.0
1357	20:13:22.978	2400		150.0
1358	20:13:22.994	2550		150.0
1359	20:13:23.009	2700		150.0
1360	20:13:23.024	2850		150.0
1361	20:13:23.039	3000		150.0
1362	20:13:23.053	3150		150.0
1363	20:13:23.082	3300		150.0
1364	20:13:23.099	3450		150.0
1365	20:13:23.114	3600		150.0
1366	20:13:23.130	3750		150.0
1367	20:13:23.145	3900		150.0
1368	20:13:23.160	4050		150.0
1369	20:13:23.174	4200		150.0
1370	20:13:23.189	4350		150.0
1371	20:13:23.204	4500		150.0
1372	20:13:23.234	4650		150.0
1373	20:13:23.248	4800		150.0
1374	20:13:23.264	4950		150.0
1375	20:13:23.279	5100		150.0
1376	20:13:23.294	5250		150.0
1377	20:13:23.309	5400		150.0
1378	20:13:23.324	5550		150.0
1379	20:13:23.339	5700		150.0
1380	20:13:23.353	5850		150.0
1381	20:13:23.369	6000		150.0
1382	20:13:23.399	6150		150.0
1383	20:13:23.414	6300		150.0
1384	20:13:23.430	6450		150.0
1385	20:13:23.445	6600		150.0
1386	20:13:23.474	6750		150.0
1387	20:13:23.489	6900		150.0
1388	20:13:23.504	7050		150.0
1389	20:13:23.519	7200		150.0
1390	20:13:23.534	7350		150.0
1391	20:13:23.549	7500		150.0
1392	20:13:23.564	7650		150.0
1393	20:13:23.579	7800		150.0
1394	20:13:23.594	7950		150.0
1395	20:13:23.623	8100		150.0
1396	20:13:23.639	8250		150.0
1397	20:13:23.654	8400		150.0
1398	20:13:23.669	8550		150.0
1399	20:13:23.684	8700		150.0
1400	20:13:23.699	8850		150.0
1401	20:13:23.714	9000		150.0
1402	20:13:23.730	9150		150.0
1403	20:13:23.745	9300		150.0
1404	20:13:23.774	9450		150.0
1405	20:13:23.789	9600		150.0
1406	20:13:23.804	9750		150.0
1407	20:13:23.834	9900		150.0
1408	20:13:23.849	10050		150.0
1409	20:13:23.863	10200		150.0
1410	20:13:23.879	10350		150.0
1411	20:13:23.894	10500		150.0
1412	20:13:23.909	10650		150.0
1413	20:13:23.924	10800		150.0
1414	20:13:23.939	10950		150.0
1415	20:13:23.954	11100		150.0
1416	20:13:23.968	11250		150.0
1417	20:13:23.983	11400		150.0
1418	20:13:24.011	11550		150.0
1419	20:13:24.028	11700		150.0
1420	20:13:24.043	11850		150.0
1421	20:13:24.058	12000		150.0
1422	20:13:24.073	12150		150.0
1423	20:13:24.088	12300		150.0
1424	20:13:24.103	12450		150.0
1425	20:13:24.118	12600		150.0
1426	20:13:24.133	12750		150.0
1427	20:13:24.161	12900		150.0
1428	20:13:24.178	13050		150.0
1429	20:13:24.194	13200		150.0
1430	20:13:24.208	13350		150.0
1431	20:13:24.223	13500		150.0
1432	20:13:24.238	13650		150.0
1433	20:13:24.254	13800		150.0
1434	20:13:24.269	13950		150.0
1435	20:13:24.283	14100		150.0
1436	20:13:24.311	14250		150.0
1437	20:13:24.328	14400		150.0
1438	20:13:24.343	14550		150.0
1439	20:13:24.358	14700		150.0
1440	20:13:24.373	14850		150.0
1441	20:13:24.388	15000		150.0
1442	20:13:24.403	15150		150.0
1443	20:13:24.418	15300		150.0
1444	20:13:24.447	15450		150.0
1445	20:13:24.463	15600		150.0
1446	20:13:24.478	15750		150.0
1447	20:13:24.493	15900		150.0
1448	20:13:24.509	16050		150.0
1449	20:13:24.524	16200		150.0
1450	20:13:24.539	16350		150.0
1451	20:13:24.554	16500		150.0
1452	20:13:24.569	16650		150.0
1453	20:13:24.583	16800		150.0
1454	20:13:24.599	16950		150.0
1455	20:13:24.628	17100		150.0
1456	20:13:24.645	17250		150.0
1457	20:13:24.660	17400		150.0
1458	20:13:24.674	17550		150.0
1459	20:13:24.689	17700		150.0
1460	20:13:24.704	17850		150.0
1461	20:13:24.719	18000		150.0
1462	20:13:24.734	18150		150.0
1463	20:13:24.749	18300		150.0
1464	20:13:24.779	18450		150.0
1465	20:13:24.794	18600		150.0
1466	20:13:24.809	18750		150.0
1467	20:13:24.824	18900		150.0
1468	20:13:24.839	19050		150.0
1469	20:13:24.854	19200		150.0
1470	20:13:24.869	19350		150.0
1471	20:13:24.884	19500		150.0
1472	20:13:24.899	19650		150.0
1473	20:13:24.914	19800		150.0
1474	20:13:24.942	19950		150.0
1475	20:13:24.959	0		50.0
