scan_time分析报告 - baseus-主板固定60Hz发送1.txt
==================================================

基本统计信息:
  总数据包数: 1475
  有效scan_time数: 1475
  最大scan_time值: 19950
  最小scan_time值: 0
  scan_time范围: 19950

递增规律分析:
  理论递增值: 150
  实际平均递增值: 150.00
  递增值标准差: 0.00
  最小递增值: 150
  最大递增值: 150

重置分析:
  检测到重置次数: 11
  重置点位置: [134, 268, 402, 536, 670, 804, 938, 1072, 1206, 1340]...
  平均重置间隔: 122.9 包/次

一致性评估:
  一致性评分: 1.000 (1.0为完美一致)
  评估结果: 优秀 - scan_time递增非常稳定

详细数据:
序号	时间戳		scan_time	递增值
--------------------------------------------------
1	20:09:55.905	0		N/A
2	20:09:55.934	150		150.0
3	20:09:55.963	300		150.0
4	20:09:55.981	450		150.0
5	20:09:55.995	600		150.0
6	20:09:56.011	750		150.0
7	20:09:56.026	900		150.0
8	20:09:56.041	1050		150.0
9	20:09:56.056	1200		150.0
10	20:09:56.071	1350		150.0
11	20:09:56.086	1500		150.0
12	20:09:56.100	1650		150.0
13	20:09:56.116	1800		150.0
14	20:09:56.131	1950		150.0
15	20:09:56.146	2100		150.0
16	20:09:56.161	2250		150.0
17	20:09:56.176	2400		150.0
18	20:09:56.191	2550		150.0
19	20:09:56.204	2700		150.0
20	20:09:56.221	2850		150.0
21	20:09:56.251	3000		150.0
22	20:09:56.266	3150		150.0
23	20:09:56.281	3300		150.0
24	20:09:56.296	3450		150.0
25	20:09:56.311	3600		150.0
26	20:09:56.341	3750		150.0
27	20:09:56.356	3900		150.0
28	20:09:56.371	4050		150.0
29	20:09:56.386	4200		150.0
30	20:09:56.400	4350		150.0
31	20:09:56.416	4500		150.0
32	20:09:56.430	4650		150.0
33	20:09:56.446	4800		150.0
34	20:09:56.474	4950		150.0
35	20:09:56.491	5100		150.0
36	20:09:56.504	5250		150.0
37	20:09:56.521	5400		150.0
38	20:09:56.536	5550		150.0
39	20:09:56.551	5700		150.0
40	20:09:56.566	5850		150.0
41	20:09:56.581	6000		150.0
42	20:09:56.596	6150		150.0
43	20:09:56.610	6300		150.0
44	20:09:56.638	6450		150.0
45	20:09:56.656	6600		150.0
46	20:09:56.671	6750		150.0
47	20:09:56.686	6900		150.0
48	20:09:56.701	7050		150.0
49	20:09:56.716	7200		150.0
50	20:09:56.731	7350		150.0
51	20:09:56.746	7500		150.0
52	20:09:56.761	7650		150.0
53	20:09:56.791	7800		150.0
54	20:09:56.806	7950		150.0
55	20:09:56.821	8100		150.0
56	20:09:56.836	8250		150.0
57	20:09:56.851	8400		150.0
58	20:09:56.866	8550		150.0
59	20:09:56.881	8700		150.0
60	20:09:56.896	8850		150.0
61	20:09:56.911	9000		150.0
62	20:09:56.941	9150		150.0
63	20:09:56.956	9300		150.0
64	20:09:56.971	9450		150.0
65	20:09:56.986	9600		150.0
66	20:09:57.001	9750		150.0
67	20:09:57.014	9900		150.0
68	20:09:57.031	10050		150.0
69	20:09:57.046	10200		150.0
70	20:09:57.061	10350		150.0
71	20:09:57.076	10500		150.0
72	20:09:57.105	10650		150.0
73	20:09:57.119	10800		150.0
74	20:09:57.136	10950		150.0
75	20:09:57.151	11100		150.0
76	20:09:57.166	11250		150.0
77	20:09:57.196	11400		150.0
78	20:09:57.211	11550		150.0
79	20:09:57.224	11700		150.0
80	20:09:57.241	11850		150.0
81	20:09:57.256	12000		150.0
82	20:09:57.271	12150		150.0
83	20:09:57.286	12300		150.0
84	20:09:57.301	12450		150.0
85	20:09:57.330	12600		150.0
86	20:09:57.346	12750		150.0
87	20:09:57.361	12900		150.0
88	20:09:57.376	13050		150.0
89	20:09:57.391	13200		150.0
90	20:09:57.406	13350		150.0
91	20:09:57.421	13500		150.0
92	20:09:57.436	13650		150.0
93	20:09:57.451	13800		150.0
94	20:09:57.466	13950		150.0
95	20:09:57.496	14100		150.0
96	20:09:57.511	14250		150.0
97	20:09:57.526	14400		150.0
98	20:09:57.541	14550		150.0
99	20:09:57.556	14700		150.0
100	20:09:57.586	14850		150.0
101	20:09:57.601	15000		150.0
102	20:09:57.616	15150		150.0
103	20:09:57.630	15300		150.0
104	20:09:57.646	15450		150.0
105	20:09:57.661	15600		150.0
106	20:09:57.676	15750		150.0
107	20:09:57.691	15900		150.0
108	20:09:57.721	16050		150.0
109	20:09:57.734	16200		150.0
110	20:09:57.751	16350		150.0
111	20:09:57.766	16500		150.0
112	20:09:57.781	16650		150.0
113	20:09:57.796	16800		150.0
114	20:09:57.811	16950		150.0
115	20:09:57.826	17100		150.0
116	20:09:57.841	17250		150.0
117	20:09:57.856	17400		150.0
118	20:09:57.886	17550		150.0
119	20:09:57.901	17700		150.0
120	20:09:57.916	17850		150.0
121	20:09:57.931	18000		150.0
122	20:09:57.946	18150		150.0
123	20:09:57.976	18300		150.0
124	20:09:57.991	18450		150.0
125	20:09:58.006	18600		150.0
126	20:09:58.021	18750		150.0
127	20:09:58.036	18900		150.0
128	20:09:58.051	19050		150.0
129	20:09:58.066	19200		150.0
130	20:09:58.081	19350		150.0
131	20:09:58.111	19500		150.0
132	20:09:58.126	19650		150.0
133	20:09:58.141	19800		150.0
134	20:09:58.156	19950		150.0
135	20:09:58.171	0		150.0
136	20:09:58.186	150		150.0
137	20:09:58.201	300		150.0
138	20:09:58.216	450		150.0
139	20:09:58.231	600		150.0
140	20:09:58.244	750		150.0
141	20:09:58.273	900		150.0
142	20:09:58.291	1050		150.0
143	20:09:58.321	1200		150.0
144	20:09:58.336	1350		150.0
145	20:09:58.349	1500		150.0
146	20:09:58.365	1650		150.0
147	20:09:58.380	1800		150.0
148	20:09:58.396	1950		150.0
149	20:09:58.411	2100		150.0
150	20:09:58.426	2250		150.0
151	20:09:58.441	2400		150.0
152	20:09:58.456	2550		150.0
153	20:09:58.471	2700		150.0
154	20:09:58.486	2850		150.0
155	20:09:58.516	3000		150.0
156	20:09:58.531	3150		150.0
157	20:09:58.546	3300		150.0
158	20:09:58.561	3450		150.0
159	20:09:58.576	3600		150.0
160	20:09:58.591	3750		150.0
161	20:09:58.606	3900		150.0
162	20:09:58.621	4050		150.0
163	20:09:58.636	4200		150.0
164	20:09:58.651	4350		150.0
165	20:09:58.666	4500		150.0
166	20:09:58.679	4650		150.0
167	20:09:58.696	4800		150.0
168	20:09:58.711	4950		150.0
169	20:09:58.741	5100		150.0
170	20:09:58.755	5250		150.0
171	20:09:58.771	5400		150.0
172	20:09:58.786	5550		150.0
173	20:09:58.801	5700		150.0
174	20:09:58.816	5850		150.0
175	20:09:58.831	6000		150.0
176	20:09:58.846	6150		150.0
177	20:09:58.859	6300		150.0
178	20:09:58.888	6450		150.0
179	20:09:58.906	6600		150.0
180	20:09:58.936	6750		150.0
181	20:09:58.951	6900		150.0
182	20:09:58.965	7050		150.0
183	20:09:58.981	7200		150.0
184	20:09:58.996	7350		150.0
185	20:09:59.011	7500		150.0
186	20:09:59.026	7650		150.0
187	20:09:59.041	7800		150.0
188	20:09:59.056	7950		150.0
189	20:09:59.071	8100		150.0
190	20:09:59.086	8250		150.0
191	20:09:59.101	8400		150.0
192	20:09:59.116	8550		150.0
193	20:09:59.130	8700		150.0
194	20:09:59.145	8850		150.0
195	20:09:59.161	9000		150.0
196	20:09:59.176	9150		150.0
197	20:09:59.206	9300		150.0
198	20:09:59.221	9450		150.0
199	20:09:59.236	9600		150.0
200	20:09:59.251	9750		150.0
201	20:09:59.266	9900		150.0
202	20:09:59.280	10050		150.0
203	20:09:59.296	10200		150.0
204	20:09:59.311	10350		150.0
205	20:09:59.340	10500		150.0
206	20:09:59.356	10650		150.0
207	20:09:59.371	10800		150.0
208	20:09:59.386	10950		150.0
209	20:09:59.400	11100		150.0
210	20:09:59.416	11250		150.0
211	20:09:59.446	11400		150.0
212	20:09:59.460	11550		150.0
213	20:09:59.475	11700		150.0
214	20:09:59.490	11850		150.0
215	20:09:59.506	12000		150.0
216	20:09:59.521	12150		150.0
217	20:09:59.536	12300		150.0
218	20:09:59.551	12450		150.0
219	20:09:59.566	12600		150.0
220	20:09:59.580	12750		150.0
221	20:09:59.596	12900		150.0
222	20:09:59.611	13050		150.0
223	20:09:59.626	13200		150.0
224	20:09:59.641	13350		150.0
225	20:09:59.670	13500		150.0
226	20:09:59.686	13650		150.0
227	20:09:59.701	13800		150.0
228	20:09:59.716	13950		150.0
229	20:09:59.746	14100		150.0
230	20:09:59.761	14250		150.0
231	20:09:59.776	14400		150.0
232	20:09:59.791	14550		150.0
233	20:09:59.806	14700		150.0
234	20:09:59.821	14850		150.0
235	20:09:59.836	15000		150.0
236	20:09:59.851	15150		150.0
237	20:09:59.866	15300		150.0
238	20:09:59.896	15450		150.0
239	20:09:59.911	15600		150.0
240	20:09:59.926	15750		150.0
241	20:09:59.941	15900		150.0
242	20:09:59.956	16050		150.0
243	20:09:59.971	16200		150.0
244	20:09:59.985	16350		150.0
245	20:10:00.001	16500		150.0
246	20:10:00.016	16650		150.0
247	20:10:00.031	16800		150.0
248	20:10:00.061	16950		150.0
249	20:10:00.076	17100		150.0
250	20:10:00.089	17250		150.0
251	20:10:00.104	17400		150.0
252	20:10:00.133	17550		150.0
253	20:10:00.149	17700		150.0
254	20:10:00.179	17850		150.0
255	20:10:00.194	18000		150.0
256	20:10:00.209	18150		150.0
257	20:10:00.224	18300		150.0
258	20:10:00.239	18450		150.0
259	20:10:00.254	18600		150.0
260	20:10:00.269	18750		150.0
261	20:10:00.284	18900		150.0
262	20:10:00.299	19050		150.0
263	20:10:00.316	19200		150.0
264	20:10:00.331	19350		150.0
265	20:10:00.346	19500		150.0
266	20:10:00.361	19650		150.0
267	20:10:00.376	19800		150.0
268	20:10:00.391	19950		150.0
269	20:10:00.406	0		150.0
270	20:10:00.421	150		150.0
271	20:10:00.451	300		150.0
272	20:10:00.466	450		150.0
273	20:10:00.481	600		150.0
274	20:10:00.496	750		150.0
275	20:10:00.511	900		150.0
276	20:10:00.526	1050		150.0
277	20:10:00.541	1200		150.0
278	20:10:00.556	1350		150.0
279	20:10:00.571	1500		150.0
280	20:10:00.599	1650		150.0
281	20:10:00.616	1800		150.0
282	20:10:00.631	1950		150.0
283	20:10:00.646	2100		150.0
284	20:10:00.661	2250		150.0
285	20:10:00.676	2400		150.0
286	20:10:00.691	2550		150.0
287	20:10:00.704	2700		150.0
288	20:10:00.721	2850		150.0
289	20:10:00.751	3000		150.0
290	20:10:00.766	3150		150.0
291	20:10:00.781	3300		150.0
292	20:10:00.796	3450		150.0
293	20:10:00.811	3600		150.0
294	20:10:00.826	3750		150.0
295	20:10:00.841	3900		150.0
296	20:10:00.856	4050		150.0
297	20:10:00.871	4200		150.0
298	20:10:00.886	4350		150.0
299	20:10:00.916	4500		150.0
300	20:10:00.931	4650		150.0
301	20:10:00.946	4800		150.0
302	20:10:00.961	4950		150.0
303	20:10:00.991	5100		150.0
304	20:10:01.006	5250		150.0
305	20:10:01.021	5400		150.0
306	20:10:01.036	5550		150.0
307	20:10:01.051	5700		150.0
308	20:10:01.066	5850		150.0
309	20:10:01.081	6000		150.0
310	20:10:01.096	6150		150.0
311	20:10:01.110	6300		150.0
312	20:10:01.138	6450		150.0
313	20:10:01.156	6600		150.0
314	20:10:01.171	6750		150.0
315	20:10:01.186	6900		150.0
316	20:10:01.201	7050		150.0
317	20:10:01.214	7200		150.0
318	20:10:01.231	7350		150.0
319	20:10:01.246	7500		150.0
320	20:10:01.261	7650		150.0
321	20:10:01.276	7800		150.0
322	20:10:01.306	7950		150.0
323	20:10:01.320	8100		150.0
324	20:10:01.336	8250		150.0
325	20:10:01.351	8400		150.0
326	20:10:01.366	8550		150.0
327	20:10:01.381	8700		150.0
328	20:10:01.396	8850		150.0
329	20:10:01.411	9000		150.0
330	20:10:01.425	9150		150.0
331	20:10:01.453	9300		150.0
332	20:10:01.471	9450		150.0
333	20:10:01.486	9600		150.0
334	20:10:01.501	9750		150.0
335	20:10:01.516	9900		150.0
336	20:10:01.531	10050		150.0
337	20:10:01.546	10200		150.0
338	20:10:01.562	10350		150.0
339	20:10:01.576	10500		150.0
340	20:10:01.606	10650		150.0
341	20:10:01.621	10800		150.0
342	20:10:01.636	10950		150.0
343	20:10:01.651	11100		150.0
344	20:10:01.666	11250		150.0
345	20:10:01.681	11400		150.0
346	20:10:01.696	11550		150.0
347	20:10:01.711	11700		150.0
348	20:10:01.725	11850		150.0
349	20:10:01.741	12000		150.0
350	20:10:01.771	12150		150.0
351	20:10:01.801	12300		150.0
352	20:10:01.816	12450		150.0
353	20:10:01.829	12600		150.0
354	20:10:01.846	12750		150.0
355	20:10:01.861	12900		150.0
356	20:10:01.876	13050		150.0
357	20:10:01.891	13200		150.0
358	20:10:01.906	13350		150.0
359	20:10:01.921	13500		150.0
360	20:10:01.935	13650		150.0
361	20:10:01.951	13800		150.0
362	20:10:01.981	13950		150.0
363	20:10:01.996	14100		150.0
364	20:10:02.011	14250		150.0
365	20:10:02.026	14400		150.0
366	20:10:02.041	14550		150.0
367	20:10:02.056	14700		150.0
368	20:10:02.071	14850		150.0
369	20:10:02.085	15000		150.0
370	20:10:02.101	15150		150.0
371	20:10:02.115	15300		150.0
372	20:10:02.131	15450		150.0
373	20:10:02.146	15600		150.0
374	20:10:02.176	15750		150.0
375	20:10:02.191	15900		150.0
376	20:10:02.206	16050		150.0
377	20:10:02.221	16200		150.0
378	20:10:02.236	16350		150.0
379	20:10:02.251	16500		150.0
380	20:10:02.266	16650		150.0
381	20:10:02.281	16800		150.0
382	20:10:02.324	16950		150.0
383	20:10:02.340	17100		150.0
384	20:10:02.356	17250		150.0
385	20:10:02.371	17400		150.0
386	20:10:02.386	17550		150.0
387	20:10:02.416	17700		150.0
388	20:10:02.431	17850		150.0
389	20:10:02.444	18000		150.0
390	20:10:02.444	18150		150.0
391	20:10:02.446	18300		150.0
392	20:10:02.476	18450		150.0
393	20:10:02.491	18600		150.0
394	20:10:02.506	18750		150.0
395	20:10:02.521	18900		150.0
396	20:10:02.536	19050		150.0
397	20:10:02.551	19200		150.0
398	20:10:02.566	19350		150.0
399	20:10:02.581	19500		150.0
400	20:10:02.596	19650		150.0
401	20:10:02.627	19800		150.0
402	20:10:02.641	19950		150.0
403	20:10:02.656	0		150.0
404	20:10:02.671	150		150.0
405	20:10:02.686	300		150.0
406	20:10:02.701	450		150.0
407	20:10:02.716	600		150.0
408	20:10:02.731	750		150.0
409	20:10:02.746	900		150.0
410	20:10:02.776	1050		150.0
411	20:10:02.791	1200		150.0
412	20:10:02.834	1350		150.0
413	20:10:02.851	1500		150.0
414	20:10:02.865	1650		150.0
415	20:10:02.865	1800		150.0
416	20:10:02.865	1950		150.0
417	20:10:02.881	2100		150.0
418	20:10:02.896	2250		150.0
419	20:10:02.911	2400		150.0
420	20:10:02.941	2550		150.0
421	20:10:02.955	2700		150.0
422	20:10:02.971	2850		150.0
423	20:10:02.986	3000		150.0
424	20:10:03.001	3150		150.0
425	20:10:03.031	3300		150.0
426	20:10:03.046	3450		150.0
427	20:10:03.059	3600		150.0
428	20:10:03.076	3750		150.0
429	20:10:03.091	3900		150.0
430	20:10:03.106	4050		150.0
431	20:10:03.121	4200		150.0
432	20:10:03.136	4350		150.0
433	20:10:03.164	4500		150.0
434	20:10:03.181	4650		150.0
435	20:10:03.196	4800		150.0
436	20:10:03.211	4950		150.0
437	20:10:03.226	5100		150.0
438	20:10:03.241	5250		150.0
439	20:10:03.255	5400		150.0
440	20:10:03.271	5550		150.0
441	20:10:03.286	5700		150.0
442	20:10:03.301	5850		150.0
443	20:10:03.331	6000		150.0
444	20:10:03.346	6150		150.0
445	20:10:03.361	6300		150.0
446	20:10:03.376	6450		150.0
447	20:10:03.390	6600		150.0
448	20:10:03.418	6750		150.0
449	20:10:03.436	6900		150.0
450	20:10:03.451	7050		150.0
451	20:10:03.465	7200		150.0
452	20:10:03.481	7350		150.0
453	20:10:03.496	7500		150.0
454	20:10:03.511	7650		150.0
455	20:10:03.526	7800		150.0
456	20:10:03.556	7950		150.0
457	20:10:03.569	8100		150.0
458	20:10:03.586	8250		150.0
459	20:10:03.601	8400		150.0
460	20:10:03.616	8550		150.0
461	20:10:03.631	8700		150.0
462	20:10:03.661	8850		150.0
463	20:10:03.675	9000		150.0
464	20:10:03.691	9150		150.0
465	20:10:03.706	9300		150.0
466	20:10:03.721	9450		150.0
467	20:10:03.736	9600		150.0
468	20:10:03.751	9750		150.0
469	20:10:03.766	9900		150.0
470	20:10:03.781	10050		150.0
471	20:10:03.796	10200		150.0
472	20:10:03.811	10350		150.0
473	20:10:03.826	10500		150.0
474	20:10:03.841	10650		150.0
475	20:10:03.871	10800		150.0
476	20:10:03.886	10950		150.0
477	20:10:03.901	11100		150.0
478	20:10:03.916	11250		150.0
479	20:10:03.931	11400		150.0
480	20:10:03.946	11550		150.0
481	20:10:03.961	11700		150.0
482	20:10:03.976	11850		150.0
483	20:10:03.991	12000		150.0
484	20:10:04.021	12150		150.0
485	20:10:04.036	12300		150.0
486	20:10:04.051	12450		150.0
487	20:10:04.066	12600		150.0
488	20:10:04.080	12750		150.0
489	20:10:04.094	12900		150.0
490	20:10:04.109	13050		150.0
491	20:10:04.125	13200		150.0
492	20:10:04.140	13350		150.0
493	20:10:04.156	13500		150.0
494	20:10:04.184	13650		150.0
495	20:10:04.201	13800		150.0
496	20:10:04.216	13950		150.0
497	20:10:04.231	14100		150.0
498	20:10:04.246	14250		150.0
499	20:10:04.276	14400		150.0
500	20:10:04.290	14550		150.0
501	20:10:04.306	14700		150.0
502	20:10:04.321	14850		150.0
503	20:10:04.336	15000		150.0
504	20:10:04.351	15150		150.0
505	20:10:04.366	15300		150.0
506	20:10:04.381	15450		150.0
507	20:10:04.411	15600		150.0
508	20:10:04.425	15750		150.0
509	20:10:04.455	15900		150.0
510	20:10:04.471	16050		150.0
511	20:10:04.486	16200		150.0
512	20:10:04.501	16350		150.0
513	20:10:04.516	16500		150.0
514	20:10:04.531	16650		150.0
515	20:10:04.546	16800		150.0
516	20:10:04.561	16950		150.0
517	20:10:04.576	17100		150.0
518	20:10:04.591	17250		150.0
519	20:10:04.606	17400		150.0
520	20:10:04.621	17550		150.0
521	20:10:04.635	17700		150.0
522	20:10:04.651	17850		150.0
523	20:10:04.665	18000		150.0
524	20:10:04.681	18150		150.0
525	20:10:04.695	18300		150.0
526	20:10:04.725	18450		150.0
527	20:10:04.741	18600		150.0
528	20:10:04.756	18750		150.0
529	20:10:04.771	18900		150.0
530	20:10:04.785	19050		150.0
531	20:10:04.799	19200		150.0
532	20:10:04.816	19350		150.0
533	20:10:04.831	19500		150.0
534	20:10:04.845	19650		150.0
535	20:10:04.876	19800		150.0
536	20:10:04.891	19950		150.0
537	20:10:04.906	0		150.0
538	20:10:04.921	150		150.0
539	20:10:04.936	300		150.0
540	20:10:04.966	450		150.0
541	20:10:04.981	600		150.0
542	20:10:04.996	750		150.0
543	20:10:05.011	900		150.0
544	20:10:05.026	1050		150.0
545	20:10:05.041	1200		150.0
546	20:10:05.071	1350		150.0
547	20:10:05.086	1500		150.0
548	20:10:05.101	1650		150.0
549	20:10:05.116	1800		150.0
550	20:10:05.131	1950		150.0
551	20:10:05.146	2100		150.0
552	20:10:05.161	2250		150.0
553	20:10:05.176	2400		150.0
554	20:10:05.191	2550		150.0
555	20:10:05.206	2700		150.0
556	20:10:05.221	2850		150.0
557	20:10:05.236	3000		150.0
558	20:10:05.266	3150		150.0
559	20:10:05.281	3300		150.0
560	20:10:05.296	3450		150.0
561	20:10:05.310	3600		150.0
562	20:10:05.326	3750		150.0
563	20:10:05.341	3900		150.0
564	20:10:05.356	4050		150.0
565	20:10:05.386	4200		150.0
566	20:10:05.400	4350		150.0
567	20:10:05.414	4500		150.0
568	20:10:05.431	4650		150.0
569	20:10:05.446	4800		150.0
570	20:10:05.461	4950		150.0
571	20:10:05.476	5100		150.0
572	20:10:05.491	5250		150.0
573	20:10:05.506	5400		150.0
574	20:10:05.519	5550		150.0
575	20:10:05.536	5700		150.0
576	20:10:05.551	5850		150.0
577	20:10:05.581	6000		150.0
578	20:10:05.596	6150		150.0
579	20:10:05.611	6300		150.0
580	20:10:05.626	6450		150.0
581	20:10:05.656	6600		150.0
582	20:10:05.671	6750		150.0
583	20:10:05.686	6900		150.0
584	20:10:05.701	7050		150.0
585	20:10:05.716	7200		150.0
586	20:10:05.731	7350		150.0
587	20:10:05.746	7500		150.0
588	20:10:05.761	7650		150.0
589	20:10:05.791	7800		150.0
590	20:10:05.804	7950		150.0
591	20:10:05.821	8100		150.0
592	20:10:05.836	8250		150.0
593	20:10:05.866	8400		150.0
594	20:10:05.881	8550		150.0
595	20:10:05.896	8700		150.0
596	20:10:05.911	8850		150.0
597	20:10:05.924	9000		150.0
598	20:10:05.941	9150		150.0
599	20:10:05.956	9300		150.0
600	20:10:05.971	9450		150.0
601	20:10:05.986	9600		150.0
602	20:10:06.001	9750		150.0
603	20:10:06.016	9900		150.0
604	20:10:06.030	10050		150.0
605	20:10:06.046	10200		150.0
606	20:10:06.059	10350		150.0
607	20:10:06.076	10500		150.0
608	20:10:06.091	10650		150.0
609	20:10:06.121	10800		150.0
610	20:10:06.135	10950		150.0
611	20:10:06.151	11100		150.0
612	20:10:06.166	11250		150.0
613	20:10:06.181	11400		150.0
614	20:10:06.196	11550		150.0
615	20:10:06.211	11700		150.0
616	20:10:06.226	11850		150.0
617	20:10:06.239	12000		150.0
618	20:10:06.268	12150		150.0
619	20:10:06.286	12300		150.0
620	20:10:06.301	12450		150.0
621	20:10:06.316	12600		150.0
622	20:10:06.331	12750		150.0
623	20:10:06.346	12900		150.0
624	20:10:06.361	13050		150.0
625	20:10:06.376	13200		150.0
626	20:10:06.406	13350		150.0
627	20:10:06.421	13500		150.0
628	20:10:06.435	13650		150.0
629	20:10:06.451	13800		150.0
630	20:10:06.466	13950		150.0
631	20:10:06.481	14100		150.0
632	20:10:06.496	14250		150.0
633	20:10:06.511	14400		150.0
634	20:10:06.526	14550		150.0
635	20:10:06.539	14700		150.0
636	20:10:06.556	14850		150.0
637	20:10:06.586	15000		150.0
638	20:10:06.601	15150		150.0
639	20:10:06.616	15300		150.0
640	20:10:06.631	15450		150.0
641	20:10:06.645	15600		150.0
642	20:10:06.661	15750		150.0
643	20:10:06.676	15900		150.0
644	20:10:06.691	16050		150.0
645	20:10:06.706	16200		150.0
646	20:10:06.749	16350		150.0
647	20:10:06.766	16500		150.0
648	20:10:06.781	16650		150.0
649	20:10:06.796	16800		150.0
650	20:10:06.811	16950		150.0
651	20:10:06.826	17100		150.0
652	20:10:06.841	17250		150.0
653	20:10:06.856	17400		150.0
654	20:10:06.871	17550		150.0
655	20:10:06.886	17700		150.0
656	20:10:06.901	17850		150.0
657	20:10:06.916	18000		150.0
658	20:10:06.931	18150		150.0
659	20:10:06.946	18300		150.0
660	20:10:06.976	18450		150.0
661	20:10:06.991	18600		150.0
662	20:10:07.006	18750		150.0
663	20:10:07.021	18900		150.0
664	20:10:07.036	19050		150.0
665	20:10:07.050	19200		150.0
666	20:10:07.066	19350		150.0
667	20:10:07.081	19500		150.0
668	20:10:07.096	19650		150.0
669	20:10:07.139	19800		150.0
670	20:10:07.154	19950		150.0
671	20:10:07.171	0		150.0
672	20:10:07.186	150		150.0
673	20:10:07.201	300		150.0
674	20:10:07.216	450		150.0
675	20:10:07.231	600		150.0
676	20:10:07.246	750		150.0
677	20:10:07.260	900		150.0
678	20:10:07.276	1050		150.0
679	20:10:07.291	1200		150.0
680	20:10:07.306	1350		150.0
681	20:10:07.321	1500		150.0
682	20:10:07.335	1650		150.0
683	20:10:07.351	1800		150.0
684	20:10:07.366	1950		150.0
685	20:10:07.381	2100		150.0
686	20:10:07.396	2250		150.0
687	20:10:07.411	2400		150.0
688	20:10:07.441	2550		150.0
689	20:10:07.456	2700		150.0
690	20:10:07.470	2850		150.0
691	20:10:07.486	3000		150.0
692	20:10:07.500	3150		150.0
693	20:10:07.516	3300		150.0
694	20:10:07.546	3450		150.0
695	20:10:07.561	3600		150.0
696	20:10:07.574	3750		150.0
697	20:10:07.591	3900		150.0
698	20:10:07.606	4050		150.0
699	20:10:07.621	4200		150.0
700	20:10:07.636	4350		150.0
701	20:10:07.651	4500		150.0
702	20:10:07.664	4650		150.0
703	20:10:07.681	4800		150.0
704	20:10:07.696	4950		150.0
705	20:10:07.711	5100		150.0
706	20:10:07.726	5250		150.0
707	20:10:07.756	5400		150.0
708	20:10:07.769	5550		150.0
709	20:10:07.786	5700		150.0
710	20:10:07.801	5850		150.0
711	20:10:07.831	6000		150.0
712	20:10:07.846	6150		150.0
713	20:10:07.861	6300		150.0
714	20:10:07.876	6450		150.0
715	20:10:07.891	6600		150.0
716	20:10:07.906	6750		150.0
717	20:10:07.921	6900		150.0
718	20:10:07.936	7050		150.0
719	20:10:07.951	7200		150.0
720	20:10:07.981	7350		150.0
721	20:10:07.996	7500		150.0
722	20:10:08.011	7650		150.0
723	20:10:08.026	7800		150.0
724	20:10:08.041	7950		150.0
725	20:10:08.056	8100		150.0
726	20:10:08.071	8250		150.0
727	20:10:08.086	8400		150.0
728	20:10:08.101	8550		150.0
729	20:10:08.116	8700		150.0
730	20:10:08.146	8850		150.0
731	20:10:08.161	9000		150.0
732	20:10:08.176	9150		150.0
733	20:10:08.190	9300		150.0
734	20:10:08.206	9450		150.0
735	20:10:08.236	9600		150.0
736	20:10:08.251	9750		150.0
737	20:10:08.266	9900		150.0
738	20:10:08.279	10050		150.0
739	20:10:08.296	10200		150.0
740	20:10:08.311	10350		150.0
741	20:10:08.326	10500		150.0
742	20:10:08.341	10650		150.0
743	20:10:08.371	10800		150.0
744	20:10:08.384	10950		150.0
745	20:10:08.401	11100		150.0
746	20:10:08.414	11250		150.0
747	20:10:08.431	11400		150.0
748	20:10:08.446	11550		150.0
749	20:10:08.461	11700		150.0
750	20:10:08.476	11850		150.0
751	20:10:08.490	12000		150.0
752	20:10:08.518	12150		150.0
753	20:10:08.549	12300		150.0
754	20:10:08.566	12450		150.0
755	20:10:08.581	12600		150.0
756	20:10:08.596	12750		150.0
757	20:10:08.611	12900		150.0
758	20:10:08.626	13050		150.0
759	20:10:08.641	13200		150.0
760	20:10:08.656	13350		150.0
761	20:10:08.671	13500		150.0
762	20:10:08.686	13650		150.0
763	20:10:08.701	13800		150.0
764	20:10:08.716	13950		150.0
765	20:10:08.759	14100		150.0
766	20:10:08.776	14250		150.0
767	20:10:08.790	14400		150.0
768	20:10:08.790	14550		150.0
769	20:10:08.790	14700		150.0
770	20:10:08.806	14850		150.0
771	20:10:08.836	15000		150.0
772	20:10:08.851	15150		150.0
773	20:10:08.866	15300		150.0
774	20:10:08.881	15450		150.0
775	20:10:08.894	15600		150.0
776	20:10:08.911	15750		150.0
777	20:10:08.926	15900		150.0
778	20:10:08.941	16050		150.0
779	20:10:08.971	16200		150.0
780	20:10:08.986	16350		150.0
781	20:10:08.999	16500		150.0
782	20:10:09.016	16650		150.0
783	20:10:09.031	16800		150.0
784	20:10:09.047	16950		150.0
785	20:10:09.061	17100		150.0
786	20:10:09.076	17250		150.0
787	20:10:09.091	17400		150.0
788	20:10:09.105	17550		150.0
789	20:10:09.120	17700		150.0
790	20:10:09.148	17850		150.0
791	20:10:09.166	18000		150.0
792	20:10:09.181	18150		150.0
793	20:10:09.196	18300		150.0
794	20:10:09.211	18450		150.0
795	20:10:09.226	18600		150.0
796	20:10:09.241	18750		150.0
797	20:10:09.256	18900		150.0
798	20:10:09.271	19050		150.0
799	20:10:09.301	19200		150.0
800	20:10:09.316	19350		150.0
801	20:10:09.331	19500		150.0
802	20:10:09.346	19650		150.0
803	20:10:09.376	19800		150.0
804	20:10:09.391	19950		150.0
805	20:10:09.405	0		150.0
806	20:10:09.419	150		150.0
807	20:10:09.436	300		150.0
808	20:10:09.451	450		150.0
809	20:10:09.481	600		150.0
810	20:10:09.496	750		150.0
811	20:10:09.509	900		150.0
812	20:10:09.526	1050		150.0
813	20:10:09.541	1200		150.0
814	20:10:09.556	1350		150.0
815	20:10:09.571	1500		150.0
816	20:10:09.586	1650		150.0
817	20:10:09.601	1800		150.0
818	20:10:09.614	1950		150.0
819	20:10:09.631	2100		150.0
820	20:10:09.646	2250		150.0
821	20:10:09.676	2400		150.0
822	20:10:09.691	2550		150.0
823	20:10:09.706	2700		150.0
824	20:10:09.721	2850		150.0
825	20:10:09.736	3000		150.0
826	20:10:09.751	3150		150.0
827	20:10:09.765	3300		150.0
828	20:10:09.781	3450		150.0
829	20:10:09.795	3600		150.0
830	20:10:09.811	3750		150.0
831	20:10:09.825	3900		150.0
832	20:10:09.841	4050		150.0
833	20:10:09.871	4200		150.0
834	20:10:09.886	4350		150.0
835	20:10:09.901	4500		150.0
836	20:10:09.916	4650		150.0
837	20:10:09.931	4800		150.0
838	20:10:09.946	4950		150.0
839	20:10:09.961	5100		150.0
840	20:10:09.976	5250		150.0
841	20:10:10.005	5400		150.0
842	20:10:10.020	5550		150.0
843	20:10:10.036	5700		150.0
844	20:10:10.050	5850		150.0
845	20:10:10.081	6000		150.0
846	20:10:10.096	6150		150.0
847	20:10:10.110	6300		150.0
848	20:10:10.124	6450		150.0
849	20:10:10.141	6600		150.0
850	20:10:10.156	6750		150.0
851	20:10:10.170	6900		150.0
852	20:10:10.186	7050		150.0
853	20:10:10.216	7200		150.0
854	20:10:10.230	7350		150.0
855	20:10:10.246	7500		150.0
856	20:10:10.261	7650		150.0
857	20:10:10.276	7800		150.0
858	20:10:10.291	7950		150.0
859	20:10:10.306	8100		150.0
860	20:10:10.321	8250		150.0
861	20:10:10.336	8400		150.0
862	20:10:10.351	8550		150.0
863	20:10:10.366	8700		150.0
864	20:10:10.409	8850		150.0
865	20:10:10.426	9000		150.0
866	20:10:10.441	9150		150.0
867	20:10:10.456	9300		150.0
868	20:10:10.471	9450		150.0
869	20:10:10.486	9600		150.0
870	20:10:10.501	9750		150.0
871	20:10:10.516	9900		150.0
872	20:10:10.531	10050		150.0
873	20:10:10.546	10200		150.0
874	20:10:10.561	10350		150.0
875	20:10:10.576	10500		150.0
876	20:10:10.590	10650		150.0
877	20:10:10.606	10800		150.0
878	20:10:10.621	10950		150.0
879	20:10:10.635	11100		150.0
880	20:10:10.651	11250		150.0
881	20:10:10.666	11400		150.0
882	20:10:10.696	11550		150.0
883	20:10:10.711	11700		150.0
884	20:10:10.726	11850		150.0
885	20:10:10.756	12000		150.0
886	20:10:10.771	12150		150.0
887	20:10:10.786	12300		150.0
888	20:10:10.801	12450		150.0
889	20:10:10.816	12600		150.0
890	20:10:10.831	12750		150.0
891	20:10:10.846	12900		150.0
892	20:10:10.861	13050		150.0
893	20:10:10.876	13200		150.0
894	20:10:10.891	13350		150.0
895	20:10:10.906	13500		150.0
896	20:10:10.921	13650		150.0
897	20:10:10.936	13800		150.0
898	20:10:10.951	13950		150.0
899	20:10:10.966	14100		150.0
900	20:10:10.981	14250		150.0
901	20:10:11.011	14400		150.0
902	20:10:11.026	14550		150.0
903	20:10:11.041	14700		150.0
904	20:10:11.056	14850		150.0
905	20:10:11.071	15000		150.0
906	20:10:11.086	15150		150.0
907	20:10:11.101	15300		150.0
908	20:10:11.116	15450		150.0
909	20:10:11.131	15600		150.0
910	20:10:11.161	15750		150.0
911	20:10:11.176	15900		150.0
912	20:10:11.191	16050		150.0
913	20:10:11.206	16200		150.0
914	20:10:11.221	16350		150.0
915	20:10:11.236	16500		150.0
916	20:10:11.249	16650		150.0
917	20:10:11.266	16800		150.0
918	20:10:11.281	16950		150.0
919	20:10:11.296	17100		150.0
920	20:10:11.326	17250		150.0
921	20:10:11.341	17400		150.0
922	20:10:11.355	17550		150.0
923	20:10:11.371	17700		150.0
924	20:10:11.386	17850		150.0
925	20:10:11.401	18000		150.0
926	20:10:11.416	18150		150.0
927	20:10:11.431	18300		150.0
928	20:10:11.446	18450		150.0
929	20:10:11.476	18600		150.0
930	20:10:11.491	18750		150.0
931	20:10:11.521	18900		150.0
932	20:10:11.536	19050		150.0
933	20:10:11.550	19200		150.0
934	20:10:11.566	19350		150.0
935	20:10:11.581	19500		150.0
936	20:10:11.596	19650		150.0
937	20:10:11.611	19800		150.0
938	20:10:11.626	19950		150.0
939	20:10:11.642	0		150.0
940	20:10:11.655	150		150.0
941	20:10:11.671	300		150.0
942	20:10:11.686	450		150.0
943	20:10:11.701	600		150.0
944	20:10:11.731	750		150.0
945	20:10:11.746	900		150.0
946	20:10:11.760	1050		150.0
947	20:10:11.776	1200		150.0
948	20:10:11.791	1350		150.0
949	20:10:11.806	1500		150.0
950	20:10:11.821	1650		150.0
951	20:10:11.836	1800		150.0
952	20:10:11.851	1950		150.0
953	20:10:11.864	2100		150.0
954	20:10:11.881	2250		150.0
955	20:10:11.896	2400		150.0
956	20:10:11.911	2550		150.0
957	20:10:11.954	2700		150.0
958	20:10:11.969	2850		150.0
959	20:10:11.986	3000		150.0
960	20:10:12.001	3150		150.0
961	20:10:12.016	3300		150.0
962	20:10:12.031	3450		150.0
963	20:10:12.046	3600		150.0
964	20:10:12.061	3750		150.0
965	20:10:12.076	3900		150.0
966	20:10:12.091	4050		150.0
967	20:10:12.106	4200		150.0
968	20:10:12.121	4350		150.0
969	20:10:12.136	4500		150.0
970	20:10:12.151	4650		150.0
971	20:10:12.166	4800		150.0
972	20:10:12.181	4950		150.0
973	20:10:12.196	5100		150.0
974	20:10:12.211	5250		150.0
975	20:10:12.225	5400		150.0
976	20:10:12.253	5550		150.0
977	20:10:12.271	5700		150.0
978	20:10:12.286	5850		150.0
979	20:10:12.301	6000		150.0
980	20:10:12.316	6150		150.0
981	20:10:12.346	6300		150.0
982	20:10:12.346	6450		150.0
983	20:10:12.375	6600		150.0
984	20:10:12.391	6750		150.0
985	20:10:12.406	6900		150.0
986	20:10:12.421	7050		150.0
987	20:10:12.436	7200		150.0
988	20:10:12.451	7350		150.0
989	20:10:12.479	7500		150.0
990	20:10:12.496	7650		150.0
991	20:10:12.511	7800		150.0
992	20:10:12.526	7950		150.0
993	20:10:12.541	8100		150.0
994	20:10:12.556	8250		150.0
995	20:10:12.571	8400		150.0
996	20:10:12.586	8550		150.0
997	20:10:12.601	8700		150.0
998	20:10:12.616	8850		150.0
999	20:10:12.646	9000		150.0
1000	20:10:12.661	9150		150.0
1001	20:10:12.676	9300		150.0
1002	20:10:12.690	9450		150.0
1003	20:10:12.706	9600		150.0
1004	20:10:12.721	9750		150.0
1005	20:10:12.736	9900		150.0
1006	20:10:12.751	10050		150.0
1007	20:10:12.766	10200		150.0
1008	20:10:12.796	10350		150.0
1009	20:10:12.811	10500		150.0
1010	20:10:12.826	10650		150.0
1011	20:10:12.841	10800		150.0
1012	20:10:12.855	10950		150.0
1013	20:10:12.871	11100		150.0
1014	20:10:12.885	11250		150.0
1015	20:10:12.901	11400		150.0
1016	20:10:12.916	11550		150.0
1017	20:10:12.946	11700		150.0
1018	20:10:12.961	11850		150.0
1019	20:10:12.976	12000		150.0
1020	20:10:12.990	12150		150.0
1021	20:10:13.006	12300		150.0
1022	20:10:13.021	12450		150.0
1023	20:10:13.036	12600		150.0
1024	20:10:13.051	12750		150.0
1025	20:10:13.066	12900		150.0
1026	20:10:13.081	13050		150.0
1027	20:10:13.110	13200		150.0
1028	20:10:13.126	13350		150.0
1029	20:10:13.141	13500		150.0
1030	20:10:13.156	13650		150.0
1031	20:10:13.171	13800		150.0
1032	20:10:13.186	13950		150.0
1033	20:10:13.201	14100		150.0
1034	20:10:13.216	14250		150.0
1035	20:10:13.231	14400		150.0
1036	20:10:13.261	14550		150.0
1037	20:10:13.276	14700		150.0
1038	20:10:13.291	14850		150.0
1039	20:10:13.306	15000		150.0
1040	20:10:13.321	15150		150.0
1041	20:10:13.336	15300		150.0
1042	20:10:13.351	15450		150.0
1043	20:10:13.381	15600		150.0
1044	20:10:13.411	15750		150.0
1045	20:10:13.426	15900		150.0
1046	20:10:13.440	16050		150.0
1047	20:10:13.486	16200		150.0
1048	20:10:13.500	16350		150.0
1049	20:10:13.515	16500		150.0
1050	20:10:13.515	16650		150.0
1051	20:10:13.515	16800		150.0
1052	20:10:13.515	16950		150.0
1053	20:10:13.531	17100		150.0
1054	20:10:13.546	17250		150.0
1055	20:10:13.576	17400		150.0
1056	20:10:13.591	17550		150.0
1057	20:10:13.604	17700		150.0
1058	20:10:13.621	17850		150.0
1059	20:10:13.636	18000		150.0
1060	20:10:13.651	18150		150.0
1061	20:10:13.666	18300		150.0
1062	20:10:13.680	18450		150.0
1063	20:10:13.695	18600		150.0
1064	20:10:13.726	18750		150.0
1065	20:10:13.741	18900		150.0
1066	20:10:13.756	19050		150.0
1067	20:10:13.769	19200		150.0
1068	20:10:13.786	19350		150.0
1069	20:10:13.801	19500		150.0
1070	20:10:13.816	19650		150.0
1071	20:10:13.831	19800		150.0
1072	20:10:13.846	19950		150.0
1073	20:10:13.876	0		150.0
1074	20:10:13.891	150		150.0
1075	20:10:13.906	300		150.0
1076	20:10:13.921	450		150.0
1077	20:10:13.936	600		150.0
1078	20:10:13.951	750		150.0
1079	20:10:13.966	900		150.0
1080	20:10:13.981	1050		150.0
1081	20:10:13.995	1200		150.0
1082	20:10:14.011	1350		150.0
1083	20:10:14.041	1500		150.0
1084	20:10:14.056	1650		150.0
1085	20:10:14.086	1800		150.0
1086	20:10:14.100	1950		150.0
1087	20:10:14.115	2100		150.0
1088	20:10:14.130	2250		150.0
1089	20:10:14.145	2400		150.0
1090	20:10:14.161	2550		150.0
1091	20:10:14.176	2700		150.0
1092	20:10:14.191	2850		150.0
1093	20:10:14.206	3000		150.0
1094	20:10:14.219	3150		150.0
1095	20:10:14.236	3300		150.0
1096	20:10:14.251	3450		150.0
1097	20:10:14.266	3600		150.0
1098	20:10:14.281	3750		150.0
1099	20:10:14.296	3900		150.0
1100	20:10:14.311	4050		150.0
1101	20:10:14.341	4200		150.0
1102	20:10:14.356	4350		150.0
1103	20:10:14.371	4500		150.0
1104	20:10:14.386	4650		150.0
1105	20:10:14.401	4800		150.0
1106	20:10:14.416	4950		150.0
1107	20:10:14.431	5100		150.0
1108	20:10:14.446	5250		150.0
1109	20:10:14.461	5400		150.0
1110	20:10:14.491	5550		150.0
1111	20:10:14.506	5700		150.0
1112	20:10:14.521	5850		150.0
1113	20:10:14.536	6000		150.0
1114	20:10:14.551	6150		150.0
1115	20:10:14.566	6300		150.0
1116	20:10:14.581	6450		150.0
1117	20:10:14.596	6600		150.0
1118	20:10:14.611	6750		150.0
1119	20:10:14.626	6900		150.0
1120	20:10:14.656	7050		150.0
1121	20:10:14.671	7200		150.0
1122	20:10:14.686	7350		150.0
1123	20:10:14.701	7500		150.0
1124	20:10:14.716	7650		150.0
1125	20:10:14.730	7800		150.0
1126	20:10:14.746	7950		150.0
1127	20:10:14.761	8100		150.0
1128	20:10:14.776	8250		150.0
1129	20:10:14.791	8400		150.0
1130	20:10:14.834	8550		150.0
1131	20:10:14.851	8700		150.0
1132	20:10:14.866	8850		150.0
1133	20:10:14.881	9000		150.0
1134	20:10:14.896	9150		150.0
1135	20:10:14.926	9300		150.0
1136	20:10:14.939	9450		150.0
1137	20:10:14.956	9600		150.0
1138	20:10:14.971	9750		150.0
1139	20:10:15.001	9900		150.0
1140	20:10:15.015	10050		150.0
1141	20:10:15.015	10200		150.0
1142	20:10:15.015	10350		150.0
1143	20:10:15.043	10500		150.0
1144	20:10:15.061	10650		150.0
1145	20:10:15.076	10800		150.0
1146	20:10:15.106	10950		150.0
1147	20:10:15.121	11100		150.0
1148	20:10:15.135	11250		150.0
1149	20:10:15.149	11400		150.0
1150	20:10:15.164	11550		150.0
1151	20:10:15.179	11700		150.0
1152	20:10:15.194	11850		150.0
1153	20:10:15.209	12000		150.0
1154	20:10:15.224	12150		150.0
1155	20:10:15.239	12300		150.0
1156	20:10:15.254	12450		150.0
1157	20:10:15.269	12600		150.0
1158	20:10:15.284	12750		150.0
1159	20:10:15.299	12900		150.0
1160	20:10:15.314	13050		150.0
1161	20:10:15.329	13200		150.0
1162	20:10:15.358	13350		150.0
1163	20:10:15.389	13500		150.0
1164	20:10:15.406	13650		150.0
1165	20:10:15.421	13800		150.0
1166	20:10:15.435	13950		150.0
1167	20:10:15.449	14100		150.0
1168	20:10:15.465	14250		150.0
1169	20:10:15.481	14400		150.0
1170	20:10:15.495	14550		150.0
1171	20:10:15.510	14700		150.0
1172	20:10:15.538	14850		150.0
1173	20:10:15.555	15000		150.0
1174	20:10:15.570	15150		150.0
1175	20:10:15.586	15300		150.0
1176	20:10:15.601	15450		150.0
1177	20:10:15.615	15600		150.0
1178	20:10:15.630	15750		150.0
1179	20:10:15.646	15900		150.0
1180	20:10:15.661	16050		150.0
1181	20:10:15.674	16200		150.0
1182	20:10:15.691	16350		150.0
1183	20:10:15.706	16500		150.0
1184	20:10:15.721	16650		150.0
1185	20:10:15.736	16800		150.0
1186	20:10:15.750	16950		150.0
1187	20:10:15.766	17100		150.0
1188	20:10:15.781	17250		150.0
1189	20:10:15.796	17400		150.0
1190	20:10:15.826	17550		150.0
1191	20:10:15.841	17700		150.0
1192	20:10:15.856	17850		150.0
1193	20:10:15.871	18000		150.0
1194	20:10:15.886	18150		150.0
1195	20:10:15.901	18300		150.0
1196	20:10:15.916	18450		150.0
1197	20:10:15.931	18600		150.0
1198	20:10:15.946	18750		150.0
1199	20:10:15.976	18900		150.0
1200	20:10:15.991	19050		150.0
1201	20:10:16.006	19200		150.0
1202	20:10:16.021	19350		150.0
1203	20:10:16.034	19500		150.0
1204	20:10:16.051	19650		150.0
1205	20:10:16.064	19800		150.0
1206	20:10:16.081	19950		150.0
1207	20:10:16.096	0		150.0
1208	20:10:16.111	150		150.0
1209	20:10:16.154	300		150.0
1210	20:10:16.170	450		150.0
1211	20:10:16.186	600		150.0
1212	20:10:16.201	750		150.0
1213	20:10:16.216	900		150.0
1214	20:10:16.231	1050		150.0
1215	20:10:16.246	1200		150.0
1216	20:10:16.261	1350		150.0
1217	20:10:16.276	1500		150.0
1218	20:10:16.291	1650		150.0
1219	20:10:16.305	1800		150.0
1220	20:10:16.321	1950		150.0
1221	20:10:16.336	2100		150.0
1222	20:10:16.351	2250		150.0
1223	20:10:16.381	2400		150.0
1224	20:10:16.396	2550		150.0
1225	20:10:16.411	2700		150.0
1226	20:10:16.426	2850		150.0
1227	20:10:16.441	3000		150.0
1228	20:10:16.456	3150		150.0
1229	20:10:16.470	3300		150.0
1230	20:10:16.486	3450		150.0
1231	20:10:16.501	3600		150.0
1232	20:10:16.516	3750		150.0
1233	20:10:16.531	3900		150.0
1234	20:10:16.546	4050		150.0
1235	20:10:16.561	4200		150.0
1236	20:10:16.574	4350		150.0
1237	20:10:16.603	4500		150.0
1238	20:10:16.621	4650		150.0
1239	20:10:16.636	4800		150.0
1240	20:10:16.651	4950		150.0
1241	20:10:16.680	5100		150.0
1242	20:10:16.696	5250		150.0
1243	20:10:16.711	5400		150.0
1244	20:10:16.726	5550		150.0
1245	20:10:16.741	5700		150.0
1246	20:10:16.756	5850		150.0
1247	20:10:16.771	6000		150.0
1248	20:10:16.786	6150		150.0
1249	20:10:16.801	6300		150.0
1250	20:10:16.831	6450		150.0
1251	20:10:16.846	6600		150.0
1252	20:10:16.861	6750		150.0
1253	20:10:16.876	6900		150.0
1254	20:10:16.891	7050		150.0
1255	20:10:16.906	7200		150.0
1256	20:10:16.921	7350		150.0
1257	20:10:16.936	7500		150.0
1258	20:10:16.951	7650		150.0
1259	20:10:16.966	7800		150.0
1260	20:10:16.996	7950		150.0
1261	20:10:17.011	8100		150.0
1262	20:10:17.026	8250		150.0
1263	20:10:17.041	8400		150.0
1264	20:10:17.056	8550		150.0
1265	20:10:17.085	8700		150.0
1266	20:10:17.101	8850		150.0
1267	20:10:17.116	9000		150.0
1268	20:10:17.146	9150		150.0
1269	20:10:17.161	9300		150.0
1270	20:10:17.176	9450		150.0
1271	20:10:17.189	9600		150.0
1272	20:10:17.206	9750		150.0
1273	20:10:17.221	9900		150.0
1274	20:10:17.236	10050		150.0
1275	20:10:17.251	10200		150.0
1276	20:10:17.266	10350		150.0
1277	20:10:17.281	10500		150.0
1278	20:10:17.295	10650		150.0
1279	20:10:17.311	10800		150.0
1280	20:10:17.326	10950		150.0
1281	20:10:17.339	11100		150.0
1282	20:10:17.356	11250		150.0
1283	20:10:17.385	11400		150.0
1284	20:10:17.401	11550		150.0
1285	20:10:17.416	11700		150.0
1286	20:10:17.431	11850		150.0
1287	20:10:17.446	12000		150.0
1288	20:10:17.461	12150		150.0
1289	20:10:17.476	12300		150.0
1290	20:10:17.491	12450		150.0
1291	20:10:17.506	12600		150.0
1292	20:10:17.536	12750		150.0
1293	20:10:17.551	12900		150.0
1294	20:10:17.566	13050		150.0
1295	20:10:17.596	13200		150.0
1296	20:10:17.611	13350		150.0
1297	20:10:17.626	13500		150.0
1298	20:10:17.641	13650		150.0
1299	20:10:17.656	13800		150.0
1300	20:10:17.671	13950		150.0
1301	20:10:17.686	14100		150.0
1302	20:10:17.700	14250		150.0
1303	20:10:17.716	14400		150.0
1304	20:10:17.729	14550		150.0
1305	20:10:17.746	14700		150.0
1306	20:10:17.761	14850		150.0
1307	20:10:17.776	15000		150.0
1308	20:10:17.791	15150		150.0
1309	20:10:17.804	15300		150.0
1310	20:10:17.821	15450		150.0
1311	20:10:17.851	15600		150.0
1312	20:10:17.866	15750		150.0
1313	20:10:17.881	15900		150.0
1314	20:10:17.896	16050		150.0
1315	20:10:17.910	16200		150.0
1316	20:10:17.938	16350		150.0
1317	20:10:17.956	16500		150.0
1318	20:10:17.971	16650		150.0
1319	20:10:17.986	16800		150.0
1320	20:10:18.001	16950		150.0
1321	20:10:18.016	17100		150.0
1322	20:10:18.031	17250		150.0
1323	20:10:18.046	17400		150.0
1324	20:10:18.076	17550		150.0
1325	20:10:18.092	17700		150.0
1326	20:10:18.106	17850		150.0
1327	20:10:18.121	18000		150.0
1328	20:10:18.136	18150		150.0
1329	20:10:18.151	18300		150.0
1330	20:10:18.166	18450		150.0
1331	20:10:18.181	18600		150.0
1332	20:10:18.196	18750		150.0
1333	20:10:18.211	18900		150.0
1334	20:10:18.240	19050		150.0
1335	20:10:18.256	19200		150.0
1336	20:10:18.270	19350		150.0
1337	20:10:18.286	19500		150.0
1338	20:10:18.301	19650		150.0
1339	20:10:18.315	19800		150.0
1340	20:10:18.331	19950		150.0
1341	20:10:18.346	0		150.0
1342	20:10:18.361	150		150.0
1343	20:10:18.391	300		150.0
1344	20:10:18.406	450		150.0
1345	20:10:18.419	600		150.0
1346	20:10:18.436	750		150.0
1347	20:10:18.449	900		150.0
1348	20:10:18.466	1050		150.0
1349	20:10:18.481	1200		150.0
1350	20:10:18.496	1350		150.0
1351	20:10:18.511	1500		150.0
1352	20:10:18.541	1650		150.0
1353	20:10:18.556	1800		150.0
1354	20:10:18.571	1950		150.0
1355	20:10:18.586	2100		150.0
1356	20:10:18.601	2250		150.0
1357	20:10:18.616	2400		150.0
1358	20:10:18.631	2550		150.0
1359	20:10:18.646	2700		150.0
1360	20:10:18.661	2850		150.0
1361	20:10:18.691	3000		150.0
1362	20:10:18.706	3150		150.0
1363	20:10:18.721	3300		150.0
1364	20:10:18.736	3450		150.0
1365	20:10:18.751	3600		150.0
1366	20:10:18.766	3750		150.0
1367	20:10:18.781	3900		150.0
1368	20:10:18.796	4050		150.0
1369	20:10:18.811	4200		150.0
1370	20:10:18.825	4350		150.0
1371	20:10:18.853	4500		150.0
1372	20:10:18.871	4650		150.0
1373	20:10:18.886	4800		150.0
1374	20:10:18.901	4950		150.0
1375	20:10:18.916	5100		150.0
1376	20:10:18.929	5250		150.0
1377	20:10:18.946	5400		150.0
1378	20:10:18.961	5550		150.0
1379	20:10:18.976	5700		150.0
1380	20:10:19.006	5850		150.0
1381	20:10:19.021	6000		150.0
1382	20:10:19.035	6150		150.0
1383	20:10:19.051	6300		150.0
1384	20:10:19.066	6450		150.0
1385	20:10:19.081	6600		150.0
1386	20:10:19.096	6750		150.0
1387	20:10:19.110	6900		150.0
1388	20:10:19.125	7050		150.0
1389	20:10:19.141	7200		150.0
1390	20:10:19.171	7350		150.0
1391	20:10:19.186	7500		150.0
1392	20:10:19.201	7650		150.0
1393	20:10:19.216	7800		150.0
1394	20:10:19.231	7950		150.0
1395	20:10:19.246	8100		150.0
1396	20:10:19.261	8250		150.0
1397	20:10:19.276	8400		150.0
1398	20:10:19.291	8550		150.0
1399	20:10:19.321	8700		150.0
1400	20:10:19.336	8850		150.0
1401	20:10:19.351	9000		150.0
1402	20:10:19.366	9150		150.0
1403	20:10:19.381	9300		150.0
1404	20:10:19.396	9450		150.0
1405	20:10:19.411	9600		150.0
1406	20:10:19.426	9750		150.0
1407	20:10:19.440	9900		150.0
1408	20:10:19.468	10050		150.0
1409	20:10:19.486	10200		150.0
1410	20:10:19.501	10350		150.0
1411	20:10:19.516	10500		150.0
1412	20:10:19.531	10650		150.0
1413	20:10:19.544	10800		150.0
1414	20:10:19.561	10950		150.0
1415	20:10:19.576	11100		150.0
1416	20:10:19.591	11250		150.0
1417	20:10:19.621	11400		150.0
1418	20:10:19.636	11550		150.0
1419	20:10:19.650	11700		150.0
1420	20:10:19.666	11850		150.0
1421	20:10:19.681	12000		150.0
1422	20:10:19.696	12150		150.0
1423	20:10:19.711	12300		150.0
1424	20:10:19.726	12450		150.0
1425	20:10:19.741	12600		150.0
1426	20:10:19.756	12750		150.0
1427	20:10:19.786	12900		150.0
1428	20:10:19.801	13050		150.0
1429	20:10:19.816	13200		150.0
1430	20:10:19.831	13350		150.0
1431	20:10:19.845	13500		150.0
1432	20:10:19.861	13650		150.0
1433	20:10:19.876	13800		150.0
1434	20:10:19.891	13950		150.0
1435	20:10:19.906	14100		150.0
1436	20:10:19.936	14250		150.0
1437	20:10:19.951	14400		150.0
1438	20:10:19.966	14550		150.0
1439	20:10:19.981	14700		150.0
1440	20:10:19.996	14850		150.0
1441	20:10:20.011	15000		150.0
1442	20:10:20.026	15150		150.0
1443	20:10:20.041	15300		150.0
1444	20:10:20.055	15450		150.0
1445	20:10:20.071	15600		150.0
1446	20:10:20.101	15750		150.0
1447	20:10:20.131	15900		150.0
1448	20:10:20.146	16050		150.0
1449	20:10:20.159	16200		150.0
1450	20:10:20.176	16350		150.0
1451	20:10:20.191	16500		150.0
1452	20:10:20.206	16650		150.0
1453	20:10:20.221	16800		150.0
1454	20:10:20.236	16950		150.0
1455	20:10:20.251	17100		150.0
1456	20:10:20.266	17250		150.0
1457	20:10:20.281	17400		150.0
1458	20:10:20.296	17550		150.0
1459	20:10:20.326	17700		150.0
1460	20:10:20.341	17850		150.0
1461	20:10:20.356	18000		150.0
1462	20:10:20.371	18150		150.0
1463	20:10:20.386	18300		150.0
1464	20:10:20.401	18450		150.0
1465	20:10:20.416	18600		150.0
1466	20:10:20.431	18750		150.0
1467	20:10:20.446	18900		150.0
1468	20:10:20.461	19050		150.0
1469	20:10:20.476	19200		150.0
1470	20:10:20.491	19350		150.0
1471	20:10:20.506	19500		150.0
1472	20:10:20.536	19650		150.0
1473	20:10:20.551	19800		150.0
1474	20:10:20.565	19950		150.0
1475	20:10:20.581	0		150.0
