scan_time分析报告 - KB04122-主板固定80Hz发送.txt
==================================================

基本统计信息:
  总数据包数: 1475
  有效scan_time数: 1475
  最大scan_time值: 19950
  最小scan_time值: 0
  scan_time范围: 19950

递增规律分析:
  理论递增值: 150
  实际平均递增值: 150.00
  递增值标准差: 0.00
  最小递增值: 150
  最大递增值: 150

重置分析:
  检测到重置次数: 11
  重置点位置: [134, 268, 402, 536, 670, 804, 938, 1072, 1206, 1340]...
  平均重置间隔: 122.9 包/次

一致性评估:
  一致性评分: 1.000 (1.0为完美一致)
  评估结果: 优秀 - scan_time递增非常稳定

详细数据:
序号	时间戳		scan_time	递增值
--------------------------------------------------
1	19:40:22.326	0		N/A
2	19:40:22.343	150		150.0
3	19:40:22.358	300		150.0
4	19:40:22.386	450		150.0
5	19:40:22.402	600		150.0
6	19:40:22.418	750		150.0
7	19:40:22.418	900		150.0
8	19:40:22.418	1050		150.0
9	19:40:22.432	1200		150.0
10	19:40:22.447	1350		150.0
11	19:40:22.462	1500		150.0
12	19:40:22.477	1650		150.0
13	19:40:22.492	1800		150.0
14	19:40:22.507	1950		150.0
15	19:40:22.523	2100		150.0
16	19:40:22.523	2250		150.0
17	19:40:22.523	2400		150.0
18	19:40:22.537	2550		150.0
19	19:40:22.552	2700		150.0
20	19:40:22.567	2850		150.0
21	19:40:22.582	3000		150.0
22	19:40:22.597	3150		150.0
23	19:40:22.612	3300		150.0
24	19:40:22.627	3450		150.0
25	19:40:22.643	3600		150.0
26	19:40:22.671	3750		150.0
27	19:40:22.688	3900		150.0
28	19:40:22.688	4050		150.0
29	19:40:22.688	4200		150.0
30	19:40:22.689	4350		150.0
31	19:40:22.704	4500		150.0
32	19:40:22.719	4650		150.0
33	19:40:22.734	4800		150.0
34	19:40:22.749	4950		150.0
35	19:40:22.779	5100		150.0
36	19:40:22.794	5250		150.0
37	19:40:22.809	5400		150.0
38	19:40:22.809	5550		150.0
39	19:40:22.809	5700		150.0
40	19:40:22.824	5850		150.0
41	19:40:22.838	6000		150.0
42	19:40:22.854	6150		150.0
43	19:40:22.869	6300		150.0
44	19:40:22.884	6450		150.0
45	19:40:22.899	6600		150.0
46	19:40:22.914	6750		150.0
47	19:40:22.929	6900		150.0
48	19:40:22.929	7050		150.0
49	19:40:22.929	7200		150.0
50	19:40:22.943	7350		150.0
51	19:40:22.959	7500		150.0
52	19:40:22.974	7650		150.0
53	19:40:23.004	7800		150.0
54	19:40:23.019	7950		150.0
55	19:40:23.034	8100		150.0
56	19:40:23.034	8250		150.0
57	19:40:23.034	8400		150.0
58	19:40:23.048	8550		150.0
59	19:40:23.064	8700		150.0
60	19:40:23.079	8850		150.0
61	19:40:23.094	9000		150.0
62	19:40:23.109	9150		150.0
63	19:40:23.124	9300		150.0
64	19:40:23.139	9450		150.0
65	19:40:23.154	9600		150.0
66	19:40:23.169	9750		150.0
67	19:40:23.184	9900		150.0
68	19:40:23.184	10050		150.0
69	19:40:23.184	10200		150.0
70	19:40:23.199	10350		150.0
71	19:40:23.214	10500		150.0
72	19:40:23.229	10650		150.0
73	19:40:23.245	10800		150.0
74	19:40:23.259	10950		150.0
75	19:40:23.274	11100		150.0
76	19:40:23.289	11250		150.0
77	19:40:23.304	11400		150.0
78	19:40:23.319	11550		150.0
79	19:40:23.334	11700		150.0
80	19:40:23.334	11850		150.0
81	19:40:23.334	12000		150.0
82	19:40:23.349	12150		150.0
83	19:40:23.364	12300		150.0
84	19:40:23.379	12450		150.0
85	19:40:23.409	12600		150.0
86	19:40:23.424	12750		150.0
87	19:40:23.439	12900		150.0
88	19:40:23.439	13050		150.0
89	19:40:23.439	13200		150.0
90	19:40:23.453	13350		150.0
91	19:40:23.469	13500		150.0
92	19:40:23.484	13650		150.0
93	19:40:23.514	13800		150.0
94	19:40:23.529	13950		150.0
95	19:40:23.544	14100		150.0
96	19:40:23.544	14250		150.0
97	19:40:23.547	14400		150.0
98	19:40:23.547	14550		150.0
99	19:40:23.558	14700		150.0
100	19:40:23.574	14850		150.0
101	19:40:23.589	15000		150.0
102	19:40:23.604	15150		150.0
103	19:40:23.619	15300		150.0
104	19:40:23.634	15450		150.0
105	19:40:23.649	15600		150.0
106	19:40:23.664	15750		150.0
107	19:40:23.679	15900		150.0
108	19:40:23.694	16050		150.0
109	19:40:23.709	16200		150.0
110	19:40:23.709	16350		150.0
111	19:40:23.724	16500		150.0
112	19:40:23.739	16650		150.0
113	19:40:23.754	16800		150.0
114	19:40:23.769	16950		150.0
115	19:40:23.784	17100		150.0
116	19:40:23.784	17250		150.0
117	19:40:23.784	17400		150.0
118	19:40:23.799	17550		150.0
119	19:40:23.829	17700		150.0
120	19:40:23.844	17850		150.0
121	19:40:23.859	18000		150.0
122	19:40:23.859	18150		150.0
123	19:40:23.859	18300		150.0
124	19:40:23.874	18450		150.0
125	19:40:23.889	18600		150.0
126	19:40:23.904	18750		150.0
127	19:40:23.919	18900		150.0
128	19:40:23.934	19050		150.0
129	19:40:23.949	19200		150.0
130	19:40:23.964	19350		150.0
131	19:40:23.979	19500		150.0
132	19:40:23.994	19650		150.0
133	19:40:24.023	19800		150.0
134	19:40:24.023	19950		150.0
135	19:40:24.025	0		150.0
136	19:40:24.025	150		150.0
137	19:40:24.039	300		150.0
138	19:40:24.054	450		150.0
139	19:40:24.068	600		150.0
140	19:40:24.082	750		150.0
141	19:40:24.097	900		150.0
142	19:40:24.126	1050		150.0
143	19:40:24.143	1200		150.0
144	19:40:24.158	1350		150.0
145	19:40:24.158	1500		150.0
146	19:40:24.159	1650		150.0
147	19:40:24.159	1800		150.0
148	19:40:24.173	1950		150.0
149	19:40:24.187	2100		150.0
150	19:40:24.202	2250		150.0
151	19:40:24.217	2400		150.0
152	19:40:24.232	2550		150.0
153	19:40:24.247	2700		150.0
154	19:40:24.262	2850		150.0
155	19:40:24.277	3000		150.0
156	19:40:24.294	3150		150.0
157	19:40:24.309	3300		150.0
158	19:40:24.324	3450		150.0
159	19:40:24.339	3600		150.0
160	19:40:24.339	3750		150.0
161	19:40:24.339	3900		150.0
162	19:40:24.354	4050		150.0
163	19:40:24.369	4200		150.0
164	19:40:24.384	4350		150.0
165	19:40:24.414	4500		150.0
166	19:40:24.429	4650		150.0
167	19:40:24.444	4800		150.0
168	19:40:24.444	4950		150.0
169	19:40:24.444	5100		150.0
170	19:40:24.459	5250		150.0
171	19:40:24.474	5400		150.0
172	19:40:24.489	5550		150.0
173	19:40:24.504	5700		150.0
174	19:40:24.519	5850		150.0
175	19:40:24.534	6000		150.0
176	19:40:24.549	6150		150.0
177	19:40:24.549	6300		150.0
178	19:40:24.549	6450		150.0
179	19:40:24.564	6600		150.0
180	19:40:24.578	6750		150.0
181	19:40:24.593	6900		150.0
182	19:40:24.609	7050		150.0
183	19:40:24.639	7200		150.0
184	19:40:24.654	7350		150.0
185	19:40:24.669	7500		150.0
186	19:40:24.669	7650		150.0
187	19:40:24.669	7800		150.0
188	19:40:24.682	7950		150.0
189	19:40:24.699	8100		150.0
190	19:40:24.714	8250		150.0
191	19:40:24.729	8400		150.0
192	19:40:24.744	8550		150.0
193	19:40:24.759	8700		150.0
194	19:40:24.773	8850		150.0
195	19:40:24.773	9000		150.0
196	19:40:24.773	9150		150.0
197	19:40:24.787	9300		150.0
198	19:40:24.816	9450		150.0
199	19:40:24.832	9600		150.0
200	19:40:24.848	9750		150.0
201	19:40:24.848	9900		150.0
202	19:40:24.848	10050		150.0
203	19:40:24.862	10200		150.0
204	19:40:24.877	10350		150.0
205	19:40:24.892	10500		150.0
206	19:40:24.907	10650		150.0
207	19:40:24.922	10800		150.0
208	19:40:24.937	10950		150.0
209	19:40:24.952	11100		150.0
210	19:40:24.967	11250		150.0
211	19:40:24.982	11400		150.0
212	19:40:24.998	11550		150.0
213	19:40:24.998	11700		150.0
214	19:40:24.998	11850		150.0
215	19:40:25.012	12000		150.0
216	19:40:25.027	12150		150.0
217	19:40:25.057	12300		150.0
218	19:40:25.072	12450		150.0
219	19:40:25.088	12600		150.0
220	19:40:25.088	12750		150.0
221	19:40:25.088	12900		150.0
222	19:40:25.102	13050		150.0
223	19:40:25.117	13200		150.0
224	19:40:25.132	13350		150.0
225	19:40:25.147	13500		150.0
226	19:40:25.162	13650		150.0
227	19:40:25.179	13800		150.0
228	19:40:25.193	13950		150.0
229	19:40:25.209	14100		150.0
230	19:40:25.224	14250		150.0
231	19:40:25.224	14400		150.0
232	19:40:25.224	14550		150.0
233	19:40:25.239	14700		150.0
234	19:40:25.254	14850		150.0
235	19:40:25.269	15000		150.0
236	19:40:25.284	15150		150.0
237	19:40:25.297	15300		150.0
238	19:40:25.314	15450		150.0
239	19:40:25.329	15600		150.0
240	19:40:25.344	15750		150.0
241	19:40:25.359	15900		150.0
242	19:40:25.374	16050		150.0
243	19:40:25.374	16200		150.0
244	19:40:25.374	16350		150.0
245	19:40:25.389	16500		150.0
246	19:40:25.403	16650		150.0
247	19:40:25.419	16800		150.0
248	19:40:25.434	16950		150.0
249	19:40:25.449	17100		150.0
250	19:40:25.464	17250		150.0
251	19:40:25.479	17400		150.0
252	19:40:25.494	17550		150.0
253	19:40:25.524	17700		150.0
254	19:40:25.524	17850		150.0
255	19:40:25.539	18000		150.0
256	19:40:25.539	18150		150.0
257	19:40:25.554	18300		150.0
258	19:40:25.569	18450		150.0
259	19:40:25.584	18600		150.0
260	19:40:25.584	18750		150.0
261	19:40:25.584	18900		150.0
262	19:40:25.599	19050		150.0
263	19:40:25.614	19200		150.0
264	19:40:25.644	19350		150.0
265	19:40:25.659	19500		150.0
266	19:40:25.674	19650		150.0
267	19:40:25.674	19800		150.0
268	19:40:25.674	19950		150.0
269	19:40:25.689	0		150.0
270	19:40:25.704	150		150.0
271	19:40:25.719	300		150.0
272	19:40:25.734	450		150.0
273	19:40:25.763	600		150.0
274	19:40:25.779	750		150.0
275	19:40:25.793	900		150.0
276	19:40:25.793	1050		150.0
277	19:40:25.796	1200		150.0
278	19:40:25.796	1350		150.0
279	19:40:25.808	1500		150.0
280	19:40:25.824	1650		150.0
281	19:40:25.839	1800		150.0
282	19:40:25.869	1950		150.0
283	19:40:25.884	2100		150.0
284	19:40:25.899	2250		150.0
285	19:40:25.899	2400		150.0
286	19:40:25.899	2550		150.0
287	19:40:25.912	2700		150.0
288	19:40:25.929	2850		150.0
289	19:40:25.944	3000		150.0
290	19:40:25.960	3150		150.0
291	19:40:25.973	3300		150.0
292	19:40:25.989	3450		150.0
293	19:40:26.004	3600		150.0
294	19:40:26.017	3750		150.0
295	19:40:26.034	3900		150.0
296	19:40:26.034	4050		150.0
297	19:40:26.034	4200		150.0
298	19:40:26.049	4350		150.0
299	19:40:26.064	4500		150.0
300	19:40:26.079	4650		150.0
301	19:40:26.092	4800		150.0
302	19:40:26.107	4950		150.0
303	19:40:26.122	5100		150.0
304	19:40:26.137	5250		150.0
305	19:40:26.152	5400		150.0
306	19:40:26.168	5550		150.0
307	19:40:26.168	5700		150.0
308	19:40:26.168	5850		150.0
309	19:40:26.182	6000		150.0
310	19:40:26.197	6150		150.0
311	19:40:26.212	6300		150.0
312	19:40:26.227	6450		150.0
313	19:40:26.257	6600		150.0
314	19:40:26.287	6750		150.0
315	19:40:26.303	6900		150.0
316	19:40:26.303	7050		150.0
317	19:40:26.303	7200		150.0
318	19:40:26.304	7350		150.0
319	19:40:26.319	7500		150.0
320	19:40:26.334	7650		150.0
321	19:40:26.349	7800		150.0
322	19:40:26.364	7950		150.0
323	19:40:26.379	8100		150.0
324	19:40:26.393	8250		150.0
325	19:40:26.393	8400		150.0
326	19:40:26.393	8550		150.0
327	19:40:26.409	8700		150.0
328	19:40:26.423	8850		150.0
329	19:40:26.439	9000		150.0
330	19:40:26.454	9150		150.0
331	19:40:26.482	9300		150.0
332	19:40:26.499	9450		150.0
333	19:40:26.514	9600		150.0
334	19:40:26.514	9750		150.0
335	19:40:26.514	9900		150.0
336	19:40:26.527	10050		150.0
337	19:40:26.544	10200		150.0
338	19:40:26.559	10350		150.0
339	19:40:26.574	10500		150.0
340	19:40:26.589	10650		150.0
341	19:40:26.604	10800		150.0
342	19:40:26.618	10950		150.0
343	19:40:26.618	11100		150.0
344	19:40:26.618	11250		150.0
345	19:40:26.634	11400		150.0
346	19:40:26.649	11550		150.0
347	19:40:26.664	11700		150.0
348	19:40:26.679	11850		150.0
349	19:40:26.694	12000		150.0
350	19:40:26.709	12150		150.0
351	19:40:26.724	12300		150.0
352	19:40:26.739	12450		150.0
353	19:40:26.754	12600		150.0
354	19:40:26.768	12750		150.0
355	19:40:26.768	12900		150.0
356	19:40:26.768	13050		150.0
357	19:40:26.784	13200		150.0
358	19:40:26.799	13350		150.0
359	19:40:26.814	13500		150.0
360	19:40:26.829	13650		150.0
361	19:40:26.845	13800		150.0
362	19:40:26.859	13950		150.0
363	19:40:26.889	14100		150.0
364	19:40:26.904	14250		150.0
365	19:40:26.918	14400		150.0
366	19:40:26.918	14550		150.0
367	19:40:26.921	14700		150.0
368	19:40:26.921	14850		150.0
369	19:40:26.933	15000		150.0
370	19:40:26.947	15150		150.0
371	19:40:26.963	15300		150.0
372	19:40:26.979	15450		150.0
373	19:40:26.994	15600		150.0
374	19:40:27.009	15750		150.0
375	19:40:27.024	15900		150.0
376	19:40:27.037	16050		150.0
377	19:40:27.054	16200		150.0
378	19:40:27.069	16350		150.0
379	19:40:27.099	16500		150.0
380	19:40:27.113	16650		150.0
381	19:40:27.113	16800		150.0
382	19:40:27.113	16950		150.0
383	19:40:27.115	17100		150.0
384	19:40:27.129	17250		150.0
385	19:40:27.143	17400		150.0
386	19:40:27.160	17550		150.0
387	19:40:27.172	17700		150.0
388	19:40:27.189	17850		150.0
389	19:40:27.204	18000		150.0
390	19:40:27.219	18150		150.0
391	19:40:27.234	18300		150.0
392	19:40:27.248	18450		150.0
393	19:40:27.248	18600		150.0
394	19:40:27.248	18750		150.0
395	19:40:27.264	18900		150.0
396	19:40:27.279	19050		150.0
397	19:40:27.309	19200		150.0
398	19:40:27.324	19350		150.0
399	19:40:27.339	19500		150.0
400	19:40:27.339	19650		150.0
401	19:40:27.339	19800		150.0
402	19:40:27.354	19950		150.0
403	19:40:27.367	0		150.0
404	19:40:27.382	150		150.0
405	19:40:27.411	300		150.0
406	19:40:27.427	450		150.0
407	19:40:27.443	600		150.0
408	19:40:27.443	750		150.0
409	19:40:27.445	900		150.0
410	19:40:27.445	1050		150.0
411	19:40:27.458	1200		150.0
412	19:40:27.473	1350		150.0
413	19:40:27.501	1500		150.0
414	19:40:27.517	1650		150.0
415	19:40:27.533	1800		150.0
416	19:40:27.533	1950		150.0
417	19:40:27.533	2100		150.0
418	19:40:27.547	2250		150.0
419	19:40:27.562	2400		150.0
420	19:40:27.577	2550		150.0
421	19:40:27.606	2700		150.0
422	19:40:27.622	2850		150.0
423	19:40:27.638	3000		150.0
424	19:40:27.638	3150		150.0
425	19:40:27.638	3300		150.0
426	19:40:27.652	3450		150.0
427	19:40:27.667	3600		150.0
428	19:40:27.682	3750		150.0
429	19:40:27.697	3900		150.0
430	19:40:27.712	4050		150.0
431	19:40:27.727	4200		150.0
432	19:40:27.743	4350		150.0
433	19:40:27.758	4500		150.0
434	19:40:27.772	4650		150.0
435	19:40:27.788	4800		150.0
436	19:40:27.788	4950		150.0
437	19:40:27.788	5100		150.0
438	19:40:27.802	5250		150.0
439	19:40:27.817	5400		150.0
440	19:40:27.832	5550		150.0
441	19:40:27.847	5700		150.0
442	19:40:27.862	5850		150.0
443	19:40:27.877	6000		150.0
444	19:40:27.892	6150		150.0
445	19:40:27.921	6300		150.0
446	19:40:27.937	6450		150.0
447	19:40:27.953	6600		150.0
448	19:40:27.968	6750		150.0
449	19:40:27.968	6900		150.0
450	19:40:27.968	7050		150.0
451	19:40:27.969	7200		150.0
452	19:40:27.982	7350		150.0
453	19:40:27.997	7500		150.0
454	19:40:28.012	7650		150.0
455	19:40:28.027	7800		150.0
456	19:40:28.043	7950		150.0
457	19:40:28.058	8100		150.0
458	19:40:28.072	8250		150.0
459	19:40:28.088	8400		150.0
460	19:40:28.088	8550		150.0
461	19:40:28.116	8700		150.0
462	19:40:28.132	8850		150.0
463	19:40:28.148	9000		150.0
464	19:40:28.148	9150		150.0
465	19:40:28.148	9300		150.0
466	19:40:28.149	9450		150.0
467	19:40:28.162	9600		150.0
468	19:40:28.177	9750		150.0
469	19:40:28.192	9900		150.0
470	19:40:28.221	10050		150.0
471	19:40:28.237	10200		150.0
472	19:40:28.253	10350		150.0
473	19:40:28.253	10500		150.0
474	19:40:28.253	10650		150.0
475	19:40:28.267	10800		150.0
476	19:40:28.282	10950		150.0
477	19:40:28.297	11100		150.0
478	19:40:28.326	11250		150.0
479	19:40:28.343	11400		150.0
480	19:40:28.358	11550		150.0
481	19:40:28.358	11700		150.0
482	19:40:28.359	11850		150.0
483	19:40:28.359	12000		150.0
484	19:40:28.373	12150		150.0
485	19:40:28.401	12300		150.0
486	19:40:28.417	12450		150.0
487	19:40:28.432	12600		150.0
488	19:40:28.447	12750		150.0
489	19:40:28.462	12900		150.0
490	19:40:28.477	13050		150.0
491	19:40:28.493	13200		150.0
492	19:40:28.493	13350		150.0
493	19:40:28.493	13500		150.0
494	19:40:28.507	13650		150.0
495	19:40:28.522	13800		150.0
496	19:40:28.537	13950		150.0
497	19:40:28.552	14100		150.0
498	19:40:28.568	14250		150.0
499	19:40:28.584	14400		150.0
500	19:40:28.599	14550		150.0
501	19:40:28.614	14700		150.0
502	19:40:28.629	14850		150.0
503	19:40:28.644	15000		150.0
504	19:40:28.644	15150		150.0
505	19:40:28.644	15300		150.0
506	19:40:28.659	15450		150.0
507	19:40:28.674	15600		150.0
508	19:40:28.689	15750		150.0
509	19:40:28.704	15900		150.0
510	19:40:28.719	16050		150.0
511	19:40:28.734	16200		150.0
512	19:40:28.749	16350		150.0
513	19:40:28.764	16500		150.0
514	19:40:28.778	16650		150.0
515	19:40:28.778	16800		150.0
516	19:40:28.778	16950		150.0
517	19:40:28.794	17100		150.0
518	19:40:28.807	17250		150.0
519	19:40:28.836	17400		150.0
520	19:40:28.852	17550		150.0
521	19:40:28.868	17700		150.0
522	19:40:28.868	17850		150.0
523	19:40:28.882	18000		150.0
524	19:40:28.897	18150		150.0
525	19:40:28.912	18300		150.0
526	19:40:28.928	18450		150.0
527	19:40:28.928	18600		150.0
528	19:40:28.928	18750		150.0
529	19:40:28.943	18900		150.0
530	19:40:28.958	19050		150.0
531	19:40:28.972	19200		150.0
532	19:40:28.987	19350		150.0
533	19:40:29.002	19500		150.0
534	19:40:29.017	19650		150.0
535	19:40:29.032	19800		150.0
536	19:40:29.047	19950		150.0
537	19:40:29.062	0		150.0
538	19:40:29.078	150		150.0
539	19:40:29.078	300		150.0
540	19:40:29.078	450		150.0
541	19:40:29.092	600		150.0
542	19:40:29.121	750		150.0
543	19:40:29.137	900		150.0
544	19:40:29.153	1050		150.0
545	19:40:29.153	1200		150.0
546	19:40:29.153	1350		150.0
547	19:40:29.167	1500		150.0
548	19:40:29.182	1650		150.0
549	19:40:29.199	1800		150.0
550	19:40:29.229	1950		150.0
551	19:40:29.244	2100		150.0
552	19:40:29.259	2250		150.0
553	19:40:29.259	2400		150.0
554	19:40:29.259	2550		150.0
555	19:40:29.273	2700		150.0
556	19:40:29.289	2850		150.0
557	19:40:29.304	3000		150.0
558	19:40:29.319	3150		150.0
559	19:40:29.334	3300		150.0
560	19:40:29.349	3450		150.0
561	19:40:29.364	3600		150.0
562	19:40:29.378	3750		150.0
563	19:40:29.378	3900		150.0
564	19:40:29.378	4050		150.0
565	19:40:29.392	4200		150.0
566	19:40:29.409	4350		150.0
567	19:40:29.424	4500		150.0
568	19:40:29.439	4650		150.0
569	19:40:29.454	4800		150.0
570	19:40:29.469	4950		150.0
571	19:40:29.484	5100		150.0
572	19:40:29.497	5250		150.0
573	19:40:29.514	5400		150.0
574	19:40:29.529	5550		150.0
575	19:40:29.544	5700		150.0
576	19:40:29.559	5850		150.0
577	19:40:29.559	6000		150.0
578	19:40:29.559	6150		150.0
579	19:40:29.574	6300		150.0
580	19:40:29.589	6450		150.0
581	19:40:29.604	6600		150.0
582	19:40:29.619	6750		150.0
583	19:40:29.634	6900		150.0
584	19:40:29.649	7050		150.0
585	19:40:29.664	7200		150.0
586	19:40:29.679	7350		150.0
587	19:40:29.694	7500		150.0
588	19:40:29.708	7650		150.0
589	19:40:29.709	7800		150.0
590	19:40:29.709	7950		150.0
591	19:40:29.724	8100		150.0
592	19:40:29.739	8250		150.0
593	19:40:29.754	8400		150.0
594	19:40:29.769	8550		150.0
595	19:40:29.784	8700		150.0
596	19:40:29.799	8850		150.0
597	19:40:29.814	9000		150.0
598	19:40:29.829	9150		150.0
599	19:40:29.859	9300		150.0
600	19:40:29.874	9450		150.0
601	19:40:29.889	9600		150.0
602	19:40:29.889	9750		150.0
603	19:40:29.903	9900		150.0
604	19:40:29.903	10050		150.0
605	19:40:29.917	10200		150.0
606	19:40:29.932	10350		150.0
607	19:40:29.947	10500		150.0
608	19:40:29.963	10650		150.0
609	19:40:29.963	10800		150.0
610	19:40:29.963	10950		150.0
611	19:40:29.977	11100		150.0
612	19:40:29.992	11250		150.0
613	19:40:30.007	11400		150.0
614	19:40:30.022	11550		150.0
615	19:40:30.037	11700		150.0
616	19:40:30.066	11850		150.0
617	19:40:30.082	12000		150.0
618	19:40:30.098	12150		150.0
619	19:40:30.098	12300		150.0
620	19:40:30.099	12450		150.0
621	19:40:30.099	12600		150.0
622	19:40:30.112	12750		150.0
623	19:40:30.129	12900		150.0
624	19:40:30.144	13050		150.0
625	19:40:30.159	13200		150.0
626	19:40:30.174	13350		150.0
627	19:40:30.189	13500		150.0
628	19:40:30.204	13650		150.0
629	19:40:30.218	13800		150.0
630	19:40:30.234	13950		150.0
631	19:40:30.249	14100		150.0
632	19:40:30.249	14250		150.0
633	19:40:30.249	14400		150.0
634	19:40:30.264	14550		150.0
635	19:40:30.279	14700		150.0
636	19:40:30.294	14850		150.0
637	19:40:30.309	15000		150.0
638	19:40:30.324	15150		150.0
639	19:40:30.352	15300		150.0
640	19:40:30.381	15450		150.0
641	19:40:30.398	15600		150.0
642	19:40:30.398	15750		150.0
643	19:40:30.401	15900		150.0
644	19:40:30.401	16050		150.0
645	19:40:30.414	16200		150.0
646	19:40:30.429	16350		150.0
647	19:40:30.445	16500		150.0
648	19:40:30.474	16650		150.0
649	19:40:30.488	16800		150.0
650	19:40:30.488	16950		150.0
651	19:40:30.488	17100		150.0
652	19:40:30.488	17250		150.0
653	19:40:30.504	17400		150.0
654	19:40:30.518	17550		150.0
655	19:40:30.534	17700		150.0
656	19:40:30.549	17850		150.0
657	19:40:30.564	18000		150.0
658	19:40:30.579	18150		150.0
659	19:40:30.594	18300		150.0
660	19:40:30.609	18450		150.0
661	19:40:30.622	18600		150.0
662	19:40:30.639	18750		150.0
663	19:40:30.654	18900		150.0
664	19:40:30.654	19050		150.0
665	19:40:30.654	19200		150.0
666	19:40:30.684	19350		150.0
667	19:40:30.699	19500		150.0
668	19:40:30.714	19650		150.0
669	19:40:30.728	19800		150.0
670	19:40:30.728	19950		150.0
671	19:40:30.728	0		150.0
672	19:40:30.744	150		150.0
673	19:40:30.760	300		150.0
674	19:40:30.774	450		150.0
675	19:40:30.789	600		150.0
676	19:40:30.804	750		150.0
677	19:40:30.819	900		150.0
678	19:40:30.834	1050		150.0
679	19:40:30.849	1200		150.0
680	19:40:30.864	1350		150.0
681	19:40:30.893	1500		150.0
682	19:40:30.893	1650		150.0
683	19:40:30.893	1800		150.0
684	19:40:30.909	1950		150.0
685	19:40:30.924	2100		150.0
686	19:40:30.939	2250		150.0
687	19:40:30.967	2400		150.0
688	19:40:30.969	2550		150.0
689	19:40:30.984	2700		150.0
690	19:40:30.984	2850		150.0
691	19:40:30.999	3000		150.0
692	19:40:31.014	3150		150.0
693	19:40:31.029	3300		150.0
694	19:40:31.029	3450		150.0
695	19:40:31.029	3600		150.0
696	19:40:31.044	3750		150.0
697	19:40:31.060	3900		150.0
698	19:40:31.089	4050		150.0
699	19:40:31.104	4200		150.0
700	19:40:31.118	4350		150.0
701	19:40:31.119	4500		150.0
702	19:40:31.119	4650		150.0
703	19:40:31.133	4800		150.0
704	19:40:31.149	4950		150.0
705	19:40:31.164	5100		150.0
706	19:40:31.194	5250		150.0
707	19:40:31.209	5400		150.0
708	19:40:31.224	5550		150.0
709	19:40:31.224	5700		150.0
710	19:40:31.224	5850		150.0
711	19:40:31.224	6000		150.0
712	19:40:31.237	6150		150.0
713	19:40:31.254	6300		150.0
714	19:40:31.269	6450		150.0
715	19:40:31.284	6600		150.0
716	19:40:31.299	6750		150.0
717	19:40:31.314	6900		150.0
718	19:40:31.329	7050		150.0
719	19:40:31.344	7200		150.0
720	19:40:31.359	7350		150.0
721	19:40:31.374	7500		150.0
722	19:40:31.389	7650		150.0
723	19:40:31.404	7800		150.0
724	19:40:31.419	7950		150.0
725	19:40:31.434	8100		150.0
726	19:40:31.434	8250		150.0
727	19:40:31.434	8400		150.0
728	19:40:31.449	8550		150.0
729	19:40:31.478	8700		150.0
730	19:40:31.506	8850		150.0
731	19:40:31.523	9000		150.0
732	19:40:31.552	9150		150.0
733	19:40:31.553	9300		150.0
734	19:40:31.554	9450		150.0
735	19:40:31.554	9600		150.0
736	19:40:31.582	9750		150.0
737	19:40:31.583	9900		150.0
738	19:40:31.583	10050		150.0
739	19:40:31.584	10200		150.0
740	19:40:31.626	10350		150.0
741	19:40:31.643	10500		150.0
742	19:40:31.658	10650		150.0
743	19:40:31.658	10800		150.0
744	19:40:31.658	10950		150.0
745	19:40:31.659	11100		150.0
746	19:40:31.673	11250		150.0
747	19:40:31.687	11400		150.0
748	19:40:31.702	11550		150.0
749	19:40:31.717	11700		150.0
750	19:40:31.732	11850		150.0
751	19:40:31.747	12000		150.0
752	19:40:31.762	12150		150.0
753	19:40:31.777	12300		150.0
754	19:40:31.806	12450		150.0
755	19:40:31.822	12600		150.0
756	19:40:31.838	12750		150.0
757	19:40:31.838	12900		150.0
758	19:40:31.839	13050		150.0
759	19:40:31.839	13200		150.0
760	19:40:31.852	13350		150.0
761	19:40:31.881	13500		150.0
762	19:40:31.897	13650		150.0
763	19:40:31.913	13800		150.0
764	19:40:31.913	13950		150.0
765	19:40:31.913	14100		150.0
766	19:40:31.927	14250		150.0
767	19:40:31.943	14400		150.0
768	19:40:31.958	14550		150.0
769	19:40:31.972	14700		150.0
770	19:40:31.987	14850		150.0
771	19:40:32.002	15000		150.0
772	19:40:32.017	15150		150.0
773	19:40:32.032	15300		150.0
774	19:40:32.048	15450		150.0
775	19:40:32.048	15600		150.0
776	19:40:32.048	15750		150.0
777	19:40:32.062	15900		150.0
778	19:40:32.078	16050		150.0
779	19:40:32.093	16200		150.0
780	19:40:32.107	16350		150.0
781	19:40:32.122	16500		150.0
782	19:40:32.137	16650		150.0
783	19:40:32.152	16800		150.0
784	19:40:32.167	16950		150.0
785	19:40:32.182	17100		150.0
786	19:40:32.211	17250		150.0
787	19:40:32.227	17400		150.0
788	19:40:32.243	17550		150.0
789	19:40:32.243	17700		150.0
790	19:40:32.243	17850		150.0
791	19:40:32.258	18000		150.0
792	19:40:32.273	18150		150.0
793	19:40:32.301	18300		150.0
794	19:40:32.317	18450		150.0
795	19:40:32.333	18600		150.0
796	19:40:32.333	18750		150.0
797	19:40:32.333	18900		150.0
798	19:40:32.334	19050		150.0
799	19:40:32.347	19200		150.0
800	19:40:32.362	19350		150.0
801	19:40:32.379	19500		150.0
802	19:40:32.394	19650		150.0
803	19:40:32.409	19800		150.0
804	19:40:32.424	19950		150.0
805	19:40:32.439	0		150.0
806	19:40:32.454	150		150.0
807	19:40:32.454	300		150.0
808	19:40:32.454	450		150.0
809	19:40:32.467	600		150.0
810	19:40:32.482	750		150.0
811	19:40:32.497	900		150.0
812	19:40:32.512	1050		150.0
813	19:40:32.527	1200		150.0
814	19:40:32.543	1350		150.0
815	19:40:32.558	1500		150.0
816	19:40:32.586	1650		150.0
817	19:40:32.602	1800		150.0
818	19:40:32.618	1950		150.0
819	19:40:32.618	2100		150.0
820	19:40:32.618	2250		150.0
821	19:40:32.619	2400		150.0
822	19:40:32.634	2550		150.0
823	19:40:32.649	2700		150.0
824	19:40:32.664	2850		150.0
825	19:40:32.679	3000		150.0
826	19:40:32.709	3150		150.0
827	19:40:32.724	3300		150.0
828	19:40:32.738	3450		150.0
829	19:40:32.738	3600		150.0
830	19:40:32.738	3750		150.0
831	19:40:32.754	3900		150.0
832	19:40:32.769	4050		150.0
833	19:40:32.784	4200		150.0
834	19:40:32.814	4350		150.0
835	19:40:32.829	4500		150.0
836	19:40:32.844	4650		150.0
837	19:40:32.859	4800		150.0
838	19:40:32.859	4950		150.0
839	19:40:32.859	5100		150.0
840	19:40:32.860	5250		150.0
841	19:40:32.874	5400		150.0
842	19:40:32.889	5550		150.0
843	19:40:32.904	5700		150.0
844	19:40:32.919	5850		150.0
845	19:40:32.934	6000		150.0
846	19:40:32.949	6150		150.0
847	19:40:32.964	6300		150.0
848	19:40:32.977	6450		150.0
849	19:40:32.994	6600		150.0
850	19:40:33.008	6750		150.0
851	19:40:33.008	6900		150.0
852	19:40:33.008	7050		150.0
853	19:40:33.037	7200		150.0
854	19:40:33.054	7350		150.0
855	19:40:33.069	7500		150.0
856	19:40:33.083	7650		150.0
857	19:40:33.083	7800		150.0
858	19:40:33.083	7950		150.0
859	19:40:33.099	8100		150.0
860	19:40:33.114	8250		150.0
861	19:40:33.127	8400		150.0
862	19:40:33.143	8550		150.0
863	19:40:33.158	8700		150.0
864	19:40:33.172	8850		150.0
865	19:40:33.187	9000		150.0
866	19:40:33.202	9150		150.0
867	19:40:33.217	9300		150.0
868	19:40:33.233	9450		150.0
869	19:40:33.233	9600		150.0
870	19:40:33.233	9750		150.0
871	19:40:33.247	9900		150.0
872	19:40:33.262	10050		150.0
873	19:40:33.277	10200		150.0
874	19:40:33.292	10350		150.0
875	19:40:33.307	10500		150.0
876	19:40:33.322	10650		150.0
877	19:40:33.337	10800		150.0
878	19:40:33.354	10950		150.0
879	19:40:33.369	11100		150.0
880	19:40:33.383	11250		150.0
881	19:40:33.383	11400		150.0
882	19:40:33.383	11550		150.0
883	19:40:33.399	11700		150.0
884	19:40:33.414	11850		150.0
885	19:40:33.444	12000		150.0
886	19:40:33.459	12150		150.0
887	19:40:33.474	12300		150.0
888	19:40:33.474	12450		150.0
889	19:40:33.474	12600		150.0
890	19:40:33.488	12750		150.0
891	19:40:33.517	12900		150.0
892	19:40:33.547	13050		150.0
893	19:40:33.563	13200		150.0
894	19:40:33.563	13350		150.0
895	19:40:33.563	13500		150.0
896	19:40:33.564	13650		150.0
897	19:40:33.577	13800		150.0
898	19:40:33.592	13950		150.0
899	19:40:33.607	14100		150.0
900	19:40:33.622	14250		150.0
901	19:40:33.651	14400		150.0
902	19:40:33.668	14550		150.0
903	19:40:33.668	14700		150.0
904	19:40:33.668	14850		150.0
905	19:40:33.682	15000		150.0
906	19:40:33.697	15150		150.0
907	19:40:33.726	15300		150.0
908	19:40:33.743	15450		150.0
909	19:40:33.758	15600		150.0
910	19:40:33.758	15750		150.0
911	19:40:33.758	15900		150.0
912	19:40:33.773	16050		150.0
913	19:40:33.789	16200		150.0
914	19:40:33.819	16350		150.0
915	19:40:33.834	16500		150.0
916	19:40:33.848	16650		150.0
917	19:40:33.848	16800		150.0
918	19:40:33.848	16950		150.0
919	19:40:33.864	17100		150.0
920	19:40:33.879	17250		150.0
921	19:40:33.894	17400		150.0
922	19:40:33.909	17550		150.0
923	19:40:33.939	17700		150.0
924	19:40:33.967	17850		150.0
925	19:40:33.983	18000		150.0
926	19:40:33.983	18150		150.0
927	19:40:33.998	18300		150.0
928	19:40:33.998	18450		150.0
929	19:40:33.998	18600		150.0
930	19:40:33.999	18750		150.0
931	19:40:34.012	18900		150.0
932	19:40:34.027	19050		150.0
933	19:40:34.043	19200		150.0
934	19:40:34.071	19350		150.0
935	19:40:34.087	19500		150.0
936	19:40:34.103	19650		150.0
937	19:40:34.103	19800		150.0
938	19:40:34.103	19950		150.0
939	19:40:34.104	0		150.0
940	19:40:34.117	150		150.0
941	19:40:34.132	300		150.0
942	19:40:34.161	450		150.0
943	19:40:34.177	600		150.0
944	19:40:34.193	750		150.0
945	19:40:34.193	900		150.0
946	19:40:34.193	1050		150.0
947	19:40:34.207	1200		150.0
948	19:40:34.222	1350		150.0
949	19:40:34.237	1500		150.0
950	19:40:34.266	1650		150.0
951	19:40:34.282	1800		150.0
952	19:40:34.298	1950		150.0
953	19:40:34.298	2100		150.0
954	19:40:34.298	2250		150.0
955	19:40:34.312	2400		150.0
956	19:40:34.342	2550		150.0
957	19:40:34.358	2700		150.0
958	19:40:34.373	2850		150.0
959	19:40:34.373	3000		150.0
960	19:40:34.373	3150		150.0
961	19:40:34.387	3300		150.0
962	19:40:34.416	3450		150.0
963	19:40:34.434	3600		150.0
964	19:40:34.449	3750		150.0
965	19:40:34.479	3900		150.0
966	19:40:34.479	4050		150.0
967	19:40:34.493	4200		150.0
968	19:40:34.494	4350		150.0
969	19:40:34.494	4500		150.0
970	19:40:34.494	4650		150.0
971	19:40:34.522	4800		150.0
972	19:40:34.552	4950		150.0
973	19:40:34.568	5100		150.0
974	19:40:34.568	5250		150.0
975	19:40:34.568	5400		150.0
976	19:40:34.568	5550		150.0
977	19:40:34.584	5700		150.0
978	19:40:34.599	5850		150.0
979	19:40:34.614	6000		150.0
980	19:40:34.629	6150		150.0
981	19:40:34.644	6300		150.0
982	19:40:34.660	6450		150.0
983	19:40:34.674	6600		150.0
984	19:40:34.689	6750		150.0
985	19:40:34.704	6900		150.0
986	19:40:34.704	7050		150.0
987	19:40:34.704	7200		150.0
988	19:40:34.717	7350		150.0
989	19:40:34.734	7500		150.0
990	19:40:34.749	7650		150.0
991	19:40:34.777	7800		150.0
992	19:40:34.794	7950		150.0
993	19:40:34.809	8100		150.0
994	19:40:34.809	8250		150.0
995	19:40:34.809	8400		150.0
996	19:40:34.823	8550		150.0
997	19:40:34.839	8700		150.0
998	19:40:34.854	8850		150.0
999	19:40:34.882	9000		150.0
1000	19:40:34.899	9150		150.0
1001	19:40:34.914	9300		150.0
1002	19:40:34.914	9450		150.0
1003	19:40:34.914	9600		150.0
1004	19:40:34.929	9750		150.0
1005	19:40:34.944	9900		150.0
1006	19:40:34.959	10050		150.0
1007	19:40:34.974	10200		150.0
1008	19:40:34.989	10350		150.0
1009	19:40:35.004	10500		150.0
1010	19:40:35.019	10650		150.0
1011	19:40:35.062	10800		150.0
1012	19:40:35.063	10950		150.0
1013	19:40:35.063	11100		150.0
1014	19:40:35.079	11250		150.0
1015	19:40:35.079	11400		150.0
1016	19:40:35.094	11550		150.0
1017	19:40:35.109	11700		150.0
1018	19:40:35.109	11850		150.0
1019	19:40:35.109	12000		150.0
1020	19:40:35.124	12150		150.0
1021	19:40:35.139	12300		150.0
1022	19:40:35.154	12450		150.0
1023	19:40:35.182	12600		150.0
1024	19:40:35.199	12750		150.0
1025	19:40:35.214	12900		150.0
1026	19:40:35.214	13050		150.0
1027	19:40:35.214	13200		150.0
1028	19:40:35.228	13350		150.0
1029	19:40:35.243	13500		150.0
1030	19:40:35.258	13650		150.0
1031	19:40:35.272	13800		150.0
1032	19:40:35.287	13950		150.0
1033	19:40:35.302	14100		150.0
1034	19:40:35.317	14250		150.0
1035	19:40:35.332	14400		150.0
1036	19:40:35.347	14550		150.0
1037	19:40:35.363	14700		150.0
1038	19:40:35.363	14850		150.0
1039	19:40:35.363	15000		150.0
1040	19:40:35.391	15150		150.0
1041	19:40:35.407	15300		150.0
1042	19:40:35.422	15450		150.0
1043	19:40:35.437	15600		150.0
1044	19:40:35.438	15750		150.0
1045	19:40:35.438	15900		150.0
1046	19:40:35.469	16050		150.0
1047	19:40:35.484	16200		150.0
1048	19:40:35.499	16350		150.0
1049	19:40:35.514	16500		150.0
1050	19:40:35.514	16650		150.0
1051	19:40:35.514	16800		150.0
1052	19:40:35.529	16950		150.0
1053	19:40:35.544	17100		150.0
1054	19:40:35.559	17250		150.0
1055	19:40:35.574	17400		150.0
1056	19:40:35.589	17550		150.0
1057	19:40:35.604	17700		150.0
1058	19:40:35.619	17850		150.0
1059	19:40:35.634	18000		150.0
1060	19:40:35.677	18150		150.0
1061	19:40:35.693	18300		150.0
1062	19:40:35.694	18450		150.0
1063	19:40:35.695	18600		150.0
1064	19:40:35.695	18750		150.0
1065	19:40:35.709	18900		150.0
1066	19:40:35.724	19050		150.0
1067	19:40:35.739	19200		150.0
1068	19:40:35.739	19350		150.0
1069	19:40:35.739	19500		150.0
1070	19:40:35.754	19650		150.0
1071	19:40:35.770	19800		150.0
1072	19:40:35.784	19950		150.0
1073	19:40:35.799	0		150.0
1074	19:40:35.814	150		150.0
1075	19:40:35.829	300		150.0
1076	19:40:35.843	450		150.0
1077	19:40:35.859	600		150.0
1078	19:40:35.873	750		150.0
1079	19:40:35.873	900		150.0
1080	19:40:35.873	1050		150.0
1081	19:40:35.889	1200		150.0
1082	19:40:35.904	1350		150.0
1083	19:40:35.919	1500		150.0
1084	19:40:35.934	1650		150.0
1085	19:40:35.947	1800		150.0
1086	19:40:35.964	1950		150.0
1087	19:40:35.979	2100		150.0
1088	19:40:36.009	2250		150.0
1089	19:40:36.024	2400		150.0
1090	19:40:36.039	2550		150.0
1091	19:40:36.039	2700		150.0
1092	19:40:36.053	2850		150.0
1093	19:40:36.053	3000		150.0
1094	19:40:36.070	3150		150.0
1095	19:40:36.084	3300		150.0
1096	19:40:36.099	3450		150.0
1097	19:40:36.114	3600		150.0
1098	19:40:36.129	3750		150.0
1099	19:40:36.144	3900		150.0
1100	19:40:36.158	4050		150.0
1101	19:40:36.174	4200		150.0
1102	19:40:36.189	4350		150.0
1103	19:40:36.203	4500		150.0
1104	19:40:36.203	4650		150.0
1105	19:40:36.206	4800		150.0
1106	19:40:36.206	4950		150.0
1107	19:40:36.219	5100		150.0
1108	19:40:36.234	5250		150.0
1109	19:40:36.262	5400		150.0
1110	19:40:36.291	5550		150.0
1111	19:40:36.309	5700		150.0
1112	19:40:36.323	5850		150.0
1113	19:40:36.324	6000		150.0
1114	19:40:36.324	6150		150.0
1115	19:40:36.324	6300		150.0
1116	19:40:36.339	6450		150.0
1117	19:40:36.354	6600		150.0
1118	19:40:36.369	6750		150.0
1119	19:40:36.384	6900		150.0
1120	19:40:36.399	7050		150.0
1121	19:40:36.414	7200		150.0
1122	19:40:36.429	7350		150.0
1123	19:40:36.444	7500		150.0
1124	19:40:36.458	7650		150.0
1125	19:40:36.474	7800		150.0
1126	19:40:36.474	7950		150.0
1127	19:40:36.474	8100		150.0
1128	19:40:36.489	8250		150.0
1129	19:40:36.519	8400		150.0
1130	19:40:36.534	8550		150.0
1131	19:40:36.549	8700		150.0
1132	19:40:36.549	8850		150.0
1133	19:40:36.549	9000		150.0
1134	19:40:36.562	9150		150.0
1135	19:40:36.579	9300		150.0
1136	19:40:36.594	9450		150.0
1137	19:40:36.607	9600		150.0
1138	19:40:36.622	9750		150.0
1139	19:40:36.637	9900		150.0
1140	19:40:36.653	10050		150.0
1141	19:40:36.668	10200		150.0
1142	19:40:36.683	10350		150.0
1143	19:40:36.683	10500		150.0
1144	19:40:36.683	10650		150.0
1145	19:40:36.697	10800		150.0
1146	19:40:36.712	10950		150.0
1147	19:40:36.727	11100		150.0
1148	19:40:36.742	11250		150.0
1149	19:40:36.757	11400		150.0
1150	19:40:36.772	11550		150.0
1151	19:40:36.801	11700		150.0
1152	19:40:36.817	11850		150.0
1153	19:40:36.833	12000		150.0
1154	19:40:36.833	12150		150.0
1155	19:40:36.833	12300		150.0
1156	19:40:36.834	12450		150.0
1157	19:40:36.847	12600		150.0
1158	19:40:36.864	12750		150.0
1159	19:40:36.879	12900		150.0
1160	19:40:36.909	13050		150.0
1161	19:40:36.924	13200		150.0
1162	19:40:36.938	13350		150.0
1163	19:40:36.938	13500		150.0
1164	19:40:36.938	13650		150.0
1165	19:40:36.955	13800		150.0
1166	19:40:36.968	13950		150.0
1167	19:40:36.983	14100		150.0
1168	19:40:36.999	14250		150.0
1169	19:40:37.014	14400		150.0
1170	19:40:37.029	14550		150.0
1171	19:40:37.044	14700		150.0
1172	19:40:37.059	14850		150.0
1173	19:40:37.072	15000		150.0
1174	19:40:37.088	15150		150.0
1175	19:40:37.089	15300		150.0
1176	19:40:37.089	15450		150.0
1177	19:40:37.102	15600		150.0
1178	19:40:37.131	15750		150.0
1179	19:40:37.147	15900		150.0
1180	19:40:37.163	16050		150.0
1181	19:40:37.163	16200		150.0
1182	19:40:37.163	16350		150.0
1183	19:40:37.177	16500		150.0
1184	19:40:37.192	16650		150.0
1185	19:40:37.207	16800		150.0
1186	19:40:37.222	16950		150.0
1187	19:40:37.237	17100		150.0
1188	19:40:37.253	17250		150.0
1189	19:40:37.268	17400		150.0
1190	19:40:37.296	17550		150.0
1191	19:40:37.312	17700		150.0
1192	19:40:37.328	17850		150.0
1193	19:40:37.328	18000		150.0
1194	19:40:37.328	18150		150.0
1195	19:40:37.329	18300		150.0
1196	19:40:37.342	18450		150.0
1197	19:40:37.357	18600		150.0
1198	19:40:37.372	18750		150.0
1199	19:40:37.401	18900		150.0
1200	19:40:37.417	19050		150.0
1201	19:40:37.433	19200		150.0
1202	19:40:37.433	19350		150.0
1203	19:40:37.433	19500		150.0
1204	19:40:37.447	19650		150.0
1205	19:40:37.462	19800		150.0
1206	19:40:37.477	19950		150.0
1207	19:40:37.492	0		150.0
1208	19:40:37.507	150		150.0
1209	19:40:37.536	300		150.0
1210	19:40:37.553	450		150.0
1211	19:40:37.553	600		150.0
1212	19:40:37.553	750		150.0
1213	19:40:37.554	900		150.0
1214	19:40:37.568	1050		150.0
1215	19:40:37.583	1200		150.0
1216	19:40:37.597	1350		150.0
1217	19:40:37.612	1500		150.0
1218	19:40:37.627	1650		150.0
1219	19:40:37.642	1800		150.0
1220	19:40:37.657	1950		150.0
1221	19:40:37.673	2100		150.0
1222	19:40:37.673	2250		150.0
1223	19:40:37.673	2400		150.0
1224	19:40:37.687	2550		150.0
1225	19:40:37.716	2700		150.0
1226	19:40:37.732	2850		150.0
1227	19:40:37.748	3000		150.0
1228	19:40:37.748	3150		150.0
1229	19:40:37.748	3300		150.0
1230	19:40:37.762	3450		150.0
1231	19:40:37.779	3600		150.0
1232	19:40:37.793	3750		150.0
1233	19:40:37.809	3900		150.0
1234	19:40:37.824	4050		150.0
1235	19:40:37.837	4200		150.0
1236	19:40:37.853	4350		150.0
1237	19:40:37.868	4500		150.0
1238	19:40:37.883	4650		150.0
1239	19:40:37.898	4800		150.0
1240	19:40:37.898	4950		150.0
1241	19:40:37.898	5100		150.0
1242	19:40:37.912	5250		150.0
1243	19:40:37.927	5400		150.0
1244	19:40:37.942	5550		150.0
1245	19:40:37.957	5700		150.0
1246	19:40:37.972	5850		150.0
1247	19:40:38.046	6000		150.0
1248	19:40:38.062	6150		150.0
1249	19:40:38.078	6300		150.0
1250	19:40:38.078	6450		150.0
1251	19:40:38.078	6600		150.0
1252	19:40:38.079	6750		150.0
1253	19:40:38.093	6900		150.0
1254	19:40:38.093	7050		150.0
1255	19:40:38.095	7200		150.0
1256	19:40:38.095	7350		150.0
1257	19:40:38.109	7500		150.0
1258	19:40:38.139	7650		150.0
1259	19:40:38.154	7800		150.0
1260	19:40:38.169	7950		150.0
1261	19:40:38.169	8100		150.0
1262	19:40:38.169	8250		150.0
1263	19:40:38.184	8400		150.0
1264	19:40:38.198	8550		150.0
1265	19:40:38.214	8700		150.0
1266	19:40:38.229	8850		150.0
1267	19:40:38.244	9000		150.0
1268	19:40:38.259	9150		150.0
1269	19:40:38.274	9300		150.0
1270	19:40:38.274	9450		150.0
1271	19:40:38.274	9600		150.0
1272	19:40:38.289	9750		150.0
1273	19:40:38.302	9900		150.0
1274	19:40:38.319	10050		150.0
1275	19:40:38.334	10200		150.0
1276	19:40:38.362	10350		150.0
1277	19:40:38.391	10500		150.0
1278	19:40:38.408	10650		150.0
1279	19:40:38.408	10800		150.0
1280	19:40:38.410	10950		150.0
1281	19:40:38.410	11100		150.0
1282	19:40:38.424	11250		150.0
1283	19:40:38.439	11400		150.0
1284	19:40:38.454	11550		150.0
1285	19:40:38.469	11700		150.0
1286	19:40:38.483	11850		150.0
1287	19:40:38.497	12000		150.0
1288	19:40:38.512	12150		150.0
1289	19:40:38.528	12300		150.0
1290	19:40:38.528	12450		150.0
1291	19:40:38.528	12600		150.0
1292	19:40:38.542	12750		150.0
1293	19:40:38.557	12900		150.0
1294	19:40:38.572	13050		150.0
1295	19:40:38.587	13200		150.0
1296	19:40:38.602	13350		150.0
1297	19:40:38.617	13500		150.0
1298	19:40:38.632	13650		150.0
1299	19:40:38.647	13800		150.0
1300	19:40:38.662	13950		150.0
1301	19:40:38.678	14100		150.0
1302	19:40:38.678	14250		150.0
1303	19:40:38.678	14400		150.0
1304	19:40:38.692	14550		150.0
1305	19:40:38.707	14700		150.0
1306	19:40:38.724	14850		150.0
1307	19:40:38.767	15000		150.0
1308	19:40:38.784	15150		150.0
1309	19:40:38.798	15300		150.0
1310	19:40:38.798	15450		150.0
1311	19:40:38.798	15600		150.0
1312	19:40:38.798	15750		150.0
1313	19:40:38.813	15900		150.0
1314	19:40:38.829	16050		150.0
1315	19:40:38.844	16200		150.0
1316	19:40:38.874	16350		150.0
1317	19:40:38.889	16500		150.0
1318	19:40:38.904	16650		150.0
1319	19:40:38.904	16800		150.0
1320	19:40:38.918	16950		150.0
1321	19:40:38.918	17100		150.0
1322	19:40:38.934	17250		150.0
1323	19:40:38.949	17400		150.0
1324	19:40:38.963	17550		150.0
1325	19:40:38.964	17700		150.0
1326	19:40:38.964	17850		150.0
1327	19:40:38.979	18000		150.0
1328	19:40:38.994	18150		150.0
1329	19:40:39.023	18300		150.0
1330	19:40:39.039	18450		150.0
1331	19:40:39.054	18600		150.0
1332	19:40:39.054	18750		150.0
1333	19:40:39.055	18900		150.0
1334	19:40:39.070	19050		150.0
1335	19:40:39.084	19200		150.0
1336	19:40:39.099	19350		150.0
1337	19:40:39.114	19500		150.0
1338	19:40:39.129	19650		150.0
1339	19:40:39.144	19800		150.0
1340	19:40:39.159	19950		150.0
1341	19:40:39.174	0		150.0
1342	19:40:39.188	150		150.0
1343	19:40:39.188	300		150.0
1344	19:40:39.188	450		150.0
1345	19:40:39.204	600		150.0
1346	19:40:39.219	750		150.0
1347	19:40:39.234	900		150.0
1348	19:40:39.264	1050		150.0
1349	19:40:39.279	1200		150.0
1350	19:40:39.293	1350		150.0
1351	19:40:39.294	1500		150.0
1352	19:40:39.294	1650		150.0
1353	19:40:39.309	1800		150.0
1354	19:40:39.324	1950		150.0
1355	19:40:39.339	2100		150.0
1356	19:40:39.354	2250		150.0
1357	19:40:39.369	2400		150.0
1358	19:40:39.384	2550		150.0
1359	19:40:39.399	2700		150.0
1360	19:40:39.414	2850		150.0
1361	19:40:39.427	3000		150.0
1362	19:40:39.443	3150		150.0
1363	19:40:39.443	3300		150.0
1364	19:40:39.443	3450		150.0
1365	19:40:39.459	3600		150.0
1366	19:40:39.489	3750		150.0
1367	19:40:39.504	3900		150.0
1368	19:40:39.518	4050		150.0
1369	19:40:39.518	4200		150.0
1370	19:40:39.518	4350		150.0
1371	19:40:39.532	4500		150.0
1372	19:40:39.549	4650		150.0
1373	19:40:39.564	4800		150.0
1374	19:40:39.594	4950		150.0
1375	19:40:39.609	5100		150.0
1376	19:40:39.624	5250		150.0
1377	19:40:39.624	5400		150.0
1378	19:40:39.624	5550		150.0
1379	19:40:39.639	5700		150.0
1380	19:40:39.654	5850		150.0
1381	19:40:39.669	6000		150.0
1382	19:40:39.684	6150		150.0
1383	19:40:39.699	6300		150.0
1384	19:40:39.714	6450		150.0
1385	19:40:39.729	6600		150.0
1386	19:40:39.743	6750		150.0
1387	19:40:39.743	6900		150.0
1388	19:40:39.743	7050		150.0
1389	19:40:39.772	7200		150.0
1390	19:40:39.789	7350		150.0
1391	19:40:39.804	7500		150.0
1392	19:40:39.818	7650		150.0
1393	19:40:39.818	7800		150.0
1394	19:40:39.818	7950		150.0
1395	19:40:39.846	8100		150.0
1396	19:40:39.877	8250		150.0
1397	19:40:39.894	8400		150.0
1398	19:40:39.909	8550		150.0
1399	19:40:39.909	8700		150.0
1400	19:40:39.909	8850		150.0
1401	19:40:39.909	9000		150.0
1402	19:40:39.924	9150		150.0
1403	19:40:39.938	9300		150.0
1404	19:40:39.953	9450		150.0
1405	19:40:39.968	9600		150.0
1406	19:40:39.983	9750		150.0
1407	19:40:39.997	9900		150.0
1408	19:40:40.012	10050		150.0
1409	19:40:40.028	10200		150.0
1410	19:40:40.028	10350		150.0
1411	19:40:40.028	10500		150.0
1412	19:40:40.042	10650		150.0
1413	19:40:40.057	10800		150.0
1414	19:40:40.072	10950		150.0
1415	19:40:40.101	11100		150.0
1416	19:40:40.117	11250		150.0
1417	19:40:40.133	11400		150.0
1418	19:40:40.133	11550		150.0
1419	19:40:40.133	11700		150.0
1420	19:40:40.147	11850		150.0
1421	19:40:40.162	12000		150.0
1422	19:40:40.177	12150		150.0
1423	19:40:40.194	12300		150.0
1424	19:40:40.209	12450		150.0
1425	19:40:40.224	12600		150.0
1426	19:40:40.239	12750		150.0
1427	19:40:40.253	12900		150.0
1428	19:40:40.253	13050		150.0
1429	19:40:40.255	13200		150.0
1430	19:40:40.268	13350		150.0
1431	19:40:40.283	13500		150.0
1432	19:40:40.297	13650		150.0
1433	19:40:40.312	13800		150.0
1434	19:40:40.327	13950		150.0
1435	19:40:40.342	14100		150.0
1436	19:40:40.371	14250		150.0
1437	19:40:40.387	14400		150.0
1438	19:40:40.403	14550		150.0
1439	19:40:40.403	14700		150.0
1440	19:40:40.403	14850		150.0
1441	19:40:40.404	15000		150.0
1442	19:40:40.417	15150		150.0
1443	19:40:40.432	15300		150.0
1444	19:40:40.447	15450		150.0
1445	19:40:40.476	15600		150.0
1446	19:40:40.506	15750		150.0
1447	19:40:40.523	15900		150.0
1448	19:40:40.523	16050		150.0
1449	19:40:40.523	16200		150.0
1450	19:40:40.524	16350		150.0
1451	19:40:40.539	16500		150.0
1452	19:40:40.554	16650		150.0
1453	19:40:40.568	16800		150.0
1454	19:40:40.597	16950		150.0
1455	19:40:40.614	17100		150.0
1456	19:40:40.629	17250		150.0
1457	19:40:40.643	17400		150.0
1458	19:40:40.643	17550		150.0
1459	19:40:40.646	17700		150.0
1460	19:40:40.646	17850		150.0
1461	19:40:40.674	18000		150.0
1462	19:40:40.689	18150		150.0
1463	19:40:40.704	18300		150.0
1464	19:40:40.704	18450		150.0
1465	19:40:40.704	18600		150.0
1466	19:40:40.719	18750		150.0
1467	19:40:40.734	18900		150.0
1468	19:40:40.749	19050		150.0
1469	19:40:40.792	19200		150.0
1470	19:40:40.809	19350		150.0
1471	19:40:40.824	19500		150.0
1472	19:40:40.824	19650		150.0
1473	19:40:40.824	19800		150.0
1474	19:40:40.824	19950		150.0
1475	19:40:40.839	0		150.0
