scan_time分析报告 - KB04122-主板固定60Hz发送4.txt
==================================================

基本统计信息:
  总数据包数: 1475
  有效scan_time数: 1475
  最大scan_time值: 19950
  最小scan_time值: 0
  scan_time范围: 19950

递增规律分析:
  理论递增值: 150
  实际平均递增值: 149.25
  递增值标准差: 8.61
  最小递增值: 50
  最大递增值: 150

重置分析:
  检测到重置次数: 11
  重置点位置: [134, 268, 402, 536, 670, 804, 938, 1072, 1206, 1340]...
  平均重置间隔: 122.9 包/次

一致性评估:
  一致性评分: 0.104 (1.0为完美一致)
  评估结果: 较差 - scan_time递增不稳定

详细数据:
序号	时间戳		scan_time	递增值
--------------------------------------------------
1	19:54:51.661	0		N/A
2	19:54:51.678	150		150.0
3	19:54:51.693	300		150.0
4	19:54:51.708	450		150.0
5	19:54:51.723	600		150.0
6	19:54:51.738	750		150.0
7	19:54:51.753	900		150.0
8	19:54:51.768	1050		150.0
9	19:54:51.783	1200		150.0
10	19:54:51.798	1350		150.0
11	19:54:51.813	1500		150.0
12	19:54:51.828	1650		150.0
13	19:54:51.843	1800		150.0
14	19:54:51.873	1950		150.0
15	19:54:51.888	2100		150.0
16	19:54:51.903	2250		150.0
17	19:54:51.918	2400		150.0
18	19:54:51.933	2550		150.0
19	19:54:51.948	2700		150.0
20	19:54:51.963	2850		150.0
21	19:54:51.978	3000		150.0
22	19:54:52.007	3150		150.0
23	19:54:52.023	3300		150.0
24	19:54:52.038	3450		150.0
25	19:54:52.053	3600		150.0
26	19:54:52.068	3750		150.0
27	19:54:52.083	3900		150.0
28	19:54:52.098	4050		150.0
29	19:54:52.111	4200		150.0
30	19:54:52.128	4350		150.0
31	19:54:52.158	4500		150.0
32	19:54:52.173	4650		150.0
33	19:54:52.188	4800		150.0
34	19:54:52.203	4950		150.0
35	19:54:52.218	5100		150.0
36	19:54:52.233	5250		150.0
37	19:54:52.263	5400		150.0
38	19:54:52.278	5550		150.0
39	19:54:52.293	5700		150.0
40	19:54:52.308	5850		150.0
41	19:54:52.323	6000		150.0
42	19:54:52.338	6150		150.0
43	19:54:52.353	6300		150.0
44	19:54:52.383	6450		150.0
45	19:54:52.398	6600		150.0
46	19:54:52.413	6750		150.0
47	19:54:52.428	6900		150.0
48	19:54:52.443	7050		150.0
49	19:54:52.458	7200		150.0
50	19:54:52.473	7350		150.0
51	19:54:52.488	7500		150.0
52	19:54:52.503	7650		150.0
53	19:54:52.518	7800		150.0
54	19:54:52.533	7950		150.0
55	19:54:52.561	8100		150.0
56	19:54:52.578	8250		150.0
57	19:54:52.593	8400		150.0
58	19:54:52.608	8550		150.0
59	19:54:52.622	8700		150.0
60	19:54:52.638	8850		150.0
61	19:54:52.653	9000		150.0
62	19:54:52.668	9150		150.0
63	19:54:52.683	9300		150.0
64	19:54:52.711	9450		150.0
65	19:54:52.727	9600		150.0
66	19:54:52.741	9750		150.0
67	19:54:52.756	9900		150.0
68	19:54:52.800	10050		150.0
69	19:54:52.816	10200		150.0
70	19:54:52.831	10350		150.0
71	19:54:52.846	10500		150.0
72	19:54:52.861	10650		150.0
73	19:54:52.876	10800		150.0
74	19:54:52.891	10950		150.0
75	19:54:52.906	11100		150.0
76	19:54:52.921	11250		150.0
77	19:54:52.936	11400		150.0
78	19:54:52.951	11550		150.0
79	19:54:52.966	11700		150.0
80	19:54:52.982	11850		150.0
81	19:54:52.998	12000		150.0
82	19:54:53.013	12150		150.0
83	19:54:53.028	12300		150.0
84	19:54:53.043	12450		150.0
85	19:54:53.058	12600		150.0
86	19:54:53.073	12750		150.0
87	19:54:53.088	12900		150.0
88	19:54:53.116	13050		150.0
89	19:54:53.145	13200		150.0
90	19:54:53.162	13350		150.0
91	19:54:53.178	13500		150.0
92	19:54:53.193	13650		150.0
93	19:54:53.208	13800		150.0
94	19:54:53.223	13950		150.0
95	19:54:53.236	14100		150.0
96	19:54:53.253	14250		150.0
97	19:54:53.268	14400		150.0
98	19:54:53.298	14550		150.0
99	19:54:53.313	14700		150.0
100	19:54:53.328	14850		150.0
101	19:54:53.342	15000		150.0
102	19:54:53.370	15150		150.0
103	19:54:53.388	15300		150.0
104	19:54:53.418	15450		150.0
105	19:54:53.433	15600		150.0
106	19:54:53.448	15750		150.0
107	19:54:53.463	15900		150.0
108	19:54:53.478	16050		150.0
109	19:54:53.493	16200		150.0
110	19:54:53.508	16350		150.0
111	19:54:53.523	16500		150.0
112	19:54:53.538	16650		150.0
113	19:54:53.553	16800		150.0
114	19:54:53.568	16950		150.0
115	19:54:53.583	17100		150.0
116	19:54:53.598	17250		150.0
117	19:54:53.613	17400		150.0
118	19:54:53.628	17550		150.0
119	19:54:53.643	17700		150.0
120	19:54:53.658	17850		150.0
121	19:54:53.673	18000		150.0
122	19:54:53.688	18150		150.0
123	19:54:53.703	18300		150.0
124	19:54:53.718	18450		150.0
125	19:54:53.747	18600		150.0
126	19:54:53.763	18750		150.0
127	19:54:53.778	18900		150.0
128	19:54:53.793	19050		150.0
129	19:54:53.823	19200		150.0
130	19:54:53.838	19350		150.0
131	19:54:53.851	19500		150.0
132	19:54:53.868	19650		150.0
133	19:54:53.883	19800		150.0
134	19:54:53.898	19950		150.0
135	19:54:53.913	0		50.0
136	19:54:53.928	150		150.0
137	19:54:53.943	300		150.0
138	19:54:53.957	450		150.0
139	19:54:53.973	600		150.0
140	19:54:53.988	750		150.0
141	19:54:54.003	900		150.0
142	19:54:54.018	1050		150.0
143	19:54:54.033	1200		150.0
144	19:54:54.061	1350		150.0
145	19:54:54.078	1500		150.0
146	19:54:54.108	1650		150.0
147	19:54:54.123	1800		150.0
148	19:54:54.138	1950		150.0
149	19:54:54.153	2100		150.0
150	19:54:54.168	2250		150.0
151	19:54:54.183	2400		150.0
152	19:54:54.198	2550		150.0
153	19:54:54.213	2700		150.0
154	19:54:54.243	2850		150.0
155	19:54:54.258	3000		150.0
156	19:54:54.273	3150		150.0
157	19:54:54.288	3300		150.0
158	19:54:54.303	3450		150.0
159	19:54:54.318	3600		150.0
160	19:54:54.333	3750		150.0
161	19:54:54.348	3900		150.0
162	19:54:54.362	4050		150.0
163	19:54:54.378	4200		150.0
164	19:54:54.393	4350		150.0
165	19:54:54.408	4500		150.0
166	19:54:54.423	4650		150.0
167	19:54:54.453	4800		150.0
168	19:54:54.466	4950		150.0
169	19:54:54.483	5100		150.0
170	19:54:54.498	5250		150.0
171	19:54:54.513	5400		150.0
172	19:54:54.528	5550		150.0
173	19:54:54.543	5700		150.0
174	19:54:54.559	5850		150.0
175	19:54:54.573	6000		150.0
176	19:54:54.588	6150		150.0
177	19:54:54.618	6300		150.0
178	19:54:54.633	6450		150.0
179	19:54:54.648	6600		150.0
180	19:54:54.663	6750		150.0
181	19:54:54.678	6900		150.0
182	19:54:54.693	7050		150.0
183	19:54:54.708	7200		150.0
184	19:54:54.738	7350		150.0
185	19:54:54.753	7500		150.0
186	19:54:54.768	7650		150.0
187	19:54:54.783	7800		150.0
188	19:54:54.798	7950		150.0
189	19:54:54.813	8100		150.0
190	19:54:54.828	8250		150.0
191	19:54:54.843	8400		150.0
192	19:54:54.858	8550		150.0
193	19:54:54.873	8700		150.0
194	19:54:54.886	8850		150.0
195	19:54:54.903	9000		150.0
196	19:54:54.933	9150		150.0
197	19:54:54.948	9300		150.0
198	19:54:54.963	9450		150.0
199	19:54:54.976	9600		150.0
200	19:54:54.993	9750		150.0
201	19:54:55.008	9900		150.0
202	19:54:55.023	10050		150.0
203	19:54:55.038	10200		150.0
204	19:54:55.053	10350		150.0
205	19:54:55.080	10500		150.0
206	19:54:55.098	10650		150.0
207	19:54:55.113	10800		150.0
208	19:54:55.128	10950		150.0
209	19:54:55.144	11100		150.0
210	19:54:55.158	11250		150.0
211	19:54:55.173	11400		150.0
212	19:54:55.187	11550		150.0
213	19:54:55.203	11700		150.0
214	19:54:55.218	11850		150.0
215	19:54:55.246	12000		150.0
216	19:54:55.263	12150		150.0
217	19:54:55.278	12300		150.0
218	19:54:55.293	12450		150.0
219	19:54:55.308	12600		150.0
220	19:54:55.323	12750		150.0
221	19:54:55.353	12900		150.0
222	19:54:55.368	13050		150.0
223	19:54:55.383	13200		150.0
224	19:54:55.398	13350		150.0
225	19:54:55.413	13500		150.0
226	19:54:55.428	13650		150.0
227	19:54:55.443	13800		150.0
228	19:54:55.458	13950		150.0
229	19:54:55.487	14100		150.0
230	19:54:55.503	14250		150.0
231	19:54:55.518	14400		150.0
232	19:54:55.533	14550		150.0
233	19:54:55.548	14700		150.0
234	19:54:55.563	14850		150.0
235	19:54:55.578	15000		150.0
236	19:54:55.591	15150		150.0
237	19:54:55.608	15300		150.0
238	19:54:55.638	15450		150.0
239	19:54:55.653	15600		150.0
240	19:54:55.668	15750		150.0
241	19:54:55.683	15900		150.0
242	19:54:55.696	16050		150.0
243	19:54:55.726	16200		150.0
244	19:54:55.744	16350		150.0
245	19:54:55.773	16500		150.0
246	19:54:55.788	16650		150.0
247	19:54:55.803	16800		150.0
248	19:54:55.818	16950		150.0
249	19:54:55.833	17100		150.0
250	19:54:55.848	17250		150.0
251	19:54:55.863	17400		150.0
252	19:54:55.878	17550		150.0
253	19:54:55.893	17700		150.0
254	19:54:55.908	17850		150.0
255	19:54:55.923	18000		150.0
256	19:54:55.966	18150		150.0
257	19:54:55.983	18300		150.0
258	19:54:55.997	18450		150.0
259	19:54:55.997	18600		150.0
260	19:54:55.997	18750		150.0
261	19:54:56.026	18900		150.0
262	19:54:56.043	19050		150.0
263	19:54:56.058	19200		150.0
264	19:54:56.073	19350		150.0
265	19:54:56.088	19500		150.0
266	19:54:56.102	19650		150.0
267	19:54:56.116	19800		150.0
268	19:54:56.131	19950		150.0
269	19:54:56.148	0		50.0
270	19:54:56.163	150		150.0
271	19:54:56.193	300		150.0
272	19:54:56.206	450		150.0
273	19:54:56.223	600		150.0
274	19:54:56.238	750		150.0
275	19:54:56.253	900		150.0
276	19:54:56.268	1050		150.0
277	19:54:56.283	1200		150.0
278	19:54:56.298	1350		150.0
279	19:54:56.311	1500		150.0
280	19:54:56.328	1650		150.0
281	19:54:56.371	1800		150.0
282	19:54:56.388	1950		150.0
283	19:54:56.403	2100		150.0
284	19:54:56.417	2250		150.0
285	19:54:56.433	2400		150.0
286	19:54:56.463	2550		150.0
287	19:54:56.478	2700		150.0
288	19:54:56.493	2850		150.0
289	19:54:56.493	3000		150.0
290	19:54:56.508	3150		150.0
291	19:54:56.523	3300		150.0
292	19:54:56.538	3450		150.0
293	19:54:56.553	3600		150.0
294	19:54:56.568	3750		150.0
295	19:54:56.583	3900		150.0
296	19:54:56.598	4050		150.0
297	19:54:56.613	4200		150.0
298	19:54:56.628	4350		150.0
299	19:54:56.643	4500		150.0
300	19:54:56.673	4650		150.0
301	19:54:56.688	4800		150.0
302	19:54:56.717	4950		150.0
303	19:54:56.733	5100		150.0
304	19:54:56.748	5250		150.0
305	19:54:56.763	5400		150.0
306	19:54:56.778	5550		150.0
307	19:54:56.793	5700		150.0
308	19:54:56.808	5850		150.0
309	19:54:56.821	6000		150.0
310	19:54:56.838	6150		150.0
311	19:54:56.853	6300		150.0
312	19:54:56.868	6450		150.0
313	19:54:56.883	6600		150.0
314	19:54:56.913	6750		150.0
315	19:54:56.928	6900		150.0
316	19:54:56.943	7050		150.0
317	19:54:56.958	7200		150.0
318	19:54:56.973	7350		150.0
319	19:54:56.988	7500		150.0
320	19:54:57.003	7650		150.0
321	19:54:57.018	7800		150.0
322	19:54:57.033	7950		150.0
323	19:54:57.063	8100		150.0
324	19:54:57.078	8250		150.0
325	19:54:57.093	8400		150.0
326	19:54:57.108	8550		150.0
327	19:54:57.123	8700		150.0
328	19:54:57.136	8850		150.0
329	19:54:57.153	9000		150.0
330	19:54:57.168	9150		150.0
331	19:54:57.198	9300		150.0
332	19:54:57.213	9450		150.0
333	19:54:57.227	9600		150.0
334	19:54:57.243	9750		150.0
335	19:54:57.258	9900		150.0
336	19:54:57.273	10050		150.0
337	19:54:57.288	10200		150.0
338	19:54:57.303	10350		150.0
339	19:54:57.331	10500		150.0
340	19:54:57.348	10650		150.0
341	19:54:57.363	10800		150.0
342	19:54:57.378	10950		150.0
343	19:54:57.393	11100		150.0
344	19:54:57.408	11250		150.0
345	19:54:57.423	11400		150.0
346	19:54:57.436	11550		150.0
347	19:54:57.465	11700		150.0
348	19:54:57.483	11850		150.0
349	19:54:57.498	12000		150.0
350	19:54:57.513	12150		150.0
351	19:54:57.528	12300		150.0
352	19:54:57.543	12450		150.0
353	19:54:57.558	12600		150.0
354	19:54:57.588	12750		150.0
355	19:54:57.618	12900		150.0
356	19:54:57.633	13050		150.0
357	19:54:57.648	13200		150.0
358	19:54:57.663	13350		150.0
359	19:54:57.678	13500		150.0
360	19:54:57.708	13650		150.0
361	19:54:57.723	13800		150.0
362	19:54:57.738	13950		150.0
363	19:54:57.738	14100		150.0
364	19:54:57.738	14250		150.0
365	19:54:57.753	14400		150.0
366	19:54:57.781	14550		150.0
367	19:54:57.798	14700		150.0
368	19:54:57.813	14850		150.0
369	19:54:57.828	15000		150.0
370	19:54:57.842	15150		150.0
371	19:54:57.858	15300		150.0
372	19:54:57.888	15450		150.0
373	19:54:57.903	15600		150.0
374	19:54:57.918	15750		150.0
375	19:54:57.933	15900		150.0
376	19:54:57.946	16050		150.0
377	19:54:57.963	16200		150.0
378	19:54:57.978	16350		150.0
379	19:54:57.993	16500		150.0
380	19:54:58.023	16650		150.0
381	19:54:58.038	16800		150.0
382	19:54:58.051	16950		150.0
383	19:54:58.068	17100		150.0
384	19:54:58.083	17250		150.0
385	19:54:58.113	17400		150.0
386	19:54:58.128	17550		150.0
387	19:54:58.143	17700		150.0
388	19:54:58.157	17850		150.0
389	19:54:58.185	18000		150.0
390	19:54:58.203	18150		150.0
391	19:54:58.218	18300		150.0
392	19:54:58.233	18450		150.0
393	19:54:58.248	18600		150.0
394	19:54:58.263	18750		150.0
395	19:54:58.278	18900		150.0
396	19:54:58.293	19050		150.0
397	19:54:58.323	19200		150.0
398	19:54:58.338	19350		150.0
399	19:54:58.353	19500		150.0
400	19:54:58.368	19650		150.0
401	19:54:58.383	19800		150.0
402	19:54:58.398	19950		150.0
403	19:54:58.413	0		50.0
404	19:54:58.428	150		150.0
405	19:54:58.443	300		150.0
406	19:54:58.457	450		150.0
407	19:54:58.473	600		150.0
408	19:54:58.488	750		150.0
409	19:54:58.503	900		150.0
410	19:54:58.518	1050		150.0
411	19:54:58.533	1200		150.0
412	19:54:58.548	1350		150.0
413	19:54:58.575	1500		150.0
414	19:54:58.593	1650		150.0
415	19:54:58.608	1800		150.0
416	19:54:58.623	1950		150.0
417	19:54:58.638	2100		150.0
418	19:54:58.653	2250		150.0
419	19:54:58.666	2400		150.0
420	19:54:58.683	2550		150.0
421	19:54:58.698	2700		150.0
422	19:54:58.742	2850		150.0
423	19:54:58.758	3000		150.0
424	19:54:58.773	3150		150.0
425	19:54:58.788	3300		150.0
426	19:54:58.803	3450		150.0
427	19:54:58.818	3600		150.0
428	19:54:58.833	3750		150.0
429	19:54:58.848	3900		150.0
430	19:54:58.863	4050		150.0
431	19:54:58.878	4200		150.0
432	19:54:58.893	4350		150.0
433	19:54:58.908	4500		150.0
434	19:54:58.923	4650		150.0
435	19:54:58.938	4800		150.0
436	19:54:58.968	4950		150.0
437	19:54:58.983	5100		150.0
438	19:54:58.998	5250		150.0
439	19:54:59.013	5400		150.0
440	19:54:59.028	5550		150.0
441	19:54:59.043	5700		150.0
442	19:54:59.058	5850		150.0
443	19:54:59.072	6000		150.0
444	19:54:59.088	6150		150.0
445	19:54:59.118	6300		150.0
446	19:54:59.133	6450		150.0
447	19:54:59.148	6600		150.0
448	19:54:59.163	6750		150.0
449	19:54:59.176	6900		150.0
450	19:54:59.193	7050		150.0
451	19:54:59.208	7200		150.0
452	19:54:59.223	7350		150.0
453	19:54:59.238	7500		150.0
454	19:54:59.253	7650		150.0
455	19:54:59.282	7800		150.0
456	19:54:59.298	7950		150.0
457	19:54:59.313	8100		150.0
458	19:54:59.343	8250		150.0
459	19:54:59.358	8400		150.0
460	19:54:59.373	8550		150.0
461	19:54:59.388	8700		150.0
462	19:54:59.403	8850		150.0
463	19:54:59.418	9000		150.0
464	19:54:59.448	9150		150.0
465	19:54:59.463	9300		150.0
466	19:54:59.478	9450		150.0
467	19:54:59.493	9600		150.0
468	19:54:59.508	9750		150.0
469	19:54:59.523	9900		150.0
470	19:54:59.553	10050		150.0
471	19:54:59.568	10200		150.0
472	19:54:59.583	10350		150.0
473	19:54:59.583	10500		150.0
474	19:54:59.611	10650		150.0
475	19:54:59.628	10800		150.0
476	19:54:59.643	10950		150.0
477	19:54:59.658	11100		150.0
478	19:54:59.673	11250		150.0
479	19:54:59.687	11400		150.0
480	19:54:59.703	11550		150.0
481	19:54:59.718	11700		150.0
482	19:54:59.733	11850		150.0
483	19:54:59.748	12000		150.0
484	19:54:59.763	12150		150.0
485	19:54:59.778	12300		150.0
486	19:54:59.791	12450		150.0
487	19:54:59.808	12600		150.0
488	19:54:59.823	12750		150.0
489	19:54:59.851	12900		150.0
490	19:54:59.868	13050		150.0
491	19:54:59.883	13200		150.0
492	19:54:59.898	13350		150.0
493	19:54:59.913	13500		150.0
494	19:54:59.928	13650		150.0
495	19:54:59.942	13800		150.0
496	19:54:59.958	13950		150.0
497	19:54:59.973	14100		150.0
498	19:54:59.988	14250		150.0
499	19:55:00.003	14400		150.0
500	19:55:00.018	14550		150.0
501	19:55:00.033	14700		150.0
502	19:55:00.063	14850		150.0
503	19:55:00.078	15000		150.0
504	19:55:00.093	15150		150.0
505	19:55:00.108	15300		150.0
506	19:55:00.123	15450		150.0
507	19:55:00.138	15600		150.0
508	19:55:00.152	15750		150.0
509	19:55:00.168	15900		150.0
510	19:55:00.183	16050		150.0
511	19:55:00.198	16200		150.0
512	19:55:00.226	16350		150.0
513	19:55:00.243	16500		150.0
514	19:55:00.258	16650		150.0
515	19:55:00.273	16800		150.0
516	19:55:00.288	16950		150.0
517	19:55:00.301	17100		150.0
518	19:55:00.318	17250		150.0
519	19:55:00.333	17400		150.0
520	19:55:00.348	17550		150.0
521	19:55:00.363	17700		150.0
522	19:55:00.391	17850		150.0
523	19:55:00.406	18000		150.0
524	19:55:00.423	18150		150.0
525	19:55:00.438	18300		150.0
526	19:55:00.453	18450		150.0
527	19:55:00.468	18600		150.0
528	19:55:00.483	18750		150.0
529	19:55:00.498	18900		150.0
530	19:55:00.512	19050		150.0
531	19:55:00.541	19200		150.0
532	19:55:00.558	19350		150.0
533	19:55:00.573	19500		150.0
534	19:55:00.588	19650		150.0
535	19:55:00.603	19800		150.0
536	19:55:00.618	19950		150.0
537	19:55:00.633	0		50.0
538	19:55:00.648	150		150.0
539	19:55:00.678	300		150.0
540	19:55:00.693	450		150.0
541	19:55:00.708	600		150.0
542	19:55:00.723	750		150.0
543	19:55:00.738	900		150.0
544	19:55:00.753	1050		150.0
545	19:55:00.768	1200		150.0
546	19:55:00.783	1350		150.0
547	19:55:00.798	1500		150.0
548	19:55:00.812	1650		150.0
549	19:55:00.828	1800		150.0
550	19:55:00.858	1950		150.0
551	19:55:00.873	2100		150.0
552	19:55:00.888	2250		150.0
553	19:55:00.903	2400		150.0
554	19:55:00.916	2550		150.0
555	19:55:00.933	2700		150.0
556	19:55:00.948	2850		150.0
557	19:55:00.963	3000		150.0
558	19:55:00.978	3150		150.0
559	19:55:00.993	3300		150.0
560	19:55:01.022	3450		150.0
561	19:55:01.038	3600		150.0
562	19:55:01.053	3750		150.0
563	19:55:01.083	3900		150.0
564	19:55:01.098	4050		150.0
565	19:55:01.113	4200		150.0
566	19:55:01.128	4350		150.0
567	19:55:01.143	4500		150.0
568	19:55:01.158	4650		150.0
569	19:55:01.173	4800		150.0
570	19:55:01.188	4950		150.0
571	19:55:01.203	5100		150.0
572	19:55:01.218	5250		150.0
573	19:55:01.233	5400		150.0
574	19:55:01.247	5550		150.0
575	19:55:01.263	5700		150.0
576	19:55:01.278	5850		150.0
577	19:55:01.293	6000		150.0
578	19:55:01.308	6150		150.0
579	19:55:01.338	6300		150.0
580	19:55:01.353	6450		150.0
581	19:55:01.368	6600		150.0
582	19:55:01.383	6750		150.0
583	19:55:01.398	6900		150.0
584	19:55:01.413	7050		150.0
585	19:55:01.427	7200		150.0
586	19:55:01.443	7350		150.0
587	19:55:01.458	7500		150.0
588	19:55:01.488	7650		150.0
589	19:55:01.503	7800		150.0
590	19:55:01.518	7950		150.0
591	19:55:01.531	8100		150.0
592	19:55:01.548	8250		150.0
593	19:55:01.563	8400		150.0
594	19:55:01.578	8550		150.0
595	19:55:01.593	8700		150.0
596	19:55:01.608	8850		150.0
597	19:55:01.623	9000		150.0
598	19:55:01.653	9150		150.0
599	19:55:01.668	9300		150.0
600	19:55:01.683	9450		150.0
601	19:55:01.698	9600		150.0
602	19:55:01.713	9750		150.0
603	19:55:01.728	9900		150.0
604	19:55:01.743	10050		150.0
605	19:55:01.758	10200		150.0
606	19:55:01.773	10350		150.0
607	19:55:01.803	10500		150.0
608	19:55:01.818	10650		150.0
609	19:55:01.833	10800		150.0
610	19:55:01.848	10950		150.0
611	19:55:01.863	11100		150.0
612	19:55:01.878	11250		150.0
613	19:55:01.893	11400		150.0
614	19:55:01.908	11550		150.0
615	19:55:01.923	11700		150.0
616	19:55:01.938	11850		150.0
617	19:55:01.966	12000		150.0
618	19:55:01.983	12150		150.0
619	19:55:01.998	12300		150.0
620	19:55:02.013	12450		150.0
621	19:55:02.028	12600		150.0
622	19:55:02.042	12750		150.0
623	19:55:02.058	12900		150.0
624	19:55:02.072	13050		150.0
625	19:55:02.088	13200		150.0
626	19:55:02.118	13350		150.0
627	19:55:02.133	13500		150.0
628	19:55:02.146	13650		150.0
629	19:55:02.163	13800		150.0
630	19:55:02.178	13950		150.0
631	19:55:02.208	14100		150.0
632	19:55:02.223	14250		150.0
633	19:55:02.238	14400		150.0
634	19:55:02.253	14550		150.0
635	19:55:02.268	14700		150.0
636	19:55:02.283	14850		150.0
637	19:55:02.298	15000		150.0
638	19:55:02.313	15150		150.0
639	19:55:02.328	15300		150.0
640	19:55:02.343	15450		150.0
641	19:55:02.358	15600		150.0
642	19:55:02.373	15750		150.0
643	19:55:02.388	15900		150.0
644	19:55:02.418	16050		150.0
645	19:55:02.433	16200		150.0
646	19:55:02.448	16350		150.0
647	19:55:02.463	16500		150.0
648	19:55:02.478	16650		150.0
649	19:55:02.493	16800		150.0
650	19:55:02.508	16950		150.0
651	19:55:02.523	17100		150.0
652	19:55:02.538	17250		150.0
653	19:55:02.553	17400		150.0
654	19:55:02.568	17550		150.0
655	19:55:02.598	17700		150.0
656	19:55:02.613	17850		150.0
657	19:55:02.628	18000		150.0
658	19:55:02.643	18150		150.0
659	19:55:02.656	18300		150.0
660	19:55:02.673	18450		150.0
661	19:55:02.688	18600		150.0
662	19:55:02.703	18750		150.0
663	19:55:02.718	18900		150.0
664	19:55:02.746	19050		150.0
665	19:55:02.761	19200		150.0
666	19:55:02.778	19350		150.0
667	19:55:02.792	19500		150.0
668	19:55:02.837	19650		150.0
669	19:55:02.850	19800		150.0
670	19:55:02.868	19950		150.0
671	19:55:02.883	0		50.0
672	19:55:02.898	150		150.0
673	19:55:02.913	300		150.0
674	19:55:02.928	450		150.0
675	19:55:02.943	600		150.0
676	19:55:02.958	750		150.0
677	19:55:02.973	900		150.0
678	19:55:02.988	1050		150.0
679	19:55:03.003	1200		150.0
680	19:55:03.033	1350		150.0
681	19:55:03.048	1500		150.0
682	19:55:03.063	1650		150.0
683	19:55:03.078	1800		150.0
684	19:55:03.093	1950		150.0
685	19:55:03.108	2100		150.0
686	19:55:03.123	2250		150.0
687	19:55:03.138	2400		150.0
688	19:55:03.152	2550		150.0
689	19:55:03.166	2700		150.0
690	19:55:03.182	2850		150.0
691	19:55:03.199	3000		150.0
692	19:55:03.213	3150		150.0
693	19:55:03.243	3300		150.0
694	19:55:03.258	3450		150.0
695	19:55:03.271	3600		150.0
696	19:55:03.288	3750		150.0
697	19:55:03.303	3900		150.0
698	19:55:03.318	4050		150.0
699	19:55:03.333	4200		150.0
700	19:55:03.348	4350		150.0
701	19:55:03.363	4500		150.0
702	19:55:03.377	4650		150.0
703	19:55:03.393	4800		150.0
704	19:55:03.408	4950		150.0
705	19:55:03.438	5100		150.0
706	19:55:03.453	5250		150.0
707	19:55:03.468	5400		150.0
708	19:55:03.483	5550		150.0
709	19:55:03.498	5700		150.0
710	19:55:03.513	5850		150.0
711	19:55:03.528	6000		150.0
712	19:55:03.543	6150		150.0
713	19:55:03.558	6300		150.0
714	19:55:03.573	6450		150.0
715	19:55:03.588	6600		150.0
716	19:55:03.618	6750		150.0
717	19:55:03.648	6900		150.0
718	19:55:03.663	7050		150.0
719	19:55:03.678	7200		150.0
720	19:55:03.693	7350		150.0
721	19:55:03.708	7500		150.0
722	19:55:03.723	7650		150.0
723	19:55:03.738	7800		150.0
724	19:55:03.753	7950		150.0
725	19:55:03.768	8100		150.0
726	19:55:03.782	8250		150.0
727	19:55:03.810	8400		150.0
728	19:55:03.828	8550		150.0
729	19:55:03.843	8700		150.0
730	19:55:03.858	8850		150.0
731	19:55:03.873	9000		150.0
732	19:55:03.886	9150		150.0
733	19:55:03.903	9300		150.0
734	19:55:03.918	9450		150.0
735	19:55:03.933	9600		150.0
736	19:55:03.948	9750		150.0
737	19:55:03.963	9900		150.0
738	19:55:03.978	10050		150.0
739	19:55:03.991	10200		150.0
740	19:55:04.008	10350		150.0
741	19:55:04.023	10500		150.0
742	19:55:04.038	10650		150.0
743	19:55:04.053	10800		150.0
744	19:55:04.068	10950		150.0
745	19:55:04.096	11100		150.0
746	19:55:04.113	11250		150.0
747	19:55:04.128	11400		150.0
748	19:55:04.158	11550		150.0
749	19:55:04.173	11700		150.0
750	19:55:04.188	11850		150.0
751	19:55:04.203	12000		150.0
752	19:55:04.218	12150		150.0
753	19:55:04.233	12300		150.0
754	19:55:04.248	12450		150.0
755	19:55:04.263	12600		150.0
756	19:55:04.278	12750		150.0
757	19:55:04.293	12900		150.0
758	19:55:04.308	13050		150.0
759	19:55:04.323	13200		150.0
760	19:55:04.338	13350		150.0
761	19:55:04.353	13500		150.0
762	19:55:04.368	13650		150.0
763	19:55:04.383	13800		150.0
764	19:55:04.413	13950		150.0
765	19:55:04.428	14100		150.0
766	19:55:04.443	14250		150.0
767	19:55:04.473	14400		150.0
768	19:55:04.488	14550		150.0
769	19:55:04.501	14700		150.0
770	19:55:04.518	14850		150.0
771	19:55:04.533	15000		150.0
772	19:55:04.548	15150		150.0
773	19:55:04.563	15300		150.0
774	19:55:04.578	15450		150.0
775	19:55:04.593	15600		150.0
776	19:55:04.606	15750		150.0
777	19:55:04.623	15900		150.0
778	19:55:04.638	16050		150.0
779	19:55:04.668	16200		150.0
780	19:55:04.683	16350		150.0
781	19:55:04.698	16500		150.0
782	19:55:04.713	16650		150.0
783	19:55:04.728	16800		150.0
784	19:55:04.743	16950		150.0
785	19:55:04.758	17100		150.0
786	19:55:04.773	17250		150.0
787	19:55:04.788	17400		150.0
788	19:55:04.803	17550		150.0
789	19:55:04.818	17700		150.0
790	19:55:04.833	17850		150.0
791	19:55:04.863	18000		150.0
792	19:55:04.878	18150		150.0
793	19:55:04.893	18300		150.0
794	19:55:04.908	18450		150.0
795	19:55:04.923	18600		150.0
796	19:55:04.938	18750		150.0
797	19:55:04.953	18900		150.0
798	19:55:04.966	19050		150.0
799	19:55:04.983	19200		150.0
800	19:55:04.999	19350		150.0
801	19:55:05.012	19500		150.0
802	19:55:05.040	19650		150.0
803	19:55:05.058	19800		150.0
804	19:55:05.073	19950		150.0
805	19:55:05.088	0		50.0
806	19:55:05.103	150		150.0
807	19:55:05.116	300		150.0
808	19:55:05.146	450		150.0
809	19:55:05.163	600		150.0
810	19:55:05.178	750		150.0
811	19:55:05.193	900		150.0
812	19:55:05.208	1050		150.0
813	19:55:05.221	1200		150.0
814	19:55:05.238	1350		150.0
815	19:55:05.267	1500		150.0
816	19:55:05.283	1650		150.0
817	19:55:05.298	1800		150.0
818	19:55:05.328	1950		150.0
819	19:55:05.343	2100		150.0
820	19:55:05.358	2250		150.0
821	19:55:05.388	2400		150.0
822	19:55:05.403	2550		150.0
823	19:55:05.418	2700		150.0
824	19:55:05.418	2850		150.0
825	19:55:05.433	3000		150.0
826	19:55:05.448	3150		150.0
827	19:55:05.463	3300		150.0
828	19:55:05.478	3450		150.0
829	19:55:05.508	3600		150.0
830	19:55:05.523	3750		150.0
831	19:55:05.538	3900		150.0
832	19:55:05.553	4050		150.0
833	19:55:05.568	4200		150.0
834	19:55:05.583	4350		150.0
835	19:55:05.598	4500		150.0
836	19:55:05.613	4650		150.0
837	19:55:05.626	4800		150.0
838	19:55:05.643	4950		150.0
839	19:55:05.673	5100		150.0
840	19:55:05.688	5250		150.0
841	19:55:05.703	5400		150.0
842	19:55:05.718	5550		150.0
843	19:55:05.732	5700		150.0
844	19:55:05.748	5850		150.0
845	19:55:05.763	6000		150.0
846	19:55:05.778	6150		150.0
847	19:55:05.793	6300		150.0
848	19:55:05.823	6450		150.0
849	19:55:05.838	6600		150.0
850	19:55:05.853	6750		150.0
851	19:55:05.868	6900		150.0
852	19:55:05.883	7050		150.0
853	19:55:05.898	7200		150.0
854	19:55:05.913	7350		150.0
855	19:55:05.928	7500		150.0
856	19:55:05.943	7650		150.0
857	19:55:05.958	7800		150.0
858	19:55:06.001	7950		150.0
859	19:55:06.018	8100		150.0
860	19:55:06.033	8250		150.0
861	19:55:06.048	8400		150.0
862	19:55:06.063	8550		150.0
863	19:55:06.078	8700		150.0
864	19:55:06.093	8850		150.0
865	19:55:06.108	9000		150.0
866	19:55:06.123	9150		150.0
867	19:55:06.137	9300		150.0
868	19:55:06.153	9450		150.0
869	19:55:06.168	9600		150.0
870	19:55:06.183	9750		150.0
871	19:55:06.198	9900		150.0
872	19:55:06.213	10050		150.0
873	19:55:06.228	10200		150.0
874	19:55:06.241	10350		150.0
875	19:55:06.258	10500		150.0
876	19:55:06.273	10650		150.0
877	19:55:06.303	10800		150.0
878	19:55:06.318	10950		150.0
879	19:55:06.333	11100		150.0
880	19:55:06.346	11250		150.0
881	19:55:06.364	11400		150.0
882	19:55:06.378	11550		150.0
883	19:55:06.406	11700		150.0
884	19:55:06.423	11850		150.0
885	19:55:06.438	12000		150.0
886	19:55:06.453	12150		150.0
887	19:55:06.468	12300		150.0
888	19:55:06.483	12450		150.0
889	19:55:06.513	12600		150.0
890	19:55:06.528	12750		150.0
891	19:55:06.543	12900		150.0
892	19:55:06.558	13050		150.0
893	19:55:06.573	13200		150.0
894	19:55:06.588	13350		150.0
895	19:55:06.603	13500		150.0
896	19:55:06.618	13650		150.0
897	19:55:06.633	13800		150.0
898	19:55:06.648	13950		150.0
899	19:55:06.663	14100		150.0
900	19:55:06.691	14250		150.0
901	19:55:06.708	14400		150.0
902	19:55:06.738	14550		150.0
903	19:55:06.752	14700		150.0
904	19:55:06.768	14850		150.0
905	19:55:06.783	15000		150.0
906	19:55:06.798	15150		150.0
907	19:55:06.813	15300		150.0
908	19:55:06.828	15450		150.0
909	19:55:06.843	15600		150.0
910	19:55:06.856	15750		150.0
911	19:55:06.873	15900		150.0
912	19:55:06.888	16050		150.0
913	19:55:06.903	16200		150.0
914	19:55:06.918	16350		150.0
915	19:55:06.933	16500		150.0
916	19:55:06.948	16650		150.0
917	19:55:06.962	16800		150.0
918	19:55:06.978	16950		150.0
919	19:55:07.021	17100		150.0
920	19:55:07.038	17250		150.0
921	19:55:07.053	17400		150.0
922	19:55:07.068	17550		150.0
923	19:55:07.083	17700		150.0
924	19:55:07.098	17850		150.0
925	19:55:07.113	18000		150.0
926	19:55:07.128	18150		150.0
927	19:55:07.143	18300		150.0
928	19:55:07.158	18450		150.0
929	19:55:07.171	18600		150.0
930	19:55:07.186	18750		150.0
931	19:55:07.201	18900		150.0
932	19:55:07.216	19050		150.0
933	19:55:07.245	19200		150.0
934	19:55:07.261	19350		150.0
935	19:55:07.276	19500		150.0
936	19:55:07.291	19650		150.0
937	19:55:07.306	19800		150.0
938	19:55:07.321	19950		150.0
939	19:55:07.336	0		50.0
940	19:55:07.351	150		150.0
941	19:55:07.366	300		150.0
942	19:55:07.382	450		150.0
943	19:55:07.410	600		150.0
944	19:55:07.428	750		150.0
945	19:55:07.443	900		150.0
946	19:55:07.458	1050		150.0
947	19:55:07.471	1200		150.0
948	19:55:07.488	1350		150.0
949	19:55:07.503	1500		150.0
950	19:55:07.518	1650		150.0
951	19:55:07.533	1800		150.0
952	19:55:07.561	1950		150.0
953	19:55:07.578	2100		150.0
954	19:55:07.593	2250		150.0
955	19:55:07.608	2400		150.0
956	19:55:07.623	2550		150.0
957	19:55:07.638	2700		150.0
958	19:55:07.653	2850		150.0
959	19:55:07.668	3000		150.0
960	19:55:07.682	3150		150.0
961	19:55:07.699	3300		150.0
962	19:55:07.741	3450		150.0
963	19:55:07.758	3600		150.0
964	19:55:07.773	3750		150.0
965	19:55:07.788	3900		150.0
966	19:55:07.803	4050		150.0
967	19:55:07.818	4200		150.0
968	19:55:07.833	4350		150.0
969	19:55:07.848	4500		150.0
970	19:55:07.863	4650		150.0
971	19:55:07.878	4800		150.0
972	19:55:07.893	4950		150.0
973	19:55:07.908	5100		150.0
974	19:55:07.923	5250		150.0
975	19:55:07.938	5400		150.0
976	19:55:07.953	5550		150.0
977	19:55:07.968	5700		150.0
978	19:55:07.981	5850		150.0
979	19:55:07.998	6000		150.0
980	19:55:08.013	6150		150.0
981	19:55:08.043	6300		150.0
982	19:55:08.058	6450		150.0
983	19:55:08.073	6600		150.0
984	19:55:08.086	6750		150.0
985	19:55:08.103	6900		150.0
986	19:55:08.118	7050		150.0
987	19:55:08.148	7200		150.0
988	19:55:08.163	7350		150.0
989	19:55:08.177	7500		150.0
990	19:55:08.191	7650		150.0
991	19:55:08.208	7800		150.0
992	19:55:08.223	7950		150.0
993	19:55:08.238	8100		150.0
994	19:55:08.253	8250		150.0
995	19:55:08.268	8400		150.0
996	19:55:08.283	8550		150.0
997	19:55:08.298	8700		150.0
998	19:55:08.313	8850		150.0
999	19:55:08.328	9000		150.0
1000	19:55:08.356	9150		150.0
1001	19:55:08.373	9300		150.0
1002	19:55:08.388	9450		150.0
1003	19:55:08.403	9600		150.0
1004	19:55:08.431	9750		150.0
1005	19:55:08.448	9900		150.0
1006	19:55:08.463	10050		150.0
1007	19:55:08.478	10200		150.0
1008	19:55:08.492	10350		150.0
1009	19:55:08.508	10500		150.0
1010	19:55:08.523	10650		150.0
1011	19:55:08.538	10800		150.0
1012	19:55:08.553	10950		150.0
1013	19:55:08.582	11100		150.0
1014	19:55:08.597	11250		150.0
1015	19:55:08.613	11400		150.0
1016	19:55:08.628	11550		150.0
1017	19:55:08.643	11700		150.0
1018	19:55:08.658	11850		150.0
1019	19:55:08.673	12000		150.0
1020	19:55:08.688	12150		150.0
1021	19:55:08.701	12300		150.0
1022	19:55:08.718	12450		150.0
1023	19:55:08.761	12600		150.0
1024	19:55:08.778	12750		150.0
1025	19:55:08.793	12900		150.0
1026	19:55:08.808	13050		150.0
1027	19:55:08.823	13200		150.0
1028	19:55:08.838	13350		150.0
1029	19:55:08.853	13500		150.0
1030	19:55:08.868	13650		150.0
1031	19:55:08.883	13800		150.0
1032	19:55:08.899	13950		150.0
1033	19:55:08.913	14100		150.0
1034	19:55:08.928	14250		150.0
1035	19:55:08.943	14400		150.0
1036	19:55:08.958	14550		150.0
1037	19:55:08.988	14700		150.0
1038	19:55:09.003	14850		150.0
1039	19:55:09.018	15000		150.0
1040	19:55:09.033	15150		150.0
1041	19:55:09.048	15300		150.0
1042	19:55:09.063	15450		150.0
1043	19:55:09.078	15600		150.0
1044	19:55:09.093	15750		150.0
1045	19:55:09.107	15900		150.0
1046	19:55:09.135	16050		150.0
1047	19:55:09.153	16200		150.0
1048	19:55:09.168	16350		150.0
1049	19:55:09.183	16500		150.0
1050	19:55:09.198	16650		150.0
1051	19:55:09.211	16800		150.0
1052	19:55:09.228	16950		150.0
1053	19:55:09.243	17100		150.0
1054	19:55:09.258	17250		150.0
1055	19:55:09.273	17400		150.0
1056	19:55:09.303	17550		150.0
1057	19:55:09.317	17700		150.0
1058	19:55:09.333	17850		150.0
1059	19:55:09.348	18000		150.0
1060	19:55:09.363	18150		150.0
1061	19:55:09.378	18300		150.0
1062	19:55:09.393	18450		150.0
1063	19:55:09.408	18600		150.0
1064	19:55:09.423	18750		150.0
1065	19:55:09.453	18900		150.0
1066	19:55:09.483	19050		150.0
1067	19:55:09.498	19200		150.0
1068	19:55:09.513	19350		150.0
1069	19:55:09.528	19500		150.0
1070	19:55:09.543	19650		150.0
1071	19:55:09.558	19800		150.0
1072	19:55:09.573	19950		150.0
1073	19:55:09.588	0		50.0
1074	19:55:09.603	150		150.0
1075	19:55:09.618	300		150.0
1076	19:55:09.633	450		150.0
1077	19:55:09.648	600		150.0
1078	19:55:09.663	750		150.0
1079	19:55:09.678	900		150.0
1080	19:55:09.693	1050		150.0
1081	19:55:09.708	1200		150.0
1082	19:55:09.722	1350		150.0
1083	19:55:09.750	1500		150.0
1084	19:55:09.768	1650		150.0
1085	19:55:09.783	1800		150.0
1086	19:55:09.797	1950		150.0
1087	19:55:09.813	2100		150.0
1088	19:55:09.826	2250		150.0
1089	19:55:09.843	2400		150.0
1090	19:55:09.858	2550		150.0
1091	19:55:09.873	2700		150.0
1092	19:55:09.888	2850		150.0
1093	19:55:09.903	3000		150.0
1094	19:55:09.931	3150		150.0
1095	19:55:09.948	3300		150.0
1096	19:55:09.963	3450		150.0
1097	19:55:09.991	3600		150.0
1098	19:55:10.008	3750		150.0
1099	19:55:10.023	3900		150.0
1100	19:55:10.038	4050		150.0
1101	19:55:10.053	4200		150.0
1102	19:55:10.068	4350		150.0
1103	19:55:10.098	4500		150.0
1104	19:55:10.113	4650		150.0
1105	19:55:10.128	4800		150.0
1106	19:55:10.143	4950		150.0
1107	19:55:10.157	5100		150.0
1108	19:55:10.173	5250		150.0
1109	19:55:10.188	5400		150.0
1110	19:55:10.203	5550		150.0
1111	19:55:10.218	5700		150.0
1112	19:55:10.233	5850		150.0
1113	19:55:10.248	6000		150.0
1114	19:55:10.263	6150		150.0
1115	19:55:10.278	6300		150.0
1116	19:55:10.293	6450		150.0
1117	19:55:10.308	6600		150.0
1118	19:55:10.323	6750		150.0
1119	19:55:10.337	6900		150.0
1120	19:55:10.353	7050		150.0
1121	19:55:10.368	7200		150.0
1122	19:55:10.398	7350		150.0
1123	19:55:10.413	7500		150.0
1124	19:55:10.428	7650		150.0
1125	19:55:10.441	7800		150.0
1126	19:55:10.458	7950		150.0
1127	19:55:10.473	8100		150.0
1128	19:55:10.503	8250		150.0
1129	19:55:10.518	8400		150.0
1130	19:55:10.533	8550		150.0
1131	19:55:10.548	8700		150.0
1132	19:55:10.563	8850		150.0
1133	19:55:10.578	9000		150.0
1134	19:55:10.593	9150		150.0
1135	19:55:10.608	9300		150.0
1136	19:55:10.623	9450		150.0
1137	19:55:10.638	9600		150.0
1138	19:55:10.653	9750		150.0
1139	19:55:10.668	9900		150.0
1140	19:55:10.683	10050		150.0
1141	19:55:10.713	10200		150.0
1142	19:55:10.728	10350		150.0
1143	19:55:10.743	10500		150.0
1144	19:55:10.758	10650		150.0
1145	19:55:10.773	10800		150.0
1146	19:55:10.788	10950		150.0
1147	19:55:10.803	11100		150.0
1148	19:55:10.818	11250		150.0
1149	19:55:10.833	11400		150.0
1150	19:55:10.863	11550		150.0
1151	19:55:10.878	11700		150.0
1152	19:55:10.893	11850		150.0
1153	19:55:10.908	12000		150.0
1154	19:55:10.923	12150		150.0
1155	19:55:10.938	12300		150.0
1156	19:55:10.951	12450		150.0
1157	19:55:10.968	12600		150.0
1158	19:55:10.983	12750		150.0
1159	19:55:10.998	12900		150.0
1160	19:55:11.028	13050		150.0
1161	19:55:11.057	13200		150.0
1162	19:55:11.073	13350		150.0
1163	19:55:11.088	13500		150.0
1164	19:55:11.103	13650		150.0
1165	19:55:11.118	13800		150.0
1166	19:55:11.133	13950		150.0
1167	19:55:11.148	14100		150.0
1168	19:55:11.162	14250		150.0
1169	19:55:11.178	14400		150.0
1170	19:55:11.193	14550		150.0
1171	19:55:11.208	14700		150.0
1172	19:55:11.223	14850		150.0
1173	19:55:11.238	15000		150.0
1174	19:55:11.253	15150		150.0
1175	19:55:11.268	15300		150.0
1176	19:55:11.283	15450		150.0
1177	19:55:11.298	15600		150.0
1178	19:55:11.328	15750		150.0
1179	19:55:11.343	15900		150.0
1180	19:55:11.358	16050		150.0
1181	19:55:11.373	16200		150.0
1182	19:55:11.388	16350		150.0
1183	19:55:11.403	16500		150.0
1184	19:55:11.418	16650		150.0
1185	19:55:11.433	16800		150.0
1186	19:55:11.448	16950		150.0
1187	19:55:11.462	17100		150.0
1188	19:55:11.478	17250		150.0
1189	19:55:11.508	17400		150.0
1190	19:55:11.523	17550		150.0
1191	19:55:11.538	17700		150.0
1192	19:55:11.553	17850		150.0
1193	19:55:11.566	18000		150.0
1194	19:55:11.583	18150		150.0
1195	19:55:11.598	18300		150.0
1196	19:55:11.613	18450		150.0
1197	19:55:11.628	18600		150.0
1198	19:55:11.658	18750		150.0
1199	19:55:11.672	18900		150.0
1200	19:55:11.688	19050		150.0
1201	19:55:11.703	19200		150.0
1202	19:55:11.746	19350		150.0
1203	19:55:11.763	19500		150.0
1204	19:55:11.777	19650		150.0
1205	19:55:11.793	19800		150.0
1206	19:55:11.808	19950		150.0
1207	19:55:11.823	0		50.0
1208	19:55:11.838	150		150.0
1209	19:55:11.853	300		150.0
1210	19:55:11.868	450		150.0
1211	19:55:11.883	600		150.0
1212	19:55:11.899	750		150.0
1213	19:55:11.913	900		150.0
1214	19:55:11.928	1050		150.0
1215	19:55:11.943	1200		150.0
1216	19:55:11.958	1350		150.0
1217	19:55:11.973	1500		150.0
1218	19:55:11.988	1650		150.0
1219	19:55:12.003	1800		150.0
1220	19:55:12.018	1950		150.0
1221	19:55:12.033	2100		150.0
1222	19:55:12.063	2250		150.0
1223	19:55:12.077	2400		150.0
1224	19:55:12.093	2550		150.0
1225	19:55:12.108	2700		150.0
1226	19:55:12.123	2850		150.0
1227	19:55:12.138	3000		150.0
1228	19:55:12.153	3150		150.0
1229	19:55:12.168	3300		150.0
1230	19:55:12.181	3450		150.0
1231	19:55:12.210	3600		150.0
1232	19:55:12.228	3750		150.0
1233	19:55:12.243	3900		150.0
1234	19:55:12.258	4050		150.0
1235	19:55:12.273	4200		150.0
1236	19:55:12.287	4350		150.0
1237	19:55:12.303	4500		150.0
1238	19:55:12.318	4650		150.0
1239	19:55:12.333	4800		150.0
1240	19:55:12.348	4950		150.0
1241	19:55:12.378	5100		150.0
1242	19:55:12.393	5250		150.0
1243	19:55:12.408	5400		150.0
1244	19:55:12.423	5550		150.0
1245	19:55:12.438	5700		150.0
1246	19:55:12.453	5850		150.0
1247	19:55:12.468	6000		150.0
1248	19:55:12.483	6150		150.0
1249	19:55:12.498	6300		150.0
1250	19:55:12.528	6450		150.0
1251	19:55:12.543	6600		150.0
1252	19:55:12.558	6750		150.0
1253	19:55:12.573	6900		150.0
1254	19:55:12.588	7050		150.0
1255	19:55:12.603	7200		150.0
1256	19:55:12.618	7350		150.0
1257	19:55:12.633	7500		150.0
1258	19:55:12.648	7650		150.0
1259	19:55:12.663	7800		150.0
1260	19:55:12.692	7950		150.0
1261	19:55:12.708	8100		150.0
1262	19:55:12.723	8250		150.0
1263	19:55:12.738	8400		150.0
1264	19:55:12.753	8550		150.0
1265	19:55:12.768	8700		150.0
1266	19:55:12.783	8850		150.0
1267	19:55:12.796	9000		150.0
1268	19:55:12.813	9150		150.0
1269	19:55:12.843	9300		150.0
1270	19:55:12.858	9450		150.0
1271	19:55:12.873	9600		150.0
1272	19:55:12.888	9750		150.0
1273	19:55:12.916	9900		150.0
1274	19:55:12.933	10050		150.0
1275	19:55:12.948	10200		150.0
1276	19:55:12.963	10350		150.0
1277	19:55:12.978	10500		150.0
1278	19:55:12.993	10650		150.0
1279	19:55:13.008	10800		150.0
1280	19:55:13.023	10950		150.0
1281	19:55:13.038	11100		150.0
1282	19:55:13.053	11250		150.0
1283	19:55:13.081	11400		150.0
1284	19:55:13.098	11550		150.0
1285	19:55:13.113	11700		150.0
1286	19:55:13.128	11850		150.0
1287	19:55:13.143	12000		150.0
1288	19:55:13.157	12150		150.0
1289	19:55:13.171	12300		150.0
1290	19:55:13.187	12450		150.0
1291	19:55:13.203	12600		150.0
1292	19:55:13.231	12750		150.0
1293	19:55:13.248	12900		150.0
1294	19:55:13.263	13050		150.0
1295	19:55:13.278	13200		150.0
1296	19:55:13.293	13350		150.0
1297	19:55:13.306	13500		150.0
1298	19:55:13.321	13650		150.0
1299	19:55:13.336	13800		150.0
1300	19:55:13.353	13950		150.0
1301	19:55:13.368	14100		150.0
1302	19:55:13.398	14250		150.0
1303	19:55:13.412	14400		150.0
1304	19:55:13.428	14550		150.0
1305	19:55:13.443	14700		150.0
1306	19:55:13.458	14850		150.0
1307	19:55:13.473	15000		150.0
1308	19:55:13.488	15150		150.0
1309	19:55:13.503	15300		150.0
1310	19:55:13.518	15450		150.0
1311	19:55:13.546	15600		150.0
1312	19:55:13.563	15750		150.0
1313	19:55:13.578	15900		150.0
1314	19:55:13.593	16050		150.0
1315	19:55:13.608	16200		150.0
1316	19:55:13.621	16350		150.0
1317	19:55:13.638	16500		150.0
1318	19:55:13.653	16650		150.0
1319	19:55:13.682	16800		150.0
1320	19:55:13.698	16950		150.0
1321	19:55:13.713	17100		150.0
1322	19:55:13.728	17250		150.0
1323	19:55:13.743	17400		150.0
1324	19:55:13.758	17550		150.0
1325	19:55:13.788	17700		150.0
1326	19:55:13.803	17850		150.0
1327	19:55:13.817	18000		150.0
1328	19:55:13.833	18150		150.0
1329	19:55:13.848	18300		150.0
1330	19:55:13.863	18450		150.0
1331	19:55:13.878	18600		150.0
1332	19:55:13.893	18750		150.0
1333	19:55:13.908	18900		150.0
1334	19:55:13.921	19050		150.0
1335	19:55:13.951	19200		150.0
1336	19:55:13.968	19350		150.0
1337	19:55:13.983	19500		150.0
1338	19:55:13.998	19650		150.0
1339	19:55:14.011	19800		150.0
1340	19:55:14.027	19950		150.0
1341	19:55:14.043	0		50.0
1342	19:55:14.058	150		150.0
1343	19:55:14.088	300		150.0
1344	19:55:14.103	450		150.0
1345	19:55:14.118	600		150.0
1346	19:55:14.133	750		150.0
1347	19:55:14.148	900		150.0
1348	19:55:14.163	1050		150.0
1349	19:55:14.178	1200		150.0
1350	19:55:14.193	1350		150.0
1351	19:55:14.208	1500		150.0
1352	19:55:14.223	1650		150.0
1353	19:55:14.238	1800		150.0
1354	19:55:14.266	1950		150.0
1355	19:55:14.283	2100		150.0
1356	19:55:14.298	2250		150.0
1357	19:55:14.313	2400		150.0
1358	19:55:14.328	2550		150.0
1359	19:55:14.356	2700		150.0
1360	19:55:14.373	2850		150.0
1361	19:55:14.388	3000		150.0
1362	19:55:14.403	3150		150.0
1363	19:55:14.418	3300		150.0
1364	19:55:14.432	3450		150.0
1365	19:55:14.448	3600		150.0
1366	19:55:14.463	3750		150.0
1367	19:55:14.478	3900		150.0
1368	19:55:14.493	4050		150.0
1369	19:55:14.508	4200		150.0
1370	19:55:14.523	4350		150.0
1371	19:55:14.536	4500		150.0
1372	19:55:14.553	4650		150.0
1373	19:55:14.583	4800		150.0
1374	19:55:14.598	4950		150.0
1375	19:55:14.613	5100		150.0
1376	19:55:14.628	5250		150.0
1377	19:55:14.642	5400		150.0
1378	19:55:14.670	5550		150.0
1379	19:55:14.688	5700		150.0
1380	19:55:14.703	5850		150.0
1381	19:55:14.718	6000		150.0
1382	19:55:14.733	6150		150.0
1383	19:55:14.748	6300		150.0
1384	19:55:14.763	6450		150.0
1385	19:55:14.778	6600		150.0
1386	19:55:14.806	6750		150.0
1387	19:55:14.823	6900		150.0
1388	19:55:14.838	7050		150.0
1389	19:55:14.853	7200		150.0
1390	19:55:14.868	7350		150.0
1391	19:55:14.883	7500		150.0
1392	19:55:14.898	7650		150.0
1393	19:55:14.913	7800		150.0
1394	19:55:14.928	7950		150.0
1395	19:55:14.943	8100		150.0
1396	19:55:14.971	8250		150.0
1397	19:55:14.988	8400		150.0
1398	19:55:15.001	8550		150.0
1399	19:55:15.018	8700		150.0
1400	19:55:15.033	8850		150.0
1401	19:55:15.047	9000		150.0
1402	19:55:15.063	9150		150.0
1403	19:55:15.078	9300		150.0
1404	19:55:15.093	9450		150.0
1405	19:55:15.108	9600		150.0
1406	19:55:15.138	9750		150.0
1407	19:55:15.151	9900		150.0
1408	19:55:15.168	10050		150.0
1409	19:55:15.183	10200		150.0
1410	19:55:15.213	10350		150.0
1411	19:55:15.228	10500		150.0
1412	19:55:15.243	10650		150.0
1413	19:55:15.257	10800		150.0
1414	19:55:15.273	10950		150.0
1415	19:55:15.288	11100		150.0
1416	19:55:15.303	11250		150.0
1417	19:55:15.318	11400		150.0
1418	19:55:15.333	11550		150.0
1419	19:55:15.348	11700		150.0
1420	19:55:15.378	11850		150.0
1421	19:55:15.393	12000		150.0
1422	19:55:15.408	12150		150.0
1423	19:55:15.423	12300		150.0
1424	19:55:15.438	12450		150.0
1425	19:55:15.453	12600		150.0
1426	19:55:15.468	12750		150.0
1427	19:55:15.483	12900		150.0
1428	19:55:15.498	13050		150.0
1429	19:55:15.513	13200		150.0
1430	19:55:15.543	13350		150.0
1431	19:55:15.558	13500		150.0
1432	19:55:15.573	13650		150.0
1433	19:55:15.588	13800		150.0
1434	19:55:15.603	13950		150.0
1435	19:55:15.618	14100		150.0
1436	19:55:15.633	14250		150.0
1437	19:55:15.648	14400		150.0
1438	19:55:15.661	14550		150.0
1439	19:55:15.691	14700		150.0
1440	19:55:15.708	14850		150.0
1441	19:55:15.723	15000		150.0
1442	19:55:15.738	15150		150.0
1443	19:55:15.767	15300		150.0
1444	19:55:15.783	15450		150.0
1445	19:55:15.798	15600		150.0
1446	19:55:15.828	15750		150.0
1447	19:55:15.843	15900		150.0
1448	19:55:15.858	16050		150.0
1449	19:55:15.872	16200		150.0
1450	19:55:15.888	16350		150.0
1451	19:55:15.903	16500		150.0
1452	19:55:15.918	16650		150.0
1453	19:55:15.933	16800		150.0
1454	19:55:15.948	16950		150.0
1455	19:55:15.963	17100		150.0
1456	19:55:15.978	17250		150.0
1457	19:55:15.993	17400		150.0
1458	19:55:16.008	17550		150.0
1459	19:55:16.023	17700		150.0
1460	19:55:16.038	17850		150.0
1461	19:55:16.053	18000		150.0
1462	19:55:16.068	18150		150.0
1463	19:55:16.098	18300		150.0
1464	19:55:16.113	18450		150.0
1465	19:55:16.128	18600		150.0
1466	19:55:16.143	18750		150.0
1467	19:55:16.157	18900		150.0
1468	19:55:16.172	19050		150.0
1469	19:55:16.188	19200		150.0
1470	19:55:16.203	19350		150.0
1471	19:55:16.218	19500		150.0
1472	19:55:16.248	19650		150.0
1473	19:55:16.263	19800		150.0
1474	19:55:16.276	19950		150.0
1475	19:55:16.293	0		50.0
