scan_time分析报告 - KB04122-主板固定60Hz发送5.txt
==================================================

基本统计信息:
  总数据包数: 1475
  有效scan_time数: 1475
  最大scan_time值: 19950
  最小scan_time值: 0
  scan_time范围: 19950

递增规律分析:
  理论递增值: 150
  实际平均递增值: 149.25
  递增值标准差: 8.61
  最小递增值: 50
  最大递增值: 150

重置分析:
  检测到重置次数: 11
  重置点位置: [134, 268, 402, 536, 670, 804, 938, 1072, 1206, 1340]...
  平均重置间隔: 122.9 包/次

一致性评估:
  一致性评分: 0.104 (1.0为完美一致)
  评估结果: 较差 - scan_time递增不稳定

详细数据:
序号	时间戳		scan_time	递增值
--------------------------------------------------
1	19:56:28.110	0		N/A
2	19:56:28.127	150		150.0
3	19:56:28.142	300		150.0
4	19:56:28.157	450		150.0
5	19:56:28.172	600		150.0
6	19:56:28.187	750		150.0
7	19:56:28.202	900		150.0
8	19:56:28.216	1050		150.0
9	19:56:28.231	1200		150.0
10	19:56:28.246	1350		150.0
11	19:56:28.275	1500		150.0
12	19:56:28.292	1650		150.0
13	19:56:28.308	1800		150.0
14	19:56:28.322	1950		150.0
15	19:56:28.337	2100		150.0
16	19:56:28.352	2250		150.0
17	19:56:28.366	2400		150.0
18	19:56:28.382	2550		150.0
19	19:56:28.397	2700		150.0
20	19:56:28.412	2850		150.0
21	19:56:28.442	3000		150.0
22	19:56:28.457	3150		150.0
23	19:56:28.471	3300		150.0
24	19:56:28.487	3450		150.0
25	19:56:28.502	3600		150.0
26	19:56:28.517	3750		150.0
27	19:56:28.532	3900		150.0
28	19:56:28.547	4050		150.0
29	19:56:28.562	4200		150.0
30	19:56:28.592	4350		150.0
31	19:56:28.608	4500		150.0
32	19:56:28.622	4650		150.0
33	19:56:28.637	4800		150.0
34	19:56:28.652	4950		150.0
35	19:56:28.667	5100		150.0
36	19:56:28.682	5250		150.0
37	19:56:28.697	5400		150.0
38	19:56:28.712	5550		150.0
39	19:56:28.742	5700		150.0
40	19:56:28.757	5850		150.0
41	19:56:28.772	6000		150.0
42	19:56:28.787	6150		150.0
43	19:56:28.815	6300		150.0
44	19:56:28.832	6450		150.0
45	19:56:28.847	6600		150.0
46	19:56:28.862	6750		150.0
47	19:56:28.877	6900		150.0
48	19:56:28.893	7050		150.0
49	19:56:28.907	7200		150.0
50	19:56:28.922	7350		150.0
51	19:56:28.937	7500		150.0
52	19:56:28.952	7650		150.0
53	19:56:28.981	7800		150.0
54	19:56:28.997	7950		150.0
55	19:56:29.012	8100		150.0
56	19:56:29.027	8250		150.0
57	19:56:29.042	8400		150.0
58	19:56:29.057	8550		150.0
59	19:56:29.072	8700		150.0
60	19:56:29.086	8850		150.0
61	19:56:29.102	9000		150.0
62	19:56:29.132	9150		150.0
63	19:56:29.147	9300		150.0
64	19:56:29.162	9450		150.0
65	19:56:29.178	9600		150.0
66	19:56:29.192	9750		150.0
67	19:56:29.207	9900		150.0
68	19:56:29.222	10050		150.0
69	19:56:29.237	10200		150.0
70	19:56:29.252	10350		150.0
71	19:56:29.282	10500		150.0
72	19:56:29.296	10650		150.0
73	19:56:29.312	10800		150.0
74	19:56:29.327	10950		150.0
75	19:56:29.342	11100		150.0
76	19:56:29.357	11250		150.0
77	19:56:29.372	11400		150.0
78	19:56:29.387	11550		150.0
79	19:56:29.402	11700		150.0
80	19:56:29.417	11850		150.0
81	19:56:29.447	12000		150.0
82	19:56:29.462	12150		150.0
83	19:56:29.478	12300		150.0
84	19:56:29.492	12450		150.0
85	19:56:29.508	12600		150.0
86	19:56:29.522	12750		150.0
87	19:56:29.537	12900		150.0
88	19:56:29.552	13050		150.0
89	19:56:29.567	13200		150.0
90	19:56:29.596	13350		150.0
91	19:56:29.612	13500		150.0
92	19:56:29.627	13650		150.0
93	19:56:29.642	13800		150.0
94	19:56:29.670	13950		150.0
95	19:56:29.687	14100		150.0
96	19:56:29.702	14250		150.0
97	19:56:29.717	14400		150.0
98	19:56:29.732	14550		150.0
99	19:56:29.747	14700		150.0
100	19:56:29.762	14850		150.0
101	19:56:29.778	15000		150.0
102	19:56:29.792	15150		150.0
103	19:56:29.808	15300		150.0
104	19:56:29.837	15450		150.0
105	19:56:29.852	15600		150.0
106	19:56:29.880	15750		150.0
107	19:56:29.897	15900		150.0
108	19:56:29.912	16050		150.0
109	19:56:29.927	16200		150.0
110	19:56:29.942	16350		150.0
111	19:56:29.957	16500		150.0
112	19:56:29.972	16650		150.0
113	19:56:29.987	16800		150.0
114	19:56:30.002	16950		150.0
115	19:56:30.017	17100		150.0
116	19:56:30.032	17250		150.0
117	19:56:30.047	17400		150.0
118	19:56:30.062	17550		150.0
119	19:56:30.077	17700		150.0
120	19:56:30.093	17850		150.0
121	19:56:30.122	18000		150.0
122	19:56:30.137	18150		150.0
123	19:56:30.152	18300		150.0
124	19:56:30.167	18450		150.0
125	19:56:30.182	18600		150.0
126	19:56:30.197	18750		150.0
127	19:56:30.211	18900		150.0
128	19:56:30.227	19050		150.0
129	19:56:30.242	19200		150.0
130	19:56:30.256	19350		150.0
131	19:56:30.272	19500		150.0
132	19:56:30.300	19650		150.0
133	19:56:30.317	19800		150.0
134	19:56:30.332	19950		150.0
135	19:56:30.347	0		50.0
136	19:56:30.362	150		150.0
137	19:56:30.378	300		150.0
138	19:56:30.393	450		150.0
139	19:56:30.422	600		150.0
140	19:56:30.437	750		150.0
141	19:56:30.452	900		150.0
142	19:56:30.467	1050		150.0
143	19:56:30.482	1200		150.0
144	19:56:30.497	1350		150.0
145	19:56:30.525	1500		150.0
146	19:56:30.542	1650		150.0
147	19:56:30.557	1800		150.0
148	19:56:30.572	1950		150.0
149	19:56:30.587	2100		150.0
150	19:56:30.602	2250		150.0
151	19:56:30.616	2400		150.0
152	19:56:30.632	2550		150.0
153	19:56:30.647	2700		150.0
154	19:56:30.662	2850		150.0
155	19:56:30.677	3000		150.0
156	19:56:30.693	3150		150.0
157	19:56:30.707	3300		150.0
158	19:56:30.721	3450		150.0
159	19:56:30.736	3600		150.0
160	19:56:30.764	3750		150.0
161	19:56:30.781	3900		150.0
162	19:56:30.796	4050		150.0
163	19:56:30.811	4200		150.0
164	19:56:30.826	4350		150.0
165	19:56:30.841	4500		150.0
166	19:56:30.856	4650		150.0
167	19:56:30.871	4800		150.0
168	19:56:30.886	4950		150.0
169	19:56:30.914	5100		150.0
170	19:56:30.931	5250		150.0
171	19:56:30.946	5400		150.0
172	19:56:30.961	5550		150.0
173	19:56:30.977	5700		150.0
174	19:56:30.993	5850		150.0
175	19:56:31.008	6000		150.0
176	19:56:31.022	6150		150.0
177	19:56:31.037	6300		150.0
178	19:56:31.067	6450		150.0
179	19:56:31.082	6600		150.0
180	19:56:31.097	6750		150.0
181	19:56:31.112	6900		150.0
182	19:56:31.127	7050		150.0
183	19:56:31.142	7200		150.0
184	19:56:31.157	7350		150.0
185	19:56:31.172	7500		150.0
186	19:56:31.187	7650		150.0
187	19:56:31.202	7800		150.0
188	19:56:31.231	7950		150.0
189	19:56:31.247	8100		150.0
190	19:56:31.262	8250		150.0
191	19:56:31.278	8400		150.0
192	19:56:31.293	8550		150.0
193	19:56:31.307	8700		150.0
194	19:56:31.322	8850		150.0
195	19:56:31.336	9000		150.0
196	19:56:31.352	9150		150.0
197	19:56:31.382	9300		150.0
198	19:56:31.397	9450		150.0
199	19:56:31.412	9600		150.0
200	19:56:31.427	9750		150.0
201	19:56:31.441	9900		150.0
202	19:56:31.457	10050		150.0
203	19:56:31.472	10200		150.0
204	19:56:31.487	10350		150.0
205	19:56:31.502	10500		150.0
206	19:56:31.532	10650		150.0
207	19:56:31.547	10800		150.0
208	19:56:31.562	10950		150.0
209	19:56:31.578	11100		150.0
210	19:56:31.593	11250		150.0
211	19:56:31.608	11400		150.0
212	19:56:31.622	11550		150.0
213	19:56:31.637	11700		150.0
214	19:56:31.652	11850		150.0
215	19:56:31.667	12000		150.0
216	19:56:31.695	12150		150.0
217	19:56:31.712	12300		150.0
218	19:56:31.727	12450		150.0
219	19:56:31.742	12600		150.0
220	19:56:31.757	12750		150.0
221	19:56:31.772	12900		150.0
222	19:56:31.787	13050		150.0
223	19:56:31.802	13200		150.0
224	19:56:31.817	13350		150.0
225	19:56:31.846	13500		150.0
226	19:56:31.862	13650		150.0
227	19:56:31.877	13800		150.0
228	19:56:31.893	13950		150.0
229	19:56:31.908	14100		150.0
230	19:56:31.922	14250		150.0
231	19:56:31.937	14400		150.0
232	19:56:31.951	14550		150.0
233	19:56:31.967	14700		150.0
234	19:56:31.997	14850		150.0
235	19:56:32.012	15000		150.0
236	19:56:32.027	15150		150.0
237	19:56:32.042	15300		150.0
238	19:56:32.056	15450		150.0
239	19:56:32.072	15600		150.0
240	19:56:32.087	15750		150.0
241	19:56:32.102	15900		150.0
242	19:56:32.117	16050		150.0
243	19:56:32.132	16200		150.0
244	19:56:32.162	16350		150.0
245	19:56:32.177	16500		150.0
246	19:56:32.193	16650		150.0
247	19:56:32.208	16800		150.0
248	19:56:32.222	16950		150.0
249	19:56:32.237	17100		150.0
250	19:56:32.252	17250		150.0
251	19:56:32.267	17400		150.0
252	19:56:32.282	17550		150.0
253	19:56:32.312	17700		150.0
254	19:56:32.327	17850		150.0
255	19:56:32.342	18000		150.0
256	19:56:32.357	18150		150.0
257	19:56:32.372	18300		150.0
258	19:56:32.387	18450		150.0
259	19:56:32.402	18600		150.0
260	19:56:32.417	18750		150.0
261	19:56:32.432	18900		150.0
262	19:56:32.461	19050		150.0
263	19:56:32.478	19200		150.0
264	19:56:32.493	19350		150.0
265	19:56:32.507	19500		150.0
266	19:56:32.522	19650		150.0
267	19:56:32.537	19800		150.0
268	19:56:32.552	19950		150.0
269	19:56:32.566	0		50.0
270	19:56:32.582	150		150.0
271	19:56:32.597	300		150.0
272	19:56:32.627	450		150.0
273	19:56:32.642	600		150.0
274	19:56:32.657	750		150.0
275	19:56:32.671	900		150.0
276	19:56:32.687	1050		150.0
277	19:56:32.702	1200		150.0
278	19:56:32.717	1350		150.0
279	19:56:32.732	1500		150.0
280	19:56:32.747	1650		150.0
281	19:56:32.777	1800		150.0
282	19:56:32.793	1950		150.0
283	19:56:32.807	2100		150.0
284	19:56:32.822	2250		150.0
285	19:56:32.837	2400		150.0
286	19:56:32.852	2550		150.0
287	19:56:32.867	2700		150.0
288	19:56:32.882	2850		150.0
289	19:56:32.897	3000		150.0
290	19:56:32.927	3150		150.0
291	19:56:32.942	3300		150.0
292	19:56:32.957	3450		150.0
293	19:56:32.971	3600		150.0
294	19:56:32.987	3750		150.0
295	19:56:33.002	3900		150.0
296	19:56:33.017	4050		150.0
297	19:56:33.032	4200		150.0
298	19:56:33.047	4350		150.0
299	19:56:33.062	4500		150.0
300	19:56:33.093	4650		150.0
301	19:56:33.108	4800		150.0
302	19:56:33.122	4950		150.0
303	19:56:33.137	5100		150.0
304	19:56:33.152	5250		150.0
305	19:56:33.167	5400		150.0
306	19:56:33.181	5550		150.0
307	19:56:33.197	5700		150.0
308	19:56:33.211	5850		150.0
309	19:56:33.240	6000		150.0
310	19:56:33.257	6150		150.0
311	19:56:33.272	6300		150.0
312	19:56:33.286	6450		150.0
313	19:56:33.302	6600		150.0
314	19:56:33.317	6750		150.0
315	19:56:33.332	6900		150.0
316	19:56:33.347	7050		150.0
317	19:56:33.362	7200		150.0
318	19:56:33.393	7350		150.0
319	19:56:33.408	7500		150.0
320	19:56:33.422	7650		150.0
321	19:56:33.437	7800		150.0
322	19:56:33.452	7950		150.0
323	19:56:33.467	8100		150.0
324	19:56:33.482	8250		150.0
325	19:56:33.497	8400		150.0
326	19:56:33.512	8550		150.0
327	19:56:33.527	8700		150.0
328	19:56:33.557	8850		150.0
329	19:56:33.572	9000		150.0
330	19:56:33.586	9150		150.0
331	19:56:33.602	9300		150.0
332	19:56:33.617	9450		150.0
333	19:56:33.632	9600		150.0
334	19:56:33.647	9750		150.0
335	19:56:33.662	9900		150.0
336	19:56:33.677	10050		150.0
337	19:56:33.708	10200		150.0
338	19:56:33.722	10350		150.0
339	19:56:33.737	10500		150.0
340	19:56:33.752	10650		150.0
341	19:56:33.767	10800		150.0
342	19:56:33.782	10950		150.0
343	19:56:33.796	11100		150.0
344	19:56:33.812	11250		150.0
345	19:56:33.827	11400		150.0
346	19:56:33.857	11550		150.0
347	19:56:33.872	11700		150.0
348	19:56:33.887	11850		150.0
349	19:56:33.901	12000		150.0
350	19:56:33.917	12150		150.0
351	19:56:33.932	12300		150.0
352	19:56:33.947	12450		150.0
353	19:56:33.962	12600		150.0
354	19:56:33.978	12750		150.0
355	19:56:33.992	12900		150.0
356	19:56:34.022	13050		150.0
357	19:56:34.037	13200		150.0
358	19:56:34.052	13350		150.0
359	19:56:34.067	13500		150.0
360	19:56:34.082	13650		150.0
361	19:56:34.097	13800		150.0
362	19:56:34.111	13950		150.0
363	19:56:34.127	14100		150.0
364	19:56:34.142	14250		150.0
365	19:56:34.157	14400		150.0
366	19:56:34.185	14550		150.0
367	19:56:34.201	14700		150.0
368	19:56:34.217	14850		150.0
369	19:56:34.232	15000		150.0
370	19:56:34.247	15150		150.0
371	19:56:34.262	15300		150.0
372	19:56:34.278	15450		150.0
373	19:56:34.293	15600		150.0
374	19:56:34.306	15750		150.0
375	19:56:34.336	15900		150.0
376	19:56:34.352	16050		150.0
377	19:56:34.367	16200		150.0
378	19:56:34.382	16350		150.0
379	19:56:34.397	16500		150.0
380	19:56:34.411	16650		150.0
381	19:56:34.427	16800		150.0
382	19:56:34.442	16950		150.0
383	19:56:34.457	17100		150.0
384	19:56:34.485	17250		150.0
385	19:56:34.502	17400		150.0
386	19:56:34.517	17550		150.0
387	19:56:34.532	17700		150.0
388	19:56:34.547	17850		150.0
389	19:56:34.578	18000		150.0
390	19:56:34.592	18150		150.0
391	19:56:34.608	18300		150.0
392	19:56:34.622	18450		150.0
393	19:56:34.637	18600		150.0
394	19:56:34.652	18750		150.0
395	19:56:34.667	18900		150.0
396	19:56:34.682	19050		150.0
397	19:56:34.697	19200		150.0
398	19:56:34.712	19350		150.0
399	19:56:34.727	19500		150.0
400	19:56:34.757	19650		150.0
401	19:56:34.772	19800		150.0
402	19:56:34.787	19950		150.0
403	19:56:34.802	0		50.0
404	19:56:34.816	150		150.0
405	19:56:34.832	300		150.0
406	19:56:34.847	450		150.0
407	19:56:34.862	600		150.0
408	19:56:34.890	750		150.0
409	19:56:34.907	900		150.0
410	19:56:34.921	1050		150.0
411	19:56:34.937	1200		150.0
412	19:56:34.952	1350		150.0
413	19:56:34.967	1500		150.0
414	19:56:34.982	1650		150.0
415	19:56:34.997	1800		150.0
416	19:56:35.012	1950		150.0
417	19:56:35.040	2100		150.0
418	19:56:35.057	2250		150.0
419	19:56:35.072	2400		150.0
420	19:56:35.087	2550		150.0
421	19:56:35.102	2700		150.0
422	19:56:35.117	2850		150.0
423	19:56:35.132	3000		150.0
424	19:56:35.147	3150		150.0
425	19:56:35.162	3300		150.0
426	19:56:35.193	3450		150.0
427	19:56:35.208	3600		150.0
428	19:56:35.222	3750		150.0
429	19:56:35.237	3900		150.0
430	19:56:35.252	4050		150.0
431	19:56:35.267	4200		150.0
432	19:56:35.281	4350		150.0
433	19:56:35.297	4500		150.0
434	19:56:35.312	4650		150.0
435	19:56:35.327	4800		150.0
436	19:56:35.355	4950		150.0
437	19:56:35.372	5100		150.0
438	19:56:35.387	5250		150.0
439	19:56:35.402	5400		150.0
440	19:56:35.417	5550		150.0
441	19:56:35.431	5700		150.0
442	19:56:35.447	5850		150.0
443	19:56:35.462	6000		150.0
444	19:56:35.477	6150		150.0
445	19:56:35.508	6300		150.0
446	19:56:35.522	6450		150.0
447	19:56:35.536	6600		150.0
448	19:56:35.552	6750		150.0
449	19:56:35.567	6900		150.0
450	19:56:35.582	7050		150.0
451	19:56:35.597	7200		150.0
452	19:56:35.612	7350		150.0
453	19:56:35.627	7500		150.0
454	19:56:35.642	7650		150.0
455	19:56:35.672	7800		150.0
456	19:56:35.687	7950		150.0
457	19:56:35.702	8100		150.0
458	19:56:35.717	8250		150.0
459	19:56:35.732	8400		150.0
460	19:56:35.747	8550		150.0
461	19:56:35.762	8700		150.0
462	19:56:35.778	8850		150.0
463	19:56:35.793	9000		150.0
464	19:56:35.822	9150		150.0
465	19:56:35.837	9300		150.0
466	19:56:35.852	9450		150.0
467	19:56:35.867	9600		150.0
468	19:56:35.882	9750		150.0
469	19:56:35.897	9900		150.0
470	19:56:35.912	10050		150.0
471	19:56:35.927	10200		150.0
472	19:56:35.941	10350		150.0
473	19:56:35.970	10500		150.0
474	19:56:35.987	10650		150.0
475	19:56:36.002	10800		150.0
476	19:56:36.017	10950		150.0
477	19:56:36.032	11100		150.0
478	19:56:36.046	11250		150.0
479	19:56:36.062	11400		150.0
480	19:56:36.078	11550		150.0
481	19:56:36.093	11700		150.0
482	19:56:36.108	11850		150.0
483	19:56:36.137	12000		150.0
484	19:56:36.151	12150		150.0
485	19:56:36.167	12300		150.0
486	19:56:36.182	12450		150.0
487	19:56:36.197	12600		150.0
488	19:56:36.212	12750		150.0
489	19:56:36.227	12900		150.0
490	19:56:36.242	13050		150.0
491	19:56:36.257	13200		150.0
492	19:56:36.287	13350		150.0
493	19:56:36.302	13500		150.0
494	19:56:36.317	13650		150.0
495	19:56:36.332	13800		150.0
496	19:56:36.347	13950		150.0
497	19:56:36.362	14100		150.0
498	19:56:36.378	14250		150.0
499	19:56:36.392	14400		150.0
500	19:56:36.408	14550		150.0
501	19:56:36.422	14700		150.0
502	19:56:36.452	14850		150.0
503	19:56:36.467	15000		150.0
504	19:56:36.482	15150		150.0
505	19:56:36.497	15300		150.0
506	19:56:36.512	15450		150.0
507	19:56:36.527	15600		150.0
508	19:56:36.542	15750		150.0
509	19:56:36.556	15900		150.0
510	19:56:36.572	16050		150.0
511	19:56:36.602	16200		150.0
512	19:56:36.617	16350		150.0
513	19:56:36.632	16500		150.0
514	19:56:36.647	16650		150.0
515	19:56:36.661	16800		150.0
516	19:56:36.677	16950		150.0
517	19:56:36.693	17100		150.0
518	19:56:36.708	17250		150.0
519	19:56:36.722	17400		150.0
520	19:56:36.737	17550		150.0
521	19:56:36.766	17700		150.0
522	19:56:36.782	17850		150.0
523	19:56:36.797	18000		150.0
524	19:56:36.812	18150		150.0
525	19:56:36.827	18300		150.0
526	19:56:36.842	18450		150.0
527	19:56:36.857	18600		150.0
528	19:56:36.872	18750		150.0
529	19:56:36.887	18900		150.0
530	19:56:36.915	19050		150.0
531	19:56:36.932	19200		150.0
532	19:56:36.947	19350		150.0
533	19:56:36.962	19500		150.0
534	19:56:36.978	19650		150.0
535	19:56:36.993	19800		150.0
536	19:56:37.008	19950		150.0
537	19:56:37.022	0		50.0
538	19:56:37.037	150		150.0
539	19:56:37.052	300		150.0
540	19:56:37.095	450		150.0
541	19:56:37.112	600		150.0
542	19:56:37.127	750		150.0
543	19:56:37.142	900		150.0
544	19:56:37.157	1050		150.0
545	19:56:37.171	1200		150.0
546	19:56:37.187	1350		150.0
547	19:56:37.202	1500		150.0
548	19:56:37.217	1650		150.0
549	19:56:37.232	1800		150.0
550	19:56:37.247	1950		150.0
551	19:56:37.262	2100		150.0
552	19:56:37.276	2250		150.0
553	19:56:37.293	2400		150.0
554	19:56:37.322	2550		150.0
555	19:56:37.337	2700		150.0
556	19:56:37.352	2850		150.0
557	19:56:37.367	3000		150.0
558	19:56:37.382	3150		150.0
559	19:56:37.397	3300		150.0
560	19:56:37.412	3450		150.0
561	19:56:37.427	3600		150.0
562	19:56:37.442	3750		150.0
563	19:56:37.457	3900		150.0
564	19:56:37.472	4050		150.0
565	19:56:37.487	4200		150.0
566	19:56:37.502	4350		150.0
567	19:56:37.517	4500		150.0
568	19:56:37.547	4650		150.0
569	19:56:37.562	4800		150.0
570	19:56:37.578	4950		150.0
571	19:56:37.593	5100		150.0
572	19:56:37.608	5250		150.0
573	19:56:37.622	5400		150.0
574	19:56:37.637	5550		150.0
575	19:56:37.652	5700		150.0
576	19:56:37.667	5850		150.0
577	19:56:37.697	6000		150.0
578	19:56:37.712	6150		150.0
579	19:56:37.727	6300		150.0
580	19:56:37.742	6450		150.0
581	19:56:37.772	6600		150.0
582	19:56:37.786	6750		150.0
583	19:56:37.802	6900		150.0
584	19:56:37.817	7050		150.0
585	19:56:37.832	7200		150.0
586	19:56:37.847	7350		150.0
587	19:56:37.862	7500		150.0
588	19:56:37.878	7650		150.0
589	19:56:37.892	7800		150.0
590	19:56:37.908	7950		150.0
591	19:56:37.937	8100		150.0
592	19:56:37.952	8250		150.0
593	19:56:37.967	8400		150.0
594	19:56:37.982	8550		150.0
595	19:56:37.997	8700		150.0
596	19:56:38.012	8850		150.0
597	19:56:38.042	9000		150.0
598	19:56:38.057	9150		150.0
599	19:56:38.072	9300		150.0
600	19:56:38.087	9450		150.0
601	19:56:38.102	9600		150.0
602	19:56:38.117	9750		150.0
603	19:56:38.132	9900		150.0
604	19:56:38.162	10050		150.0
605	19:56:38.178	10200		150.0
606	19:56:38.192	10350		150.0
607	19:56:38.206	10500		150.0
608	19:56:38.221	10650		150.0
609	19:56:38.237	10800		150.0
610	19:56:38.251	10950		150.0
611	19:56:38.267	11100		150.0
612	19:56:38.282	11250		150.0
613	19:56:38.296	11400		150.0
614	19:56:38.325	11550		150.0
615	19:56:38.342	11700		150.0
616	19:56:38.357	11850		150.0
617	19:56:38.372	12000		150.0
618	19:56:38.387	12150		150.0
619	19:56:38.401	12300		150.0
620	19:56:38.417	12450		150.0
621	19:56:38.432	12600		150.0
622	19:56:38.447	12750		150.0
623	19:56:38.478	12900		150.0
624	19:56:38.493	13050		150.0
625	19:56:38.506	13200		150.0
626	19:56:38.522	13350		150.0
627	19:56:38.537	13500		150.0
628	19:56:38.580	13650		150.0
629	19:56:38.597	13800		150.0
630	19:56:38.612	13950		150.0
631	19:56:38.612	14100		150.0
632	19:56:38.612	14250		150.0
633	19:56:38.642	14400		150.0
634	19:56:38.657	14550		150.0
635	19:56:38.672	14700		150.0
636	19:56:38.687	14850		150.0
637	19:56:38.702	15000		150.0
638	19:56:38.717	15150		150.0
639	19:56:38.747	15300		150.0
640	19:56:38.762	15450		150.0
641	19:56:38.778	15600		150.0
642	19:56:38.792	15750		150.0
643	19:56:38.808	15900		150.0
644	19:56:38.822	16050		150.0
645	19:56:38.837	16200		150.0
646	19:56:38.852	16350		150.0
647	19:56:38.882	16500		150.0
648	19:56:38.897	16650		150.0
649	19:56:38.911	16800		150.0
650	19:56:38.927	16950		150.0
651	19:56:38.942	17100		150.0
652	19:56:38.957	17250		150.0
653	19:56:38.972	17400		150.0
654	19:56:38.987	17550		150.0
655	19:56:39.002	17700		150.0
656	19:56:39.045	17850		150.0
657	19:56:39.062	18000		150.0
658	19:56:39.078	18150		150.0
659	19:56:39.093	18300		150.0
660	19:56:39.108	18450		150.0
661	19:56:39.121	18600		150.0
662	19:56:39.137	18750		150.0
663	19:56:39.152	18900		150.0
664	19:56:39.182	19050		150.0
665	19:56:39.197	19200		150.0
666	19:56:39.211	19350		150.0
667	19:56:39.227	19500		150.0
668	19:56:39.242	19650		150.0
669	19:56:39.257	19800		150.0
670	19:56:39.272	19950		150.0
671	19:56:39.287	0		50.0
672	19:56:39.302	150		150.0
673	19:56:39.317	300		150.0
674	19:56:39.332	450		150.0
675	19:56:39.347	600		150.0
676	19:56:39.362	750		150.0
677	19:56:39.378	900		150.0
678	19:56:39.393	1050		150.0
679	19:56:39.408	1200		150.0
680	19:56:39.422	1350		150.0
681	19:56:39.437	1500		150.0
682	19:56:39.452	1650		150.0
683	19:56:39.467	1800		150.0
684	19:56:39.497	1950		150.0
685	19:56:39.512	2100		150.0
686	19:56:39.526	2250		150.0
687	19:56:39.542	2400		150.0
688	19:56:39.557	2550		150.0
689	19:56:39.572	2700		150.0
690	19:56:39.587	2850		150.0
691	19:56:39.602	3000		150.0
692	19:56:39.617	3150		150.0
693	19:56:39.631	3300		150.0
694	19:56:39.660	3450		150.0
695	19:56:39.678	3600		150.0
696	19:56:39.693	3750		150.0
697	19:56:39.708	3900		150.0
698	19:56:39.722	4050		150.0
699	19:56:39.737	4200		150.0
700	19:56:39.752	4350		150.0
701	19:56:39.767	4500		150.0
702	19:56:39.782	4650		150.0
703	19:56:39.812	4800		150.0
704	19:56:39.827	4950		150.0
705	19:56:39.842	5100		150.0
706	19:56:39.857	5250		150.0
707	19:56:39.900	5400		150.0
708	19:56:39.917	5550		150.0
709	19:56:39.932	5700		150.0
710	19:56:39.947	5850		150.0
711	19:56:39.962	6000		150.0
712	19:56:39.978	6150		150.0
713	19:56:39.993	6300		150.0
714	19:56:40.008	6450		150.0
715	19:56:40.022	6600		150.0
716	19:56:40.037	6750		150.0
717	19:56:40.052	6900		150.0
718	19:56:40.067	7050		150.0
719	19:56:40.082	7200		150.0
720	19:56:40.097	7350		150.0
721	19:56:40.112	7500		150.0
722	19:56:40.127	7650		150.0
723	19:56:40.141	7800		150.0
724	19:56:40.157	7950		150.0
725	19:56:40.172	8100		150.0
726	19:56:40.216	8250		150.0
727	19:56:40.233	8400		150.0
728	19:56:40.246	8550		150.0
729	19:56:40.262	8700		150.0
730	19:56:40.277	8850		150.0
731	19:56:40.291	9000		150.0
732	19:56:40.307	9150		150.0
733	19:56:40.322	9300		150.0
734	19:56:40.337	9450		150.0
735	19:56:40.352	9600		150.0
736	19:56:40.367	9750		150.0
737	19:56:40.382	9900		150.0
738	19:56:40.397	10050		150.0
739	19:56:40.412	10200		150.0
740	19:56:40.427	10350		150.0
741	19:56:40.442	10500		150.0
742	19:56:40.457	10650		150.0
743	19:56:40.472	10800		150.0
744	19:56:40.487	10950		150.0
745	19:56:40.531	11100		150.0
746	19:56:40.548	11250		150.0
747	19:56:40.562	11400		150.0
748	19:56:40.577	11550		150.0
749	19:56:40.592	11700		150.0
750	19:56:40.607	11850		150.0
751	19:56:40.622	12000		150.0
752	19:56:40.637	12150		150.0
753	19:56:40.651	12300		150.0
754	19:56:40.680	12450		150.0
755	19:56:40.697	12600		150.0
756	19:56:40.712	12750		150.0
757	19:56:40.727	12900		150.0
758	19:56:40.742	13050		150.0
759	19:56:40.756	13200		150.0
760	19:56:40.772	13350		150.0
761	19:56:40.787	13500		150.0
762	19:56:40.802	13650		150.0
763	19:56:40.817	13800		150.0
764	19:56:40.832	13950		150.0
765	19:56:40.848	14100		150.0
766	19:56:40.861	14250		150.0
767	19:56:40.877	14400		150.0
768	19:56:40.907	14550		150.0
769	19:56:40.922	14700		150.0
770	19:56:40.937	14850		150.0
771	19:56:40.952	15000		150.0
772	19:56:40.967	15150		150.0
773	19:56:40.982	15300		150.0
774	19:56:40.997	15450		150.0
775	19:56:41.012	15600		150.0
776	19:56:41.027	15750		150.0
777	19:56:41.042	15900		150.0
778	19:56:41.072	16050		150.0
779	19:56:41.087	16200		150.0
780	19:56:41.102	16350		150.0
781	19:56:41.117	16500		150.0
782	19:56:41.133	16650		150.0
783	19:56:41.146	16800		150.0
784	19:56:41.162	16950		150.0
785	19:56:41.177	17100		150.0
786	19:56:41.192	17250		150.0
787	19:56:41.222	17400		150.0
788	19:56:41.237	17550		150.0
789	19:56:41.252	17700		150.0
790	19:56:41.266	17850		150.0
791	19:56:41.295	18000		150.0
792	19:56:41.312	18150		150.0
793	19:56:41.327	18300		150.0
794	19:56:41.342	18450		150.0
795	19:56:41.357	18600		150.0
796	19:56:41.371	18750		150.0
797	19:56:41.387	18900		150.0
798	19:56:41.402	19050		150.0
799	19:56:41.417	19200		150.0
800	19:56:41.433	19350		150.0
801	19:56:41.462	19500		150.0
802	19:56:41.476	19650		150.0
803	19:56:41.492	19800		150.0
804	19:56:41.507	19950		150.0
805	19:56:41.535	0		50.0
806	19:56:41.552	150		150.0
807	19:56:41.567	300		150.0
808	19:56:41.582	450		150.0
809	19:56:41.597	600		150.0
810	19:56:41.612	750		150.0
811	19:56:41.627	900		150.0
812	19:56:41.642	1050		150.0
813	19:56:41.657	1200		150.0
814	19:56:41.672	1350		150.0
815	19:56:41.687	1500		150.0
816	19:56:41.702	1650		150.0
817	19:56:41.717	1800		150.0
818	19:56:41.732	1950		150.0
819	19:56:41.748	2100		150.0
820	19:56:41.777	2250		150.0
821	19:56:41.792	2400		150.0
822	19:56:41.807	2550		150.0
823	19:56:41.822	2700		150.0
824	19:56:41.837	2850		150.0
825	19:56:41.852	3000		150.0
826	19:56:41.867	3150		150.0
827	19:56:41.881	3300		150.0
828	19:56:41.897	3450		150.0
829	19:56:41.927	3600		150.0
830	19:56:41.942	3750		150.0
831	19:56:41.957	3900		150.0
832	19:56:41.972	4050		150.0
833	19:56:41.986	4200		150.0
834	19:56:42.002	4350		150.0
835	19:56:42.017	4500		150.0
836	19:56:42.033	4650		150.0
837	19:56:42.048	4800		150.0
838	19:56:42.062	4950		150.0
839	19:56:42.092	5100		150.0
840	19:56:42.107	5250		150.0
841	19:56:42.122	5400		150.0
842	19:56:42.137	5550		150.0
843	19:56:42.152	5700		150.0
844	19:56:42.167	5850		150.0
845	19:56:42.182	6000		150.0
846	19:56:42.197	6150		150.0
847	19:56:42.212	6300		150.0
848	19:56:42.240	6450		150.0
849	19:56:42.257	6600		150.0
850	19:56:42.272	6750		150.0
851	19:56:42.287	6900		150.0
852	19:56:42.302	7050		150.0
853	19:56:42.317	7200		150.0
854	19:56:42.333	7350		150.0
855	19:56:42.348	7500		150.0
856	19:56:42.362	7650		150.0
857	19:56:42.392	7800		150.0
858	19:56:42.407	7950		150.0
859	19:56:42.422	8100		150.0
860	19:56:42.437	8250		150.0
861	19:56:42.452	8400		150.0
862	19:56:42.467	8550		150.0
863	19:56:42.482	8700		150.0
864	19:56:42.496	8850		150.0
865	19:56:42.512	9000		150.0
866	19:56:42.527	9150		150.0
867	19:56:42.557	9300		150.0
868	19:56:42.572	9450		150.0
869	19:56:42.587	9600		150.0
870	19:56:42.601	9750		150.0
871	19:56:42.617	9900		150.0
872	19:56:42.633	10050		150.0
873	19:56:42.662	10200		150.0
874	19:56:42.677	10350		150.0
875	19:56:42.692	10500		150.0
876	19:56:42.707	10650		150.0
877	19:56:42.722	10800		150.0
878	19:56:42.737	10950		150.0
879	19:56:42.752	11100		150.0
880	19:56:42.767	11250		150.0
881	19:56:42.797	11400		150.0
882	19:56:42.812	11550		150.0
883	19:56:42.827	11700		150.0
884	19:56:42.842	11850		150.0
885	19:56:42.857	12000		150.0
886	19:56:42.872	12150		150.0
887	19:56:42.887	12300		150.0
888	19:56:42.902	12450		150.0
889	19:56:42.917	12600		150.0
890	19:56:42.948	12750		150.0
891	19:56:42.962	12900		150.0
892	19:56:42.977	13050		150.0
893	19:56:42.992	13200		150.0
894	19:56:43.007	13350		150.0
895	19:56:43.022	13500		150.0
896	19:56:43.037	13650		150.0
897	19:56:43.052	13800		150.0
898	19:56:43.067	13950		150.0
899	19:56:43.097	14100		150.0
900	19:56:43.111	14250		150.0
901	19:56:43.127	14400		150.0
902	19:56:43.142	14550		150.0
903	19:56:43.157	14700		150.0
904	19:56:43.172	14850		150.0
905	19:56:43.187	15000		150.0
906	19:56:43.202	15150		150.0
907	19:56:43.216	15300		150.0
908	19:56:43.233	15450		150.0
909	19:56:43.262	15600		150.0
910	19:56:43.277	15750		150.0
911	19:56:43.292	15900		150.0
912	19:56:43.307	16050		150.0
913	19:56:43.321	16200		150.0
914	19:56:43.337	16350		150.0
915	19:56:43.352	16500		150.0
916	19:56:43.367	16650		150.0
917	19:56:43.382	16800		150.0
918	19:56:43.412	16950		150.0
919	19:56:43.427	17100		150.0
920	19:56:43.442	17250		150.0
921	19:56:43.457	17400		150.0
922	19:56:43.472	17550		150.0
923	19:56:43.487	17700		150.0
924	19:56:43.502	17850		150.0
925	19:56:43.517	18000		150.0
926	19:56:43.533	18150		150.0
927	19:56:43.548	18300		150.0
928	19:56:43.577	18450		150.0
929	19:56:43.592	18600		150.0
930	19:56:43.607	18750		150.0
931	19:56:43.621	18900		150.0
932	19:56:43.637	19050		150.0
933	19:56:43.652	19200		150.0
934	19:56:43.667	19350		150.0
935	19:56:43.682	19500		150.0
936	19:56:43.697	19650		150.0
937	19:56:43.726	19800		150.0
938	19:56:43.742	19950		150.0
939	19:56:43.757	0		50.0
940	19:56:43.772	150		150.0
941	19:56:43.787	300		150.0
942	19:56:43.802	450		150.0
943	19:56:43.817	600		150.0
944	19:56:43.831	750		150.0
945	19:56:43.847	900		150.0
946	19:56:43.862	1050		150.0
947	19:56:43.892	1200		150.0
948	19:56:43.907	1350		150.0
949	19:56:43.922	1500		150.0
950	19:56:43.936	1650		150.0
951	19:56:43.952	1800		150.0
952	19:56:43.967	1950		150.0
953	19:56:43.982	2100		150.0
954	19:56:43.997	2250		150.0
955	19:56:44.012	2400		150.0
956	19:56:44.042	2550		150.0
957	19:56:44.057	2700		150.0
958	19:56:44.072	2850		150.0
959	19:56:44.087	3000		150.0
960	19:56:44.117	3150		150.0
961	19:56:44.132	3300		150.0
962	19:56:44.147	3450		150.0
963	19:56:44.162	3600		150.0
964	19:56:44.177	3750		150.0
965	19:56:44.192	3900		150.0
966	19:56:44.207	4050		150.0
967	19:56:44.222	4200		150.0
968	19:56:44.236	4350		150.0
969	19:56:44.252	4500		150.0
970	19:56:44.282	4650		150.0
971	19:56:44.297	4800		150.0
972	19:56:44.312	4950		150.0
973	19:56:44.327	5100		150.0
974	19:56:44.341	5250		150.0
975	19:56:44.357	5400		150.0
976	19:56:44.387	5550		150.0
977	19:56:44.402	5700		150.0
978	19:56:44.417	5850		150.0
979	19:56:44.433	6000		150.0
980	19:56:44.448	6150		150.0
981	19:56:44.462	6300		150.0
982	19:56:44.477	6450		150.0
983	19:56:44.492	6600		150.0
984	19:56:44.522	6750		150.0
985	19:56:44.537	6900		150.0
986	19:56:44.552	7050		150.0
987	19:56:44.567	7200		150.0
988	19:56:44.582	7350		150.0
989	19:56:44.597	7500		150.0
990	19:56:44.612	7650		150.0
991	19:56:44.627	7800		150.0
992	19:56:44.642	7950		150.0
993	19:56:44.672	8100		150.0
994	19:56:44.687	8250		150.0
995	19:56:44.702	8400		150.0
996	19:56:44.717	8550		150.0
997	19:56:44.733	8700		150.0
998	19:56:44.748	8850		150.0
999	19:56:44.762	9000		150.0
1000	19:56:44.777	9150		150.0
1001	19:56:44.792	9300		150.0
1002	19:56:44.807	9450		150.0
1003	19:56:44.835	9600		150.0
1004	19:56:44.851	9750		150.0
1005	19:56:44.867	9900		150.0
1006	19:56:44.882	10050		150.0
1007	19:56:44.897	10200		150.0
1008	19:56:44.912	10350		150.0
1009	19:56:44.927	10500		150.0
1010	19:56:44.942	10650		150.0
1011	19:56:44.956	10800		150.0
1012	19:56:44.984	10950		150.0
1013	19:56:45.002	11100		150.0
1014	19:56:45.017	11250		150.0
1015	19:56:45.033	11400		150.0
1016	19:56:45.048	11550		150.0
1017	19:56:45.062	11700		150.0
1018	19:56:45.077	11850		150.0
1019	19:56:45.092	12000		150.0
1020	19:56:45.122	12150		150.0
1021	19:56:45.137	12300		150.0
1022	19:56:45.152	12450		150.0
1023	19:56:45.167	12600		150.0
1024	19:56:45.182	12750		150.0
1025	19:56:45.197	12900		150.0
1026	19:56:45.227	13050		150.0
1027	19:56:45.242	13200		150.0
1028	19:56:45.257	13350		150.0
1029	19:56:45.271	13500		150.0
1030	19:56:45.286	13650		150.0
1031	19:56:45.301	13800		150.0
1032	19:56:45.316	13950		150.0
1033	19:56:45.331	14100		150.0
1034	19:56:45.346	14250		150.0
1035	19:56:45.361	14400		150.0
1036	19:56:45.376	14550		150.0
1037	19:56:45.391	14700		150.0
1038	19:56:45.406	14850		150.0
1039	19:56:45.421	15000		150.0
1040	19:56:45.449	15150		150.0
1041	19:56:45.466	15300		150.0
1042	19:56:45.481	15450		150.0
1043	19:56:45.497	15600		150.0
1044	19:56:45.512	15750		150.0
1045	19:56:45.527	15900		150.0
1046	19:56:45.542	16050		150.0
1047	19:56:45.557	16200		150.0
1048	19:56:45.571	16350		150.0
1049	19:56:45.587	16500		150.0
1050	19:56:45.615	16650		150.0
1051	19:56:45.633	16800		150.0
1052	19:56:45.648	16950		150.0
1053	19:56:45.662	17100		150.0
1054	19:56:45.677	17250		150.0
1055	19:56:45.692	17400		150.0
1056	19:56:45.707	17550		150.0
1057	19:56:45.722	17700		150.0
1058	19:56:45.737	17850		150.0
1059	19:56:45.767	18000		150.0
1060	19:56:45.782	18150		150.0
1061	19:56:45.797	18300		150.0
1062	19:56:45.812	18450		150.0
1063	19:56:45.842	18600		150.0
1064	19:56:45.857	18750		150.0
1065	19:56:45.872	18900		150.0
1066	19:56:45.887	19050		150.0
1067	19:56:45.902	19200		150.0
1068	19:56:45.917	19350		150.0
1069	19:56:45.933	19500		150.0
1070	19:56:45.948	19650		150.0
1071	19:56:45.962	19800		150.0
1072	19:56:45.976	19950		150.0
1073	19:56:45.992	0		50.0
1074	19:56:46.007	150		150.0
1075	19:56:46.022	300		150.0
1076	19:56:46.037	450		150.0
1077	19:56:46.052	600		150.0
1078	19:56:46.081	750		150.0
1079	19:56:46.097	900		150.0
1080	19:56:46.112	1050		150.0
1081	19:56:46.127	1200		150.0
1082	19:56:46.142	1350		150.0
1083	19:56:46.172	1500		150.0
1084	19:56:46.186	1650		150.0
1085	19:56:46.202	1800		150.0
1086	19:56:46.216	1950		150.0
1087	19:56:46.233	2100		150.0
1088	19:56:46.248	2250		150.0
1089	19:56:46.262	2400		150.0
1090	19:56:46.277	2550		150.0
1091	19:56:46.292	2700		150.0
1092	19:56:46.322	2850		150.0
1093	19:56:46.337	3000		150.0
1094	19:56:46.352	3150		150.0
1095	19:56:46.367	3300		150.0
1096	19:56:46.382	3450		150.0
1097	19:56:46.397	3600		150.0
1098	19:56:46.412	3750		150.0
1099	19:56:46.427	3900		150.0
1100	19:56:46.441	4050		150.0
1101	19:56:46.470	4200		150.0
1102	19:56:46.487	4350		150.0
1103	19:56:46.502	4500		150.0
1104	19:56:46.517	4650		150.0
1105	19:56:46.548	4800		150.0
1106	19:56:46.562	4950		150.0
1107	19:56:46.576	5100		150.0
1108	19:56:46.591	5250		150.0
1109	19:56:46.620	5400		150.0
1110	19:56:46.637	5550		150.0
1111	19:56:46.652	5700		150.0
1112	19:56:46.667	5850		150.0
1113	19:56:46.682	6000		150.0
1114	19:56:46.696	6150		150.0
1115	19:56:46.712	6300		150.0
1116	19:56:46.727	6450		150.0
1117	19:56:46.742	6600		150.0
1118	19:56:46.757	6750		150.0
1119	19:56:46.772	6900		150.0
1120	19:56:46.787	7050		150.0
1121	19:56:46.801	7200		150.0
1122	19:56:46.817	7350		150.0
1123	19:56:46.833	7500		150.0
1124	19:56:46.862	7650		150.0
1125	19:56:46.877	7800		150.0
1126	19:56:46.892	7950		150.0
1127	19:56:46.907	8100		150.0
1128	19:56:46.922	8250		150.0
1129	19:56:46.937	8400		150.0
1130	19:56:46.952	8550		150.0
1131	19:56:46.967	8700		150.0
1132	19:56:46.982	8850		150.0
1133	19:56:47.012	9000		150.0
1134	19:56:47.027	9150		150.0
1135	19:56:47.042	9300		150.0
1136	19:56:47.057	9450		150.0
1137	19:56:47.072	9600		150.0
1138	19:56:47.087	9750		150.0
1139	19:56:47.102	9900		150.0
1140	19:56:47.117	10050		150.0
1141	19:56:47.133	10200		150.0
1142	19:56:47.148	10350		150.0
1143	19:56:47.177	10500		150.0
1144	19:56:47.192	10650		150.0
1145	19:56:47.206	10800		150.0
1146	19:56:47.222	10950		150.0
1147	19:56:47.237	11100		150.0
1148	19:56:47.252	11250		150.0
1149	19:56:47.267	11400		150.0
1150	19:56:47.282	11550		150.0
1151	19:56:47.297	11700		150.0
1152	19:56:47.327	11850		150.0
1153	19:56:47.342	12000		150.0
1154	19:56:47.357	12150		150.0
1155	19:56:47.372	12300		150.0
1156	19:56:47.387	12450		150.0
1157	19:56:47.402	12600		150.0
1158	19:56:47.416	12750		150.0
1159	19:56:47.433	12900		150.0
1160	19:56:47.448	13050		150.0
1161	19:56:47.477	13200		150.0
1162	19:56:47.492	13350		150.0
1163	19:56:47.507	13500		150.0
1164	19:56:47.522	13650		150.0
1165	19:56:47.537	13800		150.0
1166	19:56:47.552	13950		150.0
1167	19:56:47.567	14100		150.0
1168	19:56:47.582	14250		150.0
1169	19:56:47.597	14400		150.0
1170	19:56:47.612	14550		150.0
1171	19:56:47.640	14700		150.0
1172	19:56:47.657	14850		150.0
1173	19:56:47.672	15000		150.0
1174	19:56:47.687	15150		150.0
1175	19:56:47.702	15300		150.0
1176	19:56:47.717	15450		150.0
1177	19:56:47.745	15600		150.0
1178	19:56:47.762	15750		150.0
1179	19:56:47.777	15900		150.0
1180	19:56:47.792	16050		150.0
1181	19:56:47.807	16200		150.0
1182	19:56:47.821	16350		150.0
1183	19:56:47.837	16500		150.0
1184	19:56:47.852	16650		150.0
1185	19:56:47.882	16800		150.0
1186	19:56:47.897	16950		150.0
1187	19:56:47.912	17100		150.0
1188	19:56:47.926	17250		150.0
1189	19:56:47.942	17400		150.0
1190	19:56:47.957	17550		150.0
1191	19:56:47.972	17700		150.0
1192	19:56:47.987	17850		150.0
1193	19:56:48.002	18000		150.0
1194	19:56:48.032	18150		150.0
1195	19:56:48.048	18300		150.0
1196	19:56:48.062	18450		150.0
1197	19:56:48.077	18600		150.0
1198	19:56:48.092	18750		150.0
1199	19:56:48.107	18900		150.0
1200	19:56:48.122	19050		150.0
1201	19:56:48.137	19200		150.0
1202	19:56:48.152	19350		150.0
1203	19:56:48.167	19500		150.0
1204	19:56:48.210	19650		150.0
1205	19:56:48.226	19800		150.0
1206	19:56:48.241	19950		150.0
1207	19:56:48.256	0		50.0
1208	19:56:48.272	150		150.0
1209	19:56:48.287	300		150.0
1210	19:56:48.302	450		150.0
1211	19:56:48.317	600		150.0
1212	19:56:48.332	750		150.0
1213	19:56:48.347	900		150.0
1214	19:56:48.362	1050		150.0
1215	19:56:48.377	1200		150.0
1216	19:56:48.392	1350		150.0
1217	19:56:48.407	1500		150.0
1218	19:56:48.422	1650		150.0
1219	19:56:48.436	1800		150.0
1220	19:56:48.452	1950		150.0
1221	19:56:48.467	2100		150.0
1222	19:56:48.482	2250		150.0
1223	19:56:48.512	2400		150.0
1224	19:56:48.527	2550		150.0
1225	19:56:48.541	2700		150.0
1226	19:56:48.557	2850		150.0
1227	19:56:48.572	3000		150.0
1228	19:56:48.587	3150		150.0
1229	19:56:48.602	3300		150.0
1230	19:56:48.617	3450		150.0
1231	19:56:48.633	3600		150.0
1232	19:56:48.662	3750		150.0
1233	19:56:48.677	3900		150.0
1234	19:56:48.692	4050		150.0
1235	19:56:48.707	4200		150.0
1236	19:56:48.722	4350		150.0
1237	19:56:48.737	4500		150.0
1238	19:56:48.767	4650		150.0
1239	19:56:48.782	4800		150.0
1240	19:56:48.797	4950		150.0
1241	19:56:48.812	5100		150.0
1242	19:56:48.827	5250		150.0
1243	19:56:48.842	5400		150.0
1244	19:56:48.857	5550		150.0
1245	19:56:48.872	5700		150.0
1246	19:56:48.901	5850		150.0
1247	19:56:48.917	6000		150.0
1248	19:56:48.933	6150		150.0
1249	19:56:48.947	6300		150.0
1250	19:56:48.962	6450		150.0
1251	19:56:48.977	6600		150.0
1252	19:56:48.992	6750		150.0
1253	19:56:49.007	6900		150.0
1254	19:56:49.022	7050		150.0
1255	19:56:49.051	7200		150.0
1256	19:56:49.067	7350		150.0
1257	19:56:49.082	7500		150.0
1258	19:56:49.097	7650		150.0
1259	19:56:49.112	7800		150.0
1260	19:56:49.127	7950		150.0
1261	19:56:49.142	8100		150.0
1262	19:56:49.156	8250		150.0
1263	19:56:49.172	8400		150.0
1264	19:56:49.202	8550		150.0
1265	19:56:49.216	8700		150.0
1266	19:56:49.233	8850		150.0
1267	19:56:49.247	9000		150.0
1268	19:56:49.262	9150		150.0
1269	19:56:49.277	9300		150.0
1270	19:56:49.292	9450		150.0
1271	19:56:49.307	9600		150.0
1272	19:56:49.322	9750		150.0
1273	19:56:49.337	9900		150.0
1274	19:56:49.367	10050		150.0
1275	19:56:49.382	10200		150.0
1276	19:56:49.397	10350		150.0
1277	19:56:49.412	10500		150.0
1278	19:56:49.427	10650		150.0
1279	19:56:49.442	10800		150.0
1280	19:56:49.457	10950		150.0
1281	19:56:49.472	11100		150.0
1282	19:56:49.487	11250		150.0
1283	19:56:49.517	11400		150.0
1284	19:56:49.533	11550		150.0
1285	19:56:49.548	11700		150.0
1286	19:56:49.561	11850		150.0
1287	19:56:49.575	12000		150.0
1288	19:56:49.592	12150		150.0
1289	19:56:49.607	12300		150.0
1290	19:56:49.622	12450		150.0
1291	19:56:49.637	12600		150.0
1292	19:56:49.652	12750		150.0
1293	19:56:49.680	12900		150.0
1294	19:56:49.697	13050		150.0
1295	19:56:49.712	13200		150.0
1296	19:56:49.727	13350		150.0
1297	19:56:49.742	13500		150.0
1298	19:56:49.757	13650		150.0
1299	19:56:49.787	13800		150.0
1300	19:56:49.802	13950		150.0
1301	19:56:49.817	14100		150.0
1302	19:56:49.833	14250		150.0
1303	19:56:49.848	14400		150.0
1304	19:56:49.862	14550		150.0
1305	19:56:49.877	14700		150.0
1306	19:56:49.890	14850		150.0
1307	19:56:49.920	15000		150.0
1308	19:56:49.937	15150		150.0
1309	19:56:49.952	15300		150.0
1310	19:56:49.967	15450		150.0
1311	19:56:49.982	15600		150.0
1312	19:56:49.997	15750		150.0
1313	19:56:50.012	15900		150.0
1314	19:56:50.027	16050		150.0
1315	19:56:50.042	16200		150.0
1316	19:56:50.072	16350		150.0
1317	19:56:50.087	16500		150.0
1318	19:56:50.102	16650		150.0
1319	19:56:50.117	16800		150.0
1320	19:56:50.133	16950		150.0
1321	19:56:50.148	17100		150.0
1322	19:56:50.162	17250		150.0
1323	19:56:50.176	17400		150.0
1324	19:56:50.192	17550		150.0
1325	19:56:50.222	17700		150.0
1326	19:56:50.237	17850		150.0
1327	19:56:50.252	18000		150.0
1328	19:56:50.267	18150		150.0
1329	19:56:50.281	18300		150.0
1330	19:56:50.297	18450		150.0
1331	19:56:50.312	18600		150.0
1332	19:56:50.326	18750		150.0
1333	19:56:50.342	18900		150.0
1334	19:56:50.357	19050		150.0
1335	19:56:50.386	19200		150.0
1336	19:56:50.402	19350		150.0
1337	19:56:50.417	19500		150.0
1338	19:56:50.448	19650		150.0
1339	19:56:50.462	19800		150.0
1340	19:56:50.477	19950		150.0
1341	19:56:50.492	0		50.0
1342	19:56:50.507	150		150.0
1343	19:56:50.522	300		150.0
1344	19:56:50.537	450		150.0
1345	19:56:50.552	600		150.0
1346	19:56:50.567	750		150.0
1347	19:56:50.582	900		150.0
1348	19:56:50.597	1050		150.0
1349	19:56:50.612	1200		150.0
1350	19:56:50.627	1350		150.0
1351	19:56:50.642	1500		150.0
1352	19:56:50.657	1650		150.0
1353	19:56:50.672	1800		150.0
1354	19:56:50.702	1950		150.0
1355	19:56:50.717	2100		150.0
1356	19:56:50.733	2250		150.0
1357	19:56:50.748	2400		150.0
1358	19:56:50.762	2550		150.0
1359	19:56:50.777	2700		150.0
1360	19:56:50.791	2850		150.0
1361	19:56:50.807	3000		150.0
1362	19:56:50.822	3150		150.0
1363	19:56:50.852	3300		150.0
1364	19:56:50.867	3450		150.0
1365	19:56:50.882	3600		150.0
1366	19:56:50.896	3750		150.0
1367	19:56:50.912	3900		150.0
1368	19:56:50.927	4050		150.0
1369	19:56:50.942	4200		150.0
1370	19:56:50.957	4350		150.0
1371	19:56:50.972	4500		150.0
1372	19:56:50.987	4650		150.0
1373	19:56:51.017	4800		150.0
1374	19:56:51.033	4950		150.0
1375	19:56:51.048	5100		150.0
1376	19:56:51.062	5250		150.0
1377	19:56:51.077	5400		150.0
1378	19:56:51.092	5550		150.0
1379	19:56:51.107	5700		150.0
1380	19:56:51.122	5850		150.0
1381	19:56:51.137	6000		150.0
1382	19:56:51.167	6150		150.0
1383	19:56:51.182	6300		150.0
1384	19:56:51.197	6450		150.0
1385	19:56:51.212	6600		150.0
1386	19:56:51.227	6750		150.0
1387	19:56:51.242	6900		150.0
1388	19:56:51.257	7050		150.0
1389	19:56:51.272	7200		150.0
1390	19:56:51.287	7350		150.0
1391	19:56:51.301	7500		150.0
1392	19:56:51.330	7650		150.0
1393	19:56:51.347	7800		150.0
1394	19:56:51.362	7950		150.0
1395	19:56:51.377	8100		150.0
1396	19:56:51.392	8250		150.0
1397	19:56:51.406	8400		150.0
1398	19:56:51.422	8550		150.0
1399	19:56:51.437	8700		150.0
1400	19:56:51.452	8850		150.0
1401	19:56:51.480	9000		150.0
1402	19:56:51.497	9150		150.0
1403	19:56:51.511	9300		150.0
1404	19:56:51.527	9450		150.0
1405	19:56:51.557	9600		150.0
1406	19:56:51.572	9750		150.0
1407	19:56:51.587	9900		150.0
1408	19:56:51.602	10050		150.0
1409	19:56:51.617	10200		150.0
1410	19:56:51.633	10350		150.0
1411	19:56:51.648	10500		150.0
1412	19:56:51.662	10650		150.0
1413	19:56:51.677	10800		150.0
1414	19:56:51.692	10950		150.0
1415	19:56:51.722	11100		150.0
1416	19:56:51.737	11250		150.0
1417	19:56:51.752	11400		150.0
1418	19:56:51.780	11550		150.0
1419	19:56:51.797	11700		150.0
1420	19:56:51.812	11850		150.0
1421	19:56:51.827	12000		150.0
1422	19:56:51.842	12150		150.0
1423	19:56:51.857	12300		150.0
1424	19:56:51.872	12450		150.0
1425	19:56:51.887	12600		150.0
1426	19:56:51.902	12750		150.0
1427	19:56:51.916	12900		150.0
1428	19:56:51.945	13050		150.0
1429	19:56:51.962	13200		150.0
1430	19:56:51.977	13350		150.0
1431	19:56:51.992	13500		150.0
1432	19:56:52.007	13650		150.0
1433	19:56:52.021	13800		150.0
1434	19:56:52.037	13950		150.0
1435	19:56:52.052	14100		150.0
1436	19:56:52.067	14250		150.0
1437	19:56:52.082	14400		150.0
1438	19:56:52.112	14550		150.0
1439	19:56:52.126	14700		150.0
1440	19:56:52.142	14850		150.0
1441	19:56:52.157	15000		150.0
1442	19:56:52.172	15150		150.0
1443	19:56:52.187	15300		150.0
1444	19:56:52.202	15450		150.0
1445	19:56:52.217	15600		150.0
1446	19:56:52.233	15750		150.0
1447	19:56:52.262	15900		150.0
1448	19:56:52.277	16050		150.0
1449	19:56:52.292	16200		150.0
1450	19:56:52.307	16350		150.0
1451	19:56:52.322	16500		150.0
1452	19:56:52.337	16650		150.0
1453	19:56:52.352	16800		150.0
1454	19:56:52.367	16950		150.0
1455	19:56:52.382	17100		150.0
1456	19:56:52.397	17250		150.0
1457	19:56:52.427	17400		150.0
1458	19:56:52.442	17550		150.0
1459	19:56:52.457	17700		150.0
1460	19:56:52.472	17850		150.0
1461	19:56:52.487	18000		150.0
1462	19:56:52.502	18150		150.0
1463	19:56:52.517	18300		150.0
1464	19:56:52.532	18450		150.0
1465	19:56:52.548	18600		150.0
1466	19:56:52.577	18750		150.0
1467	19:56:52.592	18900		150.0
1468	19:56:52.607	19050		150.0
1469	19:56:52.622	19200		150.0
1470	19:56:52.636	19350		150.0
1471	19:56:52.652	19500		150.0
1472	19:56:52.667	19650		150.0
1473	19:56:52.682	19800		150.0
1474	19:56:52.697	19950		150.0
1475	19:56:52.712	0		50.0
