scan_time分析报告 - KB04122-主板固定60Hz发送2.txt
==================================================

基本统计信息:
  总数据包数: 1432
  有效scan_time数: 1432
  最大scan_time值: 19950
  最小scan_time值: 0
  scan_time范围: 19950

递增规律分析:
  理论递增值: 150
  实际平均递增值: 149.23
  递增值标准差: 8.73
  最小递增值: 50
  最大递增值: 150

重置分析:
  检测到重置次数: 11
  重置点位置: [91, 225, 359, 493, 627, 761, 895, 1029, 1163, 1297]...
  平均重置间隔: 119.3 包/次

一致性评估:
  一致性评分: 0.103 (1.0为完美一致)
  评估结果: 较差 - scan_time递增不稳定

详细数据:
序号	时间戳		scan_time	递增值
--------------------------------------------------
1	19:51:27.722	6450		N/A
2	19:51:27.737	6600		150.0
3	19:51:27.752	6750		150.0
4	19:51:27.768	6900		150.0
5	19:51:27.796	7050		150.0
6	19:51:27.812	7200		150.0
7	19:51:27.828	7350		150.0
8	19:51:27.842	7500		150.0
9	19:51:27.857	7650		150.0
10	19:51:27.872	7800		150.0
11	19:51:27.887	7950		150.0
12	19:51:27.902	8100		150.0
13	19:51:27.931	8250		150.0
14	19:51:27.947	8400		150.0
15	19:51:27.962	8550		150.0
16	19:51:27.978	8700		150.0
17	19:51:27.992	8850		150.0
18	19:51:28.008	9000		150.0
19	19:51:28.022	9150		150.0
20	19:51:28.037	9300		150.0
21	19:51:28.052	9450		150.0
22	19:51:28.068	9600		150.0
23	19:51:28.083	9750		150.0
24	19:51:28.097	9900		150.0
25	19:51:28.112	10050		150.0
26	19:51:28.127	10200		150.0
27	19:51:28.143	10350		150.0
28	19:51:28.157	10500		150.0
29	19:51:28.172	10650		150.0
30	19:51:28.187	10800		150.0
31	19:51:28.216	10950		150.0
32	19:51:28.232	11100		150.0
33	19:51:28.247	11250		150.0
34	19:51:28.262	11400		150.0
35	19:51:28.278	11550		150.0
36	19:51:28.293	11700		150.0
37	19:51:28.307	11850		150.0
38	19:51:28.322	12000		150.0
39	19:51:28.338	12150		150.0
40	19:51:28.353	12300		150.0
41	19:51:28.382	12450		150.0
42	19:51:28.397	12600		150.0
43	19:51:28.413	12750		150.0
44	19:51:28.427	12900		150.0
45	19:51:28.443	13050		150.0
46	19:51:28.471	13200		150.0
47	19:51:28.487	13350		150.0
48	19:51:28.502	13500		150.0
49	19:51:28.517	13650		150.0
50	19:51:28.532	13800		150.0
51	19:51:28.547	13950		150.0
52	19:51:28.562	14100		150.0
53	19:51:28.578	14250		150.0
54	19:51:28.606	14400		150.0
55	19:51:28.622	14550		150.0
56	19:51:28.637	14700		150.0
57	19:51:28.652	14850		150.0
58	19:51:28.668	15000		150.0
59	19:51:28.683	15150		150.0
60	19:51:28.697	15300		150.0
61	19:51:28.712	15450		150.0
62	19:51:28.728	15600		150.0
63	19:51:28.743	15750		150.0
64	19:51:28.771	15900		150.0
65	19:51:28.787	16050		150.0
66	19:51:28.803	16200		150.0
67	19:51:28.817	16350		150.0
68	19:51:28.833	16500		150.0
69	19:51:28.847	16650		150.0
70	19:51:28.862	16800		150.0
71	19:51:28.877	16950		150.0
72	19:51:28.893	17100		150.0
73	19:51:28.921	17250		150.0
74	19:51:28.937	17400		150.0
75	19:51:28.952	17550		150.0
76	19:51:28.982	17700		150.0
77	19:51:28.997	17850		150.0
78	19:51:29.013	18000		150.0
79	19:51:29.028	18150		150.0
80	19:51:29.056	18300		150.0
81	19:51:29.072	18450		150.0
82	19:51:29.087	18600		150.0
83	19:51:29.116	18750		150.0
84	19:51:29.132	18900		150.0
85	19:51:29.149	19050		150.0
86	19:51:29.149	19200		150.0
87	19:51:29.149	19350		150.0
88	19:51:29.164	19500		150.0
89	19:51:29.179	19650		150.0
90	19:51:29.193	19800		150.0
91	19:51:29.208	19950		150.0
92	19:51:29.237	0		50.0
93	19:51:29.254	150		150.0
94	19:51:29.270	300		150.0
95	19:51:29.284	450		150.0
96	19:51:29.299	600		150.0
97	19:51:29.314	750		150.0
98	19:51:29.329	900		150.0
99	19:51:29.344	1050		150.0
100	19:51:29.358	1200		150.0
101	19:51:29.386	1350		150.0
102	19:51:29.404	1500		150.0
103	19:51:29.419	1650		150.0
104	19:51:29.434	1800		150.0
105	19:51:29.462	1950		150.0
106	19:51:29.479	2100		150.0
107	19:51:29.494	2250		150.0
108	19:51:29.509	2400		150.0
109	19:51:29.522	2550		150.0
110	19:51:29.537	2700		150.0
111	19:51:29.552	2850		150.0
112	19:51:29.568	3000		150.0
113	19:51:29.597	3150		150.0
114	19:51:29.626	3300		150.0
115	19:51:29.642	3450		150.0
116	19:51:29.657	3600		150.0
117	19:51:29.672	3750		150.0
118	19:51:29.701	3900		150.0
119	19:51:29.717	4050		150.0
120	19:51:29.733	4200		150.0
121	19:51:29.733	4350		150.0
122	19:51:29.733	4500		150.0
123	19:51:29.761	4650		150.0
124	19:51:29.777	4800		150.0
125	19:51:29.793	4950		150.0
126	19:51:29.807	5100		150.0
127	19:51:29.823	5250		150.0
128	19:51:29.851	5400		150.0
129	19:51:29.868	5550		150.0
130	19:51:29.896	5700		150.0
131	19:51:29.913	5850		150.0
132	19:51:29.928	6000		150.0
133	19:51:29.943	6150		150.0
134	19:51:29.958	6300		150.0
135	19:51:30.001	6450		150.0
136	19:51:30.031	6600		150.0
137	19:51:30.062	6750		150.0
138	19:51:30.063	6900		150.0
139	19:51:30.063	7050		150.0
140	19:51:30.064	7200		150.0
141	19:51:30.077	7350		150.0
142	19:51:30.093	7500		150.0
143	19:51:30.121	7650		150.0
144	19:51:30.137	7800		150.0
145	19:51:30.153	7950		150.0
146	19:51:30.153	8100		150.0
147	19:51:30.168	8250		150.0
148	19:51:30.183	8400		150.0
149	19:51:30.198	8550		150.0
150	19:51:30.213	8700		150.0
151	19:51:30.241	8850		150.0
152	19:51:30.258	9000		150.0
153	19:51:30.274	9150		150.0
154	19:51:30.289	9300		150.0
155	19:51:30.304	9450		150.0
156	19:51:30.319	9600		150.0
157	19:51:30.362	9750		150.0
158	19:51:30.379	9900		150.0
159	19:51:30.394	10050		150.0
160	19:51:30.394	10200		150.0
161	19:51:30.409	10350		150.0
162	19:51:30.424	10500		150.0
163	19:51:30.439	10650		150.0
164	19:51:30.454	10800		150.0
165	19:51:30.470	10950		150.0
166	19:51:30.484	11100		150.0
167	19:51:30.497	11250		150.0
168	19:51:30.512	11400		150.0
169	19:51:30.527	11550		150.0
170	19:51:30.556	11700		150.0
171	19:51:30.572	11850		150.0
172	19:51:30.588	12000		150.0
173	19:51:30.602	12150		150.0
174	19:51:30.618	12300		150.0
175	19:51:30.646	12450		150.0
176	19:51:30.663	12600		150.0
177	19:51:30.677	12750		150.0
178	19:51:30.692	12900		150.0
179	19:51:30.709	13050		150.0
180	19:51:30.724	13200		150.0
181	19:51:30.739	13350		150.0
182	19:51:30.754	13500		150.0
183	19:51:30.769	13650		150.0
184	19:51:30.812	13800		150.0
185	19:51:30.829	13950		150.0
186	19:51:30.844	14100		150.0
187	19:51:30.859	14250		150.0
188	19:51:30.874	14400		150.0
189	19:51:30.889	14550		150.0
190	19:51:30.947	14700		150.0
191	19:51:30.964	14850		150.0
192	19:51:30.993	15000		150.0
193	19:51:30.993	15150		150.0
194	19:51:30.993	15300		150.0
195	19:51:30.995	15450		150.0
196	19:51:31.024	15600		150.0
197	19:51:31.039	15750		150.0
198	19:51:31.054	15900		150.0
199	19:51:31.070	16050		150.0
200	19:51:31.084	16200		150.0
201	19:51:31.098	16350		150.0
202	19:51:31.114	16500		150.0
203	19:51:31.129	16650		150.0
204	19:51:31.159	16800		150.0
205	19:51:31.174	16950		150.0
206	19:51:31.189	17100		150.0
207	19:51:31.217	17250		150.0
208	19:51:31.234	17400		150.0
209	19:51:31.249	17550		150.0
210	19:51:31.249	17700		150.0
211	19:51:31.249	17850		150.0
212	19:51:31.264	18000		150.0
213	19:51:31.279	18150		150.0
214	19:51:31.294	18300		150.0
215	19:51:31.308	18450		150.0
216	19:51:31.337	18600		150.0
217	19:51:31.354	18750		150.0
218	19:51:31.412	18900		150.0
219	19:51:31.429	19050		150.0
220	19:51:31.459	19200		150.0
221	19:51:31.459	19350		150.0
222	19:51:31.459	19500		150.0
223	19:51:31.459	19650		150.0
224	19:51:31.474	19800		150.0
225	19:51:31.489	19950		150.0
226	19:51:31.532	0		50.0
227	19:51:31.549	150		150.0
228	19:51:31.549	300		150.0
229	19:51:31.549	450		150.0
230	19:51:31.579	600		150.0
231	19:51:31.594	750		150.0
232	19:51:31.609	900		150.0
233	19:51:31.637	1050		150.0
234	19:51:31.654	1200		150.0
235	19:51:31.670	1350		150.0
236	19:51:31.685	1500		150.0
237	19:51:31.713	1650		150.0
238	19:51:31.729	1800		150.0
239	19:51:31.744	1950		150.0
240	19:51:31.759	2100		150.0
241	19:51:31.802	2250		150.0
242	19:51:31.818	2400		150.0
243	19:51:31.834	2550		150.0
244	19:51:31.834	2700		150.0
245	19:51:31.834	2850		150.0
246	19:51:31.834	3000		150.0
247	19:51:31.862	3150		150.0
248	19:51:31.879	3300		150.0
249	19:51:31.894	3450		150.0
250	19:51:31.909	3600		150.0
251	19:51:31.952	3750		150.0
252	19:51:31.969	3900		150.0
253	19:51:31.969	4050		150.0
254	19:51:31.969	4200		150.0
255	19:51:31.984	4350		150.0
256	19:51:31.998	4500		150.0
257	19:51:32.027	4650		150.0
258	19:51:32.044	4800		150.0
259	19:51:32.059	4950		150.0
260	19:51:32.074	5100		150.0
261	19:51:32.089	5250		150.0
262	19:51:32.104	5400		150.0
263	19:51:32.132	5550		150.0
264	19:51:32.149	5700		150.0
265	19:51:32.164	5850		150.0
266	19:51:32.192	6000		150.0
267	19:51:32.209	6150		150.0
268	19:51:32.224	6300		150.0
269	19:51:32.252	6450		150.0
270	19:51:32.270	6600		150.0
271	19:51:32.284	6750		150.0
272	19:51:32.284	6900		150.0
273	19:51:32.284	7050		150.0
274	19:51:32.299	7200		150.0
275	19:51:32.314	7350		150.0
276	19:51:32.357	7500		150.0
277	19:51:32.374	7650		150.0
278	19:51:32.389	7800		150.0
279	19:51:32.419	7950		150.0
280	19:51:32.433	8100		150.0
281	19:51:32.449	8250		150.0
282	19:51:32.449	8400		150.0
283	19:51:32.449	8550		150.0
284	19:51:32.464	8700		150.0
285	19:51:32.479	8850		150.0
286	19:51:32.509	9000		150.0
287	19:51:32.524	9150		150.0
288	19:51:32.539	9300		150.0
289	19:51:32.554	9450		150.0
290	19:51:32.569	9600		150.0
291	19:51:32.584	9750		150.0
292	19:51:32.599	9900		150.0
293	19:51:32.657	10050		150.0
294	19:51:32.674	10200		150.0
295	19:51:32.689	10350		150.0
296	19:51:32.689	10500		150.0
297	19:51:32.689	10650		150.0
298	19:51:32.704	10800		150.0
299	19:51:32.762	10950		150.0
300	19:51:32.779	11100		150.0
301	19:51:32.794	11250		150.0
302	19:51:32.794	11400		150.0
303	19:51:32.809	11550		150.0
304	19:51:32.824	11700		150.0
305	19:51:32.838	11850		150.0
306	19:51:32.854	12000		150.0
307	19:51:32.869	12150		150.0
308	19:51:32.884	12300		150.0
309	19:51:32.899	12450		150.0
310	19:51:32.914	12600		150.0
311	19:51:32.929	12750		150.0
312	19:51:32.943	12900		150.0
313	19:51:32.971	13050		150.0
314	19:51:32.989	13200		150.0
315	19:51:33.004	13350		150.0
316	19:51:33.019	13500		150.0
317	19:51:33.033	13650		150.0
318	19:51:33.061	13800		150.0
319	19:51:33.079	13950		150.0
320	19:51:33.122	14100		150.0
321	19:51:33.139	14250		150.0
322	19:51:33.154	14400		150.0
323	19:51:33.154	14550		150.0
324	19:51:33.154	14700		150.0
325	19:51:33.154	14850		150.0
326	19:51:33.169	15000		150.0
327	19:51:33.197	15150		150.0
328	19:51:33.214	15300		150.0
329	19:51:33.257	15450		150.0
330	19:51:33.274	15600		150.0
331	19:51:33.289	15750		150.0
332	19:51:33.304	15900		150.0
333	19:51:33.319	16050		150.0
334	19:51:33.334	16200		150.0
335	19:51:33.348	16350		150.0
336	19:51:33.376	16500		150.0
337	19:51:33.393	16650		150.0
338	19:51:33.393	16800		150.0
339	19:51:33.394	16950		150.0
340	19:51:33.407	17100		150.0
341	19:51:33.436	17250		150.0
342	19:51:33.453	17400		150.0
343	19:51:33.482	17550		150.0
344	19:51:33.497	17700		150.0
345	19:51:33.526	17850		150.0
346	19:51:33.542	18000		150.0
347	19:51:33.558	18150		150.0
348	19:51:33.558	18300		150.0
349	19:51:33.558	18450		150.0
350	19:51:33.601	18600		150.0
351	19:51:33.617	18750		150.0
352	19:51:33.632	18900		150.0
353	19:51:33.647	19050		150.0
354	19:51:33.662	19200		150.0
355	19:51:33.678	19350		150.0
356	19:51:33.692	19500		150.0
357	19:51:33.707	19650		150.0
358	19:51:33.722	19800		150.0
359	19:51:33.782	19950		150.0
360	19:51:33.798	0		50.0
361	19:51:33.813	150		150.0
362	19:51:33.813	300		150.0
363	19:51:33.815	450		150.0
364	19:51:33.827	600		150.0
365	19:51:33.843	750		150.0
366	19:51:33.871	900		150.0
367	19:51:33.888	1050		150.0
368	19:51:33.902	1200		150.0
369	19:51:33.917	1350		150.0
370	19:51:33.932	1500		150.0
371	19:51:33.947	1650		150.0
372	19:51:33.962	1800		150.0
373	19:51:33.991	1950		150.0
374	19:51:34.022	2100		150.0
375	19:51:34.038	2250		150.0
376	19:51:34.038	2400		150.0
377	19:51:34.053	2550		150.0
378	19:51:34.053	2700		150.0
379	19:51:34.068	2850		150.0
380	19:51:34.083	3000		150.0
381	19:51:34.098	3150		150.0
382	19:51:34.112	3300		150.0
383	19:51:34.156	3450		150.0
384	19:51:34.172	3600		150.0
385	19:51:34.188	3750		150.0
386	19:51:34.188	3900		150.0
387	19:51:34.188	4050		150.0
388	19:51:34.216	4200		150.0
389	19:51:34.233	4350		150.0
390	19:51:34.247	4500		150.0
391	19:51:34.262	4650		150.0
392	19:51:34.277	4800		150.0
393	19:51:34.292	4950		150.0
394	19:51:34.321	5100		150.0
395	19:51:34.337	5250		150.0
396	19:51:34.352	5400		150.0
397	19:51:34.368	5550		150.0
398	19:51:34.396	5700		150.0
399	19:51:34.413	5850		150.0
400	19:51:34.427	6000		150.0
401	19:51:34.456	6150		150.0
402	19:51:34.486	6300		150.0
403	19:51:34.503	6450		150.0
404	19:51:34.503	6600		150.0
405	19:51:34.503	6750		150.0
406	19:51:34.504	6900		150.0
407	19:51:34.546	7050		150.0
408	19:51:34.576	7200		150.0
409	19:51:34.592	7350		150.0
410	19:51:34.608	7500		150.0
411	19:51:34.608	7650		150.0
412	19:51:34.608	7800		150.0
413	19:51:34.622	7950		150.0
414	19:51:34.637	8100		150.0
415	19:51:34.652	8250		150.0
416	19:51:34.682	8400		150.0
417	19:51:34.711	8550		150.0
418	19:51:34.727	8700		150.0
419	19:51:34.742	8850		150.0
420	19:51:34.757	9000		150.0
421	19:51:34.772	9150		150.0
422	19:51:34.801	9300		150.0
423	19:51:34.817	9450		150.0
424	19:51:34.833	9600		150.0
425	19:51:34.848	9750		150.0
426	19:51:34.876	9900		150.0
427	19:51:34.893	10050		150.0
428	19:51:34.908	10200		150.0
429	19:51:34.908	10350		150.0
430	19:51:34.908	10500		150.0
431	19:51:34.923	10650		150.0
432	19:51:34.938	10800		150.0
433	19:51:34.952	10950		150.0
434	19:51:35.012	11100		150.0
435	19:51:35.027	11250		150.0
436	19:51:35.043	11400		150.0
437	19:51:35.058	11550		150.0
438	19:51:35.058	11700		150.0
439	19:51:35.072	11850		150.0
440	19:51:35.116	12000		150.0
441	19:51:35.133	12150		150.0
442	19:51:35.133	12300		150.0
443	19:51:35.133	12450		150.0
444	19:51:35.147	12600		150.0
445	19:51:35.162	12750		150.0
446	19:51:35.177	12900		150.0
447	19:51:35.192	13050		150.0
448	19:51:35.208	13200		150.0
449	19:51:35.223	13350		150.0
450	19:51:35.238	13500		150.0
451	19:51:35.267	13650		150.0
452	19:51:35.283	13800		150.0
453	19:51:35.297	13950		150.0
454	19:51:35.312	14100		150.0
455	19:51:35.327	14250		150.0
456	19:51:35.343	14400		150.0
457	19:51:35.358	14550		150.0
458	19:51:35.372	14700		150.0
459	19:51:35.388	14850		150.0
460	19:51:35.446	15000		150.0
461	19:51:35.462	15150		150.0
462	19:51:35.478	15300		150.0
463	19:51:35.478	15450		150.0
464	19:51:35.478	15600		150.0
465	19:51:35.493	15750		150.0
466	19:51:35.521	15900		150.0
467	19:51:35.537	16050		150.0
468	19:51:35.552	16200		150.0
469	19:51:35.568	16350		150.0
470	19:51:35.583	16500		150.0
471	19:51:35.612	16650		150.0
472	19:51:35.627	16800		150.0
473	19:51:35.643	16950		150.0
474	19:51:35.658	17100		150.0
475	19:51:35.673	17250		150.0
476	19:51:35.701	17400		150.0
477	19:51:35.731	17550		150.0
478	19:51:35.748	17700		150.0
479	19:51:35.748	17850		150.0
480	19:51:35.748	18000		150.0
481	19:51:35.762	18150		150.0
482	19:51:35.777	18300		150.0
483	19:51:35.792	18450		150.0
484	19:51:35.807	18600		150.0
485	19:51:35.836	18750		150.0
486	19:51:35.852	18900		150.0
487	19:51:35.868	19050		150.0
488	19:51:35.883	19200		150.0
489	19:51:35.897	19350		150.0
490	19:51:35.912	19500		150.0
491	19:51:35.927	19650		150.0
492	19:51:35.943	19800		150.0
493	19:51:35.986	19950		150.0
494	19:51:36.002	0		50.0
495	19:51:36.018	150		150.0
496	19:51:36.018	300		150.0
497	19:51:36.018	450		150.0
498	19:51:36.033	600		150.0
499	19:51:36.076	750		150.0
500	19:51:36.092	900		150.0
501	19:51:36.107	1050		150.0
502	19:51:36.122	1200		150.0
503	19:51:36.137	1350		150.0
504	19:51:36.152	1500		150.0
505	19:51:36.168	1650		150.0
506	19:51:36.183	1800		150.0
507	19:51:36.197	1950		150.0
508	19:51:36.213	2100		150.0
509	19:51:36.241	2250		150.0
510	19:51:36.257	2400		150.0
511	19:51:36.286	2550		150.0
512	19:51:36.302	2700		150.0
513	19:51:36.317	2850		150.0
514	19:51:36.332	3000		150.0
515	19:51:36.347	3150		150.0
516	19:51:36.362	3300		150.0
517	19:51:36.377	3450		150.0
518	19:51:36.406	3600		150.0
519	19:51:36.436	3750		150.0
520	19:51:36.453	3900		150.0
521	19:51:36.453	4050		150.0
522	19:51:36.453	4200		150.0
523	19:51:36.468	4350		150.0
524	19:51:36.483	4500		150.0
525	19:51:36.497	4650		150.0
526	19:51:36.512	4800		150.0
527	19:51:36.528	4950		150.0
528	19:51:36.543	5100		150.0
529	19:51:36.557	5250		150.0
530	19:51:36.572	5400		150.0
531	19:51:36.601	5550		150.0
532	19:51:36.617	5700		150.0
533	19:51:36.632	5850		150.0
534	19:51:36.647	6000		150.0
535	19:51:36.706	6150		150.0
536	19:51:36.736	6300		150.0
537	19:51:36.753	6450		150.0
538	19:51:36.753	6600		150.0
539	19:51:36.753	6750		150.0
540	19:51:36.754	6900		150.0
541	19:51:36.768	7050		150.0
542	19:51:36.796	7200		150.0
543	19:51:36.813	7350		150.0
544	19:51:36.827	7500		150.0
545	19:51:36.842	7650		150.0
546	19:51:36.857	7800		150.0
547	19:51:36.872	7950		150.0
548	19:51:36.887	8100		150.0
549	19:51:36.902	8250		150.0
550	19:51:36.917	8400		150.0
551	19:51:36.932	8550		150.0
552	19:51:36.961	8700		150.0
553	19:51:36.977	8850		150.0
554	19:51:36.992	9000		150.0
555	19:51:37.007	9150		150.0
556	19:51:37.022	9300		150.0
557	19:51:37.038	9450		150.0
558	19:51:37.052	9600		150.0
559	19:51:37.068	9750		150.0
560	19:51:37.083	9900		150.0
561	19:51:37.097	10050		150.0
562	19:51:37.112	10200		150.0
563	19:51:37.127	10350		150.0
564	19:51:37.156	10500		150.0
565	19:51:37.186	10650		150.0
566	19:51:37.202	10800		150.0
567	19:51:37.217	10950		150.0
568	19:51:37.233	11100		150.0
569	19:51:37.247	11250		150.0
570	19:51:37.262	11400		150.0
571	19:51:37.277	11550		150.0
572	19:51:37.292	11700		150.0
573	19:51:37.321	11850		150.0
574	19:51:37.367	12000		150.0
575	19:51:37.383	12150		150.0
576	19:51:37.413	12300		150.0
577	19:51:37.413	12450		150.0
578	19:51:37.413	12600		150.0
579	19:51:37.414	12750		150.0
580	19:51:37.427	12900		150.0
581	19:51:37.456	13050		150.0
582	19:51:37.472	13200		150.0
583	19:51:37.487	13350		150.0
584	19:51:37.503	13500		150.0
585	19:51:37.517	13650		150.0
586	19:51:37.532	13800		150.0
587	19:51:37.547	13950		150.0
588	19:51:37.562	14100		150.0
589	19:51:37.577	14250		150.0
590	19:51:37.592	14400		150.0
591	19:51:37.607	14550		150.0
592	19:51:37.622	14700		150.0
593	19:51:37.637	14850		150.0
594	19:51:37.652	15000		150.0
595	19:51:37.668	15150		150.0
596	19:51:37.683	15300		150.0
597	19:51:37.726	15450		150.0
598	19:51:37.743	15600		150.0
599	19:51:37.758	15750		150.0
600	19:51:37.772	15900		150.0
601	19:51:37.801	16050		150.0
602	19:51:37.817	16200		150.0
603	19:51:37.833	16350		150.0
604	19:51:37.833	16500		150.0
605	19:51:37.847	16650		150.0
606	19:51:37.862	16800		150.0
607	19:51:37.877	16950		150.0
608	19:51:37.892	17100		150.0
609	19:51:37.921	17250		150.0
610	19:51:37.937	17400		150.0
611	19:51:37.952	17550		150.0
612	19:51:37.982	17700		150.0
613	19:51:37.997	17850		150.0
614	19:51:38.012	18000		150.0
615	19:51:38.027	18150		150.0
616	19:51:38.043	18300		150.0
617	19:51:38.071	18450		150.0
618	19:51:38.101	18600		150.0
619	19:51:38.118	18750		150.0
620	19:51:38.118	18900		150.0
621	19:51:38.119	19050		150.0
622	19:51:38.120	19200		150.0
623	19:51:38.132	19350		150.0
624	19:51:38.147	19500		150.0
625	19:51:38.177	19650		150.0
626	19:51:38.221	19800		150.0
627	19:51:38.237	19950		150.0
628	19:51:38.252	0		50.0
629	19:51:38.268	150		150.0
630	19:51:38.283	300		150.0
631	19:51:38.297	450		150.0
632	19:51:38.312	600		150.0
633	19:51:38.341	750		150.0
634	19:51:38.358	900		150.0
635	19:51:38.387	1050		150.0
636	19:51:38.388	1200		150.0
637	19:51:38.403	1350		150.0
638	19:51:38.403	1500		150.0
639	19:51:38.417	1650		150.0
640	19:51:38.432	1800		150.0
641	19:51:38.447	1950		150.0
642	19:51:38.462	2100		150.0
643	19:51:38.477	2250		150.0
644	19:51:38.492	2400		150.0
645	19:51:38.508	2550		150.0
646	19:51:38.536	2700		150.0
647	19:51:38.552	2850		150.0
648	19:51:38.582	3000		150.0
649	19:51:38.597	3150		150.0
650	19:51:38.612	3300		150.0
651	19:51:38.627	3450		150.0
652	19:51:38.643	3600		150.0
653	19:51:38.657	3750		150.0
654	19:51:38.672	3900		150.0
655	19:51:38.687	4050		150.0
656	19:51:38.702	4200		150.0
657	19:51:38.717	4350		150.0
658	19:51:38.732	4500		150.0
659	19:51:38.747	4650		150.0
660	19:51:38.762	4800		150.0
661	19:51:38.777	4950		150.0
662	19:51:38.792	5100		150.0
663	19:51:38.821	5250		150.0
664	19:51:38.837	5400		150.0
665	19:51:38.853	5550		150.0
666	19:51:38.868	5700		150.0
667	19:51:38.883	5850		150.0
668	19:51:38.897	6000		150.0
669	19:51:38.912	6150		150.0
670	19:51:38.941	6300		150.0
671	19:51:38.957	6450		150.0
672	19:51:38.972	6600		150.0
673	19:51:38.987	6750		150.0
674	19:51:39.002	6900		150.0
675	19:51:39.017	7050		150.0
676	19:51:39.032	7200		150.0
677	19:51:39.047	7350		150.0
678	19:51:39.062	7500		150.0
679	19:51:39.077	7650		150.0
680	19:51:39.121	7800		150.0
681	19:51:39.151	7950		150.0
682	19:51:39.168	8100		150.0
683	19:51:39.197	8250		150.0
684	19:51:39.198	8400		150.0
685	19:51:39.198	8550		150.0
686	19:51:39.199	8700		150.0
687	19:51:39.212	8850		150.0
688	19:51:39.256	9000		150.0
689	19:51:39.272	9150		150.0
690	19:51:39.288	9300		150.0
691	19:51:39.316	9450		150.0
692	19:51:39.333	9600		150.0
693	19:51:39.348	9750		150.0
694	19:51:39.348	9900		150.0
695	19:51:39.348	10050		150.0
696	19:51:39.362	10200		150.0
697	19:51:39.378	10350		150.0
698	19:51:39.393	10500		150.0
699	19:51:39.421	10650		150.0
700	19:51:39.451	10800		150.0
701	19:51:39.468	10950		150.0
702	19:51:39.483	11100		150.0
703	19:51:39.497	11250		150.0
704	19:51:39.512	11400		150.0
705	19:51:39.527	11550		150.0
706	19:51:39.556	11700		150.0
707	19:51:39.572	11850		150.0
708	19:51:39.587	12000		150.0
709	19:51:39.616	12150		150.0
710	19:51:39.661	12300		150.0
711	19:51:39.678	12450		150.0
712	19:51:39.678	12600		150.0
713	19:51:39.678	12750		150.0
714	19:51:39.679	12900		150.0
715	19:51:39.692	13050		150.0
716	19:51:39.707	13200		150.0
717	19:51:39.723	13350		150.0
718	19:51:39.737	13500		150.0
719	19:51:39.752	13650		150.0
720	19:51:39.768	13800		150.0
721	19:51:39.783	13950		150.0
722	19:51:39.797	14100		150.0
723	19:51:39.826	14250		150.0
724	19:51:39.842	14400		150.0
725	19:51:39.857	14550		150.0
726	19:51:39.873	14700		150.0
727	19:51:39.887	14850		150.0
728	19:51:39.902	15000		150.0
729	19:51:39.917	15150		150.0
730	19:51:39.932	15300		150.0
731	19:51:39.947	15450		150.0
732	19:51:39.962	15600		150.0
733	19:51:39.977	15750		150.0
734	19:51:39.993	15900		150.0
735	19:51:40.007	16050		150.0
736	19:51:40.036	16200		150.0
737	19:51:40.052	16350		150.0
738	19:51:40.068	16500		150.0
739	19:51:40.083	16650		150.0
740	19:51:40.097	16800		150.0
741	19:51:40.112	16950		150.0
742	19:51:40.128	17100		150.0
743	19:51:40.143	17250		150.0
744	19:51:40.157	17400		150.0
745	19:51:40.186	17550		150.0
746	19:51:40.203	17700		150.0
747	19:51:40.217	17850		150.0
748	19:51:40.233	18000		150.0
749	19:51:40.248	18150		150.0
750	19:51:40.276	18300		150.0
751	19:51:40.292	18450		150.0
752	19:51:40.307	18600		150.0
753	19:51:40.322	18750		150.0
754	19:51:40.337	18900		150.0
755	19:51:40.354	19050		150.0
756	19:51:40.369	19200		150.0
757	19:51:40.384	19350		150.0
758	19:51:40.399	19500		150.0
759	19:51:40.414	19650		150.0
760	19:51:40.429	19800		150.0
761	19:51:40.444	19950		150.0
762	19:51:40.459	0		50.0
763	19:51:40.474	150		150.0
764	19:51:40.504	300		150.0
765	19:51:40.518	450		150.0
766	19:51:40.547	600		150.0
767	19:51:40.564	750		150.0
768	19:51:40.579	900		150.0
769	19:51:40.594	1050		150.0
770	19:51:40.609	1200		150.0
771	19:51:40.623	1350		150.0
772	19:51:40.639	1500		150.0
773	19:51:40.654	1650		150.0
774	19:51:40.685	1800		150.0
775	19:51:40.699	1950		150.0
776	19:51:40.714	2100		150.0
777	19:51:40.728	2250		150.0
778	19:51:40.744	2400		150.0
779	19:51:40.774	2550		150.0
780	19:51:40.789	2700		150.0
781	19:51:40.804	2850		150.0
782	19:51:40.804	3000		150.0
783	19:51:40.819	3150		150.0
784	19:51:40.834	3300		150.0
785	19:51:40.862	3450		150.0
786	19:51:40.879	3600		150.0
787	19:51:40.894	3750		150.0
788	19:51:40.909	3900		150.0
789	19:51:40.922	4050		150.0
790	19:51:40.939	4200		150.0
791	19:51:40.954	4350		150.0
792	19:51:40.969	4500		150.0
793	19:51:40.984	4650		150.0
794	19:51:40.999	4800		150.0
795	19:51:41.014	4950		150.0
796	19:51:41.042	5100		150.0
797	19:51:41.059	5250		150.0
798	19:51:41.074	5400		150.0
799	19:51:41.089	5550		150.0
800	19:51:41.104	5700		150.0
801	19:51:41.119	5850		150.0
802	19:51:41.133	6000		150.0
803	19:51:41.149	6150		150.0
804	19:51:41.164	6300		150.0
805	19:51:41.179	6450		150.0
806	19:51:41.207	6600		150.0
807	19:51:41.224	6750		150.0
808	19:51:41.238	6900		150.0
809	19:51:41.254	7050		150.0
810	19:51:41.269	7200		150.0
811	19:51:41.299	7350		150.0
812	19:51:41.314	7500		150.0
813	19:51:41.329	7650		150.0
814	19:51:41.343	7800		150.0
815	19:51:41.359	7950		150.0
816	19:51:41.374	8100		150.0
817	19:51:41.389	8250		150.0
818	19:51:41.404	8400		150.0
819	19:51:41.419	8550		150.0
820	19:51:41.434	8700		150.0
821	19:51:41.449	8850		150.0
822	19:51:41.464	9000		150.0
823	19:51:41.479	9150		150.0
824	19:51:41.537	9300		150.0
825	19:51:41.554	9450		150.0
826	19:51:41.569	9600		150.0
827	19:51:41.584	9750		150.0
828	19:51:41.584	9900		150.0
829	19:51:41.599	10050		150.0
830	19:51:41.614	10200		150.0
831	19:51:41.629	10350		150.0
832	19:51:41.644	10500		150.0
833	19:51:41.659	10650		150.0
834	19:51:41.674	10800		150.0
835	19:51:41.689	10950		150.0
836	19:51:41.704	11100		150.0
837	19:51:41.719	11250		150.0
838	19:51:41.734	11400		150.0
839	19:51:41.748	11550		150.0
840	19:51:41.764	11700		150.0
841	19:51:41.779	11850		150.0
842	19:51:41.794	12000		150.0
843	19:51:41.824	12150		150.0
844	19:51:41.839	12300		150.0
845	19:51:41.853	12450		150.0
846	19:51:41.870	12600		150.0
847	19:51:41.884	12750		150.0
848	19:51:41.899	12900		150.0
849	19:51:41.914	13050		150.0
850	19:51:41.929	13200		150.0
851	19:51:41.944	13350		150.0
852	19:51:41.974	13500		150.0
853	19:51:41.989	13650		150.0
854	19:51:42.004	13800		150.0
855	19:51:42.019	13950		150.0
856	19:51:42.033	14100		150.0
857	19:51:42.049	14250		150.0
858	19:51:42.079	14400		150.0
859	19:51:42.094	14550		150.0
860	19:51:42.109	14700		150.0
861	19:51:42.124	14850		150.0
862	19:51:42.139	15000		150.0
863	19:51:42.154	15150		150.0
864	19:51:42.169	15300		150.0
865	19:51:42.185	15450		150.0
866	19:51:42.199	15600		150.0
867	19:51:42.214	15750		150.0
868	19:51:42.242	15900		150.0
869	19:51:42.271	16050		150.0
870	19:51:42.289	16200		150.0
871	19:51:42.304	16350		150.0
872	19:51:42.319	16500		150.0
873	19:51:42.334	16650		150.0
874	19:51:42.349	16800		150.0
875	19:51:42.363	16950		150.0
876	19:51:42.379	17100		150.0
877	19:51:42.394	17250		150.0
878	19:51:42.409	17400		150.0
879	19:51:42.424	17550		150.0
880	19:51:42.439	17700		150.0
881	19:51:42.454	17850		150.0
882	19:51:42.468	18000		150.0
883	19:51:42.485	18150		150.0
884	19:51:42.499	18300		150.0
885	19:51:42.527	18450		150.0
886	19:51:42.544	18600		150.0
887	19:51:42.559	18750		150.0
888	19:51:42.574	18900		150.0
889	19:51:42.604	19050		150.0
890	19:51:42.634	19200		150.0
891	19:51:42.649	19350		150.0
892	19:51:42.664	19500		150.0
893	19:51:42.664	19650		150.0
894	19:51:42.679	19800		150.0
895	19:51:42.694	19950		150.0
896	19:51:42.709	0		50.0
897	19:51:42.724	150		150.0
898	19:51:42.739	300		150.0
899	19:51:42.769	450		150.0
900	19:51:42.785	600		150.0
901	19:51:42.799	750		150.0
902	19:51:42.814	900		150.0
903	19:51:42.829	1050		150.0
904	19:51:42.844	1200		150.0
905	19:51:42.859	1350		150.0
906	19:51:42.874	1500		150.0
907	19:51:42.889	1650		150.0
908	19:51:42.919	1800		150.0
909	19:51:42.934	1950		150.0
910	19:51:42.949	2100		150.0
911	19:51:42.964	2250		150.0
912	19:51:42.978	2400		150.0
913	19:51:42.992	2550		150.0
914	19:51:43.036	2700		150.0
915	19:51:43.052	2850		150.0
916	19:51:43.068	3000		150.0
917	19:51:43.083	3150		150.0
918	19:51:43.097	3300		150.0
919	19:51:43.113	3450		150.0
920	19:51:43.127	3600		150.0
921	19:51:43.142	3750		150.0
922	19:51:43.157	3900		150.0
923	19:51:43.173	4050		150.0
924	19:51:43.187	4200		150.0
925	19:51:43.202	4350		150.0
926	19:51:43.217	4500		150.0
927	19:51:43.246	4650		150.0
928	19:51:43.263	4800		150.0
929	19:51:43.278	4950		150.0
930	19:51:43.292	5100		150.0
931	19:51:43.307	5250		150.0
932	19:51:43.322	5400		150.0
933	19:51:43.337	5550		150.0
934	19:51:43.352	5700		150.0
935	19:51:43.368	5850		150.0
936	19:51:43.383	6000		150.0
937	19:51:43.397	6150		150.0
938	19:51:43.412	6300		150.0
939	19:51:43.428	6450		150.0
940	19:51:43.443	6600		150.0
941	19:51:43.457	6750		150.0
942	19:51:43.486	6900		150.0
943	19:51:43.503	7050		150.0
944	19:51:43.517	7200		150.0
945	19:51:43.532	7350		150.0
946	19:51:43.547	7500		150.0
947	19:51:43.562	7650		150.0
948	19:51:43.577	7800		150.0
949	19:51:43.606	7950		150.0
950	19:51:43.622	8100		150.0
951	19:51:43.651	8250		150.0
952	19:51:43.668	8400		150.0
953	19:51:43.683	8550		150.0
954	19:51:43.697	8700		150.0
955	19:51:43.712	8850		150.0
956	19:51:43.727	9000		150.0
957	19:51:43.743	9150		150.0
958	19:51:43.758	9300		150.0
959	19:51:43.772	9450		150.0
960	19:51:43.788	9600		150.0
961	19:51:43.802	9750		150.0
962	19:51:43.817	9900		150.0
963	19:51:43.832	10050		150.0
964	19:51:43.847	10200		150.0
965	19:51:43.862	10350		150.0
966	19:51:43.877	10500		150.0
967	19:51:43.892	10650		150.0
968	19:51:43.921	10800		150.0
969	19:51:43.938	10950		150.0
970	19:51:43.952	11100		150.0
971	19:51:43.968	11250		150.0
972	19:51:43.996	11400		150.0
973	19:51:44.012	11550		150.0
974	19:51:44.027	11700		150.0
975	19:51:44.042	11850		150.0
976	19:51:44.058	12000		150.0
977	19:51:44.072	12150		150.0
978	19:51:44.088	12300		150.0
979	19:51:44.102	12450		150.0
980	19:51:44.117	12600		150.0
981	19:51:44.132	12750		150.0
982	19:51:44.161	12900		150.0
983	19:51:44.177	13050		150.0
984	19:51:44.192	13200		150.0
985	19:51:44.208	13350		150.0
986	19:51:44.222	13500		150.0
987	19:51:44.237	13650		150.0
988	19:51:44.267	13800		150.0
989	19:51:44.283	13950		150.0
990	19:51:44.298	14100		150.0
991	19:51:44.312	14250		150.0
992	19:51:44.327	14400		150.0
993	19:51:44.343	14550		150.0
994	19:51:44.358	14700		150.0
995	19:51:44.372	14850		150.0
996	19:51:44.388	15000		150.0
997	19:51:44.403	15150		150.0
998	19:51:44.417	15300		150.0
999	19:51:44.432	15450		150.0
1000	19:51:44.476	15600		150.0
1001	19:51:44.493	15750		150.0
1002	19:51:44.507	15900		150.0
1003	19:51:44.522	16050		150.0
1004	19:51:44.537	16200		150.0
1005	19:51:44.552	16350		150.0
1006	19:51:44.568	16500		150.0
1007	19:51:44.583	16650		150.0
1008	19:51:44.598	16800		150.0
1009	19:51:44.612	16950		150.0
1010	19:51:44.628	17100		150.0
1011	19:51:44.642	17250		150.0
1012	19:51:44.658	17400		150.0
1013	19:51:44.672	17550		150.0
1014	19:51:44.688	17700		150.0
1015	19:51:44.703	17850		150.0
1016	19:51:44.717	18000		150.0
1017	19:51:44.732	18150		150.0
1018	19:51:44.747	18300		150.0
1019	19:51:44.776	18450		150.0
1020	19:51:44.792	18600		150.0
1021	19:51:44.807	18750		150.0
1022	19:51:44.822	18900		150.0
1023	19:51:44.837	19050		150.0
1024	19:51:44.852	19200		150.0
1025	19:51:44.882	19350		150.0
1026	19:51:44.898	19500		150.0
1027	19:51:44.912	19650		150.0
1028	19:51:44.927	19800		150.0
1029	19:51:44.942	19950		150.0
1030	19:51:44.958	0		50.0
1031	19:51:44.986	150		150.0
1032	19:51:45.002	300		150.0
1033	19:51:45.017	450		150.0
1034	19:51:45.032	600		150.0
1035	19:51:45.047	750		150.0
1036	19:51:45.062	900		150.0
1037	19:51:45.077	1050		150.0
1038	19:51:45.093	1200		150.0
1039	19:51:45.107	1350		150.0
1040	19:51:45.122	1500		150.0
1041	19:51:45.137	1650		150.0
1042	19:51:45.152	1800		150.0
1043	19:51:45.168	1950		150.0
1044	19:51:45.183	2100		150.0
1045	19:51:45.198	2250		150.0
1046	19:51:45.212	2400		150.0
1047	19:51:45.242	2550		150.0
1048	19:51:45.258	2700		150.0
1049	19:51:45.272	2850		150.0
1050	19:51:45.287	3000		150.0
1051	19:51:45.316	3150		150.0
1052	19:51:45.332	3300		150.0
1053	19:51:45.347	3450		150.0
1054	19:51:45.362	3600		150.0
1055	19:51:45.377	3750		150.0
1056	19:51:45.393	3900		150.0
1057	19:51:45.408	4050		150.0
1058	19:51:45.422	4200		150.0
1059	19:51:45.438	4350		150.0
1060	19:51:45.453	4500		150.0
1061	19:51:45.482	4650		150.0
1062	19:51:45.497	4800		150.0
1063	19:51:45.513	4950		150.0
1064	19:51:45.527	5100		150.0
1065	19:51:45.543	5250		150.0
1066	19:51:45.558	5400		150.0
1067	19:51:45.572	5550		150.0
1068	19:51:45.601	5700		150.0
1069	19:51:45.617	5850		150.0
1070	19:51:45.632	6000		150.0
1071	19:51:45.647	6150		150.0
1072	19:51:45.662	6300		150.0
1073	19:51:45.678	6450		150.0
1074	19:51:45.692	6600		150.0
1075	19:51:45.707	6750		150.0
1076	19:51:45.723	6900		150.0
1077	19:51:45.737	7050		150.0
1078	19:51:45.752	7200		150.0
1079	19:51:45.782	7350		150.0
1080	19:51:45.797	7500		150.0
1081	19:51:45.812	7650		150.0
1082	19:51:45.827	7800		150.0
1083	19:51:45.843	7950		150.0
1084	19:51:45.857	8100		150.0
1085	19:51:45.872	8250		150.0
1086	19:51:45.887	8400		150.0
1087	19:51:45.902	8550		150.0
1088	19:51:45.917	8700		150.0
1089	19:51:45.946	8850		150.0
1090	19:51:45.962	9000		150.0
1091	19:51:45.978	9150		150.0
1092	19:51:46.006	9300		150.0
1093	19:51:46.036	9450		150.0
1094	19:51:46.053	9600		150.0
1095	19:51:46.068	9750		150.0
1096	19:51:46.083	9900		150.0
1097	19:51:46.083	10050		150.0
1098	19:51:46.097	10200		150.0
1099	19:51:46.112	10350		150.0
1100	19:51:46.127	10500		150.0
1101	19:51:46.143	10650		150.0
1102	19:51:46.158	10800		150.0
1103	19:51:46.172	10950		150.0
1104	19:51:46.187	11100		150.0
1105	19:51:46.216	11250		150.0
1106	19:51:46.232	11400		150.0
1107	19:51:46.247	11550		150.0
1108	19:51:46.262	11700		150.0
1109	19:51:46.277	11850		150.0
1110	19:51:46.292	12000		150.0
1111	19:51:46.307	12150		150.0
1112	19:51:46.322	12300		150.0
1113	19:51:46.337	12450		150.0
1114	19:51:46.352	12600		150.0
1115	19:51:46.368	12750		150.0
1116	19:51:46.383	12900		150.0
1117	19:51:46.411	13050		150.0
1118	19:51:46.428	13200		150.0
1119	19:51:46.443	13350		150.0
1120	19:51:46.457	13500		150.0
1121	19:51:46.472	13650		150.0
1122	19:51:46.488	13800		150.0
1123	19:51:46.503	13950		150.0
1124	19:51:46.517	14100		150.0
1125	19:51:46.532	14250		150.0
1126	19:51:46.561	14400		150.0
1127	19:51:46.578	14550		150.0
1128	19:51:46.592	14700		150.0
1129	19:51:46.636	14850		150.0
1130	19:51:46.652	15000		150.0
1131	19:51:46.668	15150		150.0
1132	19:51:46.683	15300		150.0
1133	19:51:46.697	15450		150.0
1134	19:51:46.712	15600		150.0
1135	19:51:46.727	15750		150.0
1136	19:51:46.743	15900		150.0
1137	19:51:46.757	16050		150.0
1138	19:51:46.772	16200		150.0
1139	19:51:46.787	16350		150.0
1140	19:51:46.802	16500		150.0
1141	19:51:46.817	16650		150.0
1142	19:51:46.833	16800		150.0
1143	19:51:46.847	16950		150.0
1144	19:51:46.862	17100		150.0
1145	19:51:46.877	17250		150.0
1146	19:51:46.892	17400		150.0
1147	19:51:46.908	17550		150.0
1148	19:51:46.936	17700		150.0
1149	19:51:46.952	17850		150.0
1150	19:51:46.968	18000		150.0
1151	19:51:46.983	18150		150.0
1152	19:51:46.998	18300		150.0
1153	19:51:47.026	18450		150.0
1154	19:51:47.042	18600		150.0
1155	19:51:47.057	18750		150.0
1156	19:51:47.073	18900		150.0
1157	19:51:47.087	19050		150.0
1158	19:51:47.102	19200		150.0
1159	19:51:47.117	19350		150.0
1160	19:51:47.132	19500		150.0
1161	19:51:47.147	19650		150.0
1162	19:51:47.162	19800		150.0
1163	19:51:47.191	19950		150.0
1164	19:51:47.207	0		50.0
1165	19:51:47.236	150		150.0
1166	19:51:47.252	300		150.0
1167	19:51:47.268	450		150.0
1168	19:51:47.283	600		150.0
1169	19:51:47.297	750		150.0
1170	19:51:47.312	900		150.0
1171	19:51:47.341	1050		150.0
1172	19:51:47.358	1200		150.0
1173	19:51:47.372	1350		150.0
1174	19:51:47.387	1500		150.0
1175	19:51:47.402	1650		150.0
1176	19:51:47.417	1800		150.0
1177	19:51:47.432	1950		150.0
1178	19:51:47.447	2100		150.0
1179	19:51:47.462	2250		150.0
1180	19:51:47.477	2400		150.0
1181	19:51:47.492	2550		150.0
1182	19:51:47.507	2700		150.0
1183	19:51:47.522	2850		150.0
1184	19:51:47.537	3000		150.0
1185	19:51:47.552	3150		150.0
1186	19:51:47.568	3300		150.0
1187	19:51:47.583	3450		150.0
1188	19:51:47.611	3600		150.0
1189	19:51:47.627	3750		150.0
1190	19:51:47.643	3900		150.0
1191	19:51:47.658	4050		150.0
1192	19:51:47.672	4200		150.0
1193	19:51:47.687	4350		150.0
1194	19:51:47.702	4500		150.0
1195	19:51:47.718	4650		150.0
1196	19:51:47.732	4800		150.0
1197	19:51:47.747	4950		150.0
1198	19:51:47.762	5100		150.0
1199	19:51:47.777	5250		150.0
1200	19:51:47.806	5400		150.0
1201	19:51:47.822	5550		150.0
1202	19:51:47.837	5700		150.0
1203	19:51:47.852	5850		150.0
1204	19:51:47.882	6000		150.0
1205	19:51:47.898	6150		150.0
1206	19:51:47.912	6300		150.0
1207	19:51:47.927	6450		150.0
1208	19:51:47.956	6600		150.0
1209	19:51:47.972	6750		150.0
1210	19:51:47.987	6900		150.0
1211	19:51:48.002	7050		150.0
1212	19:51:48.017	7200		150.0
1213	19:51:48.032	7350		150.0
1214	19:51:48.047	7500		150.0
1215	19:51:48.062	7650		150.0
1216	19:51:48.077	7800		150.0
1217	19:51:48.092	7950		150.0
1218	19:51:48.107	8100		150.0
1219	19:51:48.122	8250		150.0
1220	19:51:48.137	8400		150.0
1221	19:51:48.152	8550		150.0
1222	19:51:48.168	8700		150.0
1223	19:51:48.197	8850		150.0
1224	19:51:48.212	9000		150.0
1225	19:51:48.227	9150		150.0
1226	19:51:48.242	9300		150.0
1227	19:51:48.257	9450		150.0
1228	19:51:48.272	9600		150.0
1229	19:51:48.287	9750		150.0
1230	19:51:48.303	9900		150.0
1231	19:51:48.318	10050		150.0
1232	19:51:48.361	10200		150.0
1233	19:51:48.377	10350		150.0
1234	19:51:48.392	10500		150.0
1235	19:51:48.407	10650		150.0
1236	19:51:48.422	10800		150.0
1237	19:51:48.437	10950		150.0
1238	19:51:48.452	11100		150.0
1239	19:51:48.468	11250		150.0
1240	19:51:48.483	11400		150.0
1241	19:51:48.511	11550		150.0
1242	19:51:48.527	11700		150.0
1243	19:51:48.543	11850		150.0
1244	19:51:48.558	12000		150.0
1245	19:51:48.572	12150		150.0
1246	19:51:48.588	12300		150.0
1247	19:51:48.602	12450		150.0
1248	19:51:48.617	12600		150.0
1249	19:51:48.632	12750		150.0
1250	19:51:48.647	12900		150.0
1251	19:51:48.662	13050		150.0
1252	19:51:48.677	13200		150.0
1253	19:51:48.693	13350		150.0
1254	19:51:48.708	13500		150.0
1255	19:51:48.722	13650		150.0
1256	19:51:48.737	13800		150.0
1257	19:51:48.753	13950		150.0
1258	19:51:48.768	14100		150.0
1259	19:51:48.783	14250		150.0
1260	19:51:48.797	14400		150.0
1261	19:51:48.826	14550		150.0
1262	19:51:48.843	14700		150.0
1263	19:51:48.857	14850		150.0
1264	19:51:48.872	15000		150.0
1265	19:51:48.887	15150		150.0
1266	19:51:48.903	15300		150.0
1267	19:51:48.917	15450		150.0
1268	19:51:48.932	15600		150.0
1269	19:51:48.947	15750		150.0
1270	19:51:48.976	15900		150.0
1271	19:51:48.992	16050		150.0
1272	19:51:49.007	16200		150.0
1273	19:51:49.022	16350		150.0
1274	19:51:49.037	16500		150.0
1275	19:51:49.053	16650		150.0
1276	19:51:49.068	16800		150.0
1277	19:51:49.083	16950		150.0
1278	19:51:49.097	17100		150.0
1279	19:51:49.126	17250		150.0
1280	19:51:49.143	17400		150.0
1281	19:51:49.157	17550		150.0
1282	19:51:49.172	17700		150.0
1283	19:51:49.188	17850		150.0
1284	19:51:49.202	18000		150.0
1285	19:51:49.217	18150		150.0
1286	19:51:49.232	18300		150.0
1287	19:51:49.247	18450		150.0
1288	19:51:49.276	18600		150.0
1289	19:51:49.292	18750		150.0
1290	19:51:49.308	18900		150.0
1291	19:51:49.322	19050		150.0
1292	19:51:49.338	19200		150.0
1293	19:51:49.352	19350		150.0
1294	19:51:49.368	19500		150.0
1295	19:51:49.383	19650		150.0
1296	19:51:49.397	19800		150.0
1297	19:51:49.412	19950		150.0
1298	19:51:49.441	0		50.0
1299	19:51:49.457	150		150.0
1300	19:51:49.473	300		150.0
1301	19:51:49.487	450		150.0
1302	19:51:49.502	600		150.0
1303	19:51:49.517	750		150.0
1304	19:51:49.532	900		150.0
1305	19:51:49.547	1050		150.0
1306	19:51:49.562	1200		150.0
1307	19:51:49.591	1350		150.0
1308	19:51:49.607	1500		150.0
1309	19:51:49.622	1650		150.0
1310	19:51:49.637	1800		150.0
1311	19:51:49.652	1950		150.0
1312	19:51:49.668	2100		150.0
1313	19:51:49.683	2250		150.0
1314	19:51:49.698	2400		150.0
1315	19:51:49.712	2550		150.0
1316	19:51:49.727	2700		150.0
1317	19:51:49.756	2850		150.0
1318	19:51:49.772	3000		150.0
1319	19:51:49.787	3150		150.0
1320	19:51:49.802	3300		150.0
1321	19:51:49.817	3450		150.0
1322	19:51:49.832	3600		150.0
1323	19:51:49.847	3750		150.0
1324	19:51:49.862	3900		150.0
1325	19:51:49.877	4050		150.0
1326	19:51:49.906	4200		150.0
1327	19:51:49.922	4350		150.0
1328	19:51:49.937	4500		150.0
1329	19:51:49.967	4650		150.0
1330	19:51:49.983	4800		150.0
1331	19:51:49.997	4950		150.0
1332	19:51:50.012	5100		150.0
1333	19:51:50.027	5250		150.0
1334	19:51:50.042	5400		150.0
1335	19:51:50.058	5550		150.0
1336	19:51:50.072	5700		150.0
1337	19:51:50.088	5850		150.0
1338	19:51:50.102	6000		150.0
1339	19:51:50.131	6150		150.0
1340	19:51:50.147	6300		150.0
1341	19:51:50.162	6450		150.0
1342	19:51:50.177	6600		150.0
1343	19:51:50.192	6750		150.0
1344	19:51:50.207	6900		150.0
1345	19:51:50.222	7050		150.0
1346	19:51:50.237	7200		150.0
1347	19:51:50.253	7350		150.0
1348	19:51:50.268	7500		150.0
1349	19:51:50.311	7650		150.0
1350	19:51:50.327	7800		150.0
1351	19:51:50.342	7950		150.0
1352	19:51:50.357	8100		150.0
1353	19:51:50.372	8250		150.0
1354	19:51:50.387	8400		150.0
1355	19:51:50.402	8550		150.0
1356	19:51:50.417	8700		150.0
1357	19:51:50.432	8850		150.0
1358	19:51:50.448	9000		150.0
1359	19:51:50.462	9150		150.0
1360	19:51:50.477	9300		150.0
1361	19:51:50.492	9450		150.0
1362	19:51:50.508	9600		150.0
1363	19:51:50.523	9750		150.0
1364	19:51:50.538	9900		150.0
1365	19:51:50.552	10050		150.0
1366	19:51:50.568	10200		150.0
1367	19:51:50.596	10350		150.0
1368	19:51:50.612	10500		150.0
1369	19:51:50.628	10650		150.0
1370	19:51:50.642	10800		150.0
1371	19:51:50.658	10950		150.0
1372	19:51:50.673	11100		150.0
1373	19:51:50.688	11250		150.0
1374	19:51:50.703	11400		150.0
1375	19:51:50.731	11550		150.0
1376	19:51:50.748	11700		150.0
1377	19:51:50.762	11850		150.0
1378	19:51:50.777	12000		150.0
1379	19:51:50.792	12150		150.0
1380	19:51:50.808	12300		150.0
1381	19:51:50.836	12450		150.0
1382	19:51:50.853	12600		150.0
1383	19:51:50.868	12750		150.0
1384	19:51:50.883	12900		150.0
1385	19:51:50.897	13050		150.0
1386	19:51:50.926	13200		150.0
1387	19:51:50.943	13350		150.0
1388	19:51:50.971	13500		150.0
1389	19:51:50.988	13650		150.0
1390	19:51:51.003	13800		150.0
1391	19:51:51.017	13950		150.0
1392	19:51:51.032	14100		150.0
1393	19:51:51.048	14250		150.0
1394	19:51:51.062	14400		150.0
1395	19:51:51.077	14550		150.0
1396	19:51:51.093	14700		150.0
1397	19:51:51.107	14850		150.0
1398	19:51:51.123	15000		150.0
1399	19:51:51.138	15150		150.0
1400	19:51:51.152	15300		150.0
1401	19:51:51.168	15450		150.0
1402	19:51:51.196	15600		150.0
1403	19:51:51.212	15750		150.0
1404	19:51:51.228	15900		150.0
1405	19:51:51.242	16050		150.0
1406	19:51:51.258	16200		150.0
1407	19:51:51.272	16350		150.0
1408	19:51:51.288	16500		150.0
1409	19:51:51.302	16650		150.0
1410	19:51:51.318	16800		150.0
1411	19:51:51.332	16950		150.0
1412	19:51:51.361	17100		150.0
1413	19:51:51.391	17250		150.0
1414	19:51:51.408	17400		150.0
1415	19:51:51.422	17550		150.0
1416	19:51:51.438	17700		150.0
1417	19:51:51.452	17850		150.0
1418	19:51:51.482	18000		150.0
1419	19:51:51.497	18150		150.0
1420	19:51:51.513	18300		150.0
1421	19:51:51.513	18450		150.0
1422	19:51:51.527	18600		150.0
1423	19:51:51.542	18750		150.0
1424	19:51:51.558	18900		150.0
1425	19:51:51.572	19050		150.0
1426	19:51:51.601	19200		150.0
1427	19:51:51.618	19350		150.0
1428	19:51:51.632	19500		150.0
1429	19:51:51.647	19650		150.0
1430	19:51:51.662	19800		150.0
1431	19:51:51.678	19950		150.0
1432	19:51:51.678	0		50.0
