scan_time分析报告 - KB04122-主板固定60Hz发送1.txt
==================================================

基本统计信息:
  总数据包数: 1447
  有效scan_time数: 1447
  最大scan_time值: 19950
  最小scan_time值: 0
  scan_time范围: 19950

递增规律分析:
  理论递增值: 150
  实际平均递增值: 150.00
  递增值标准差: 0.00
  最小递增值: 150
  最大递增值: 150

重置分析:
  检测到重置次数: 11
  重置点位置: [106, 240, 374, 508, 642, 776, 910, 1044, 1178, 1312]...
  平均重置间隔: 120.6 包/次

一致性评估:
  一致性评分: 1.000 (1.0为完美一致)
  评估结果: 优秀 - scan_time递增非常稳定

详细数据:
序号	时间戳		scan_time	递增值
--------------------------------------------------
1	19:47:33.304	4200		N/A
2	19:47:33.319	4350		150.0
3	19:47:33.334	4500		150.0
4	19:47:33.349	4650		150.0
5	19:47:33.364	4800		150.0
6	19:47:33.379	4950		150.0
7	19:47:33.394	5100		150.0
8	19:47:33.411	5250		150.0
9	19:47:33.424	5400		150.0
10	19:47:33.454	5550		150.0
11	19:47:33.471	5700		150.0
12	19:47:33.486	5850		150.0
13	19:47:33.501	6000		150.0
14	19:47:33.516	6150		150.0
15	19:47:33.531	6300		150.0
16	19:47:33.546	6450		150.0
17	19:47:33.561	6600		150.0
18	19:47:33.576	6750		150.0
19	19:47:33.589	6900		150.0
20	19:47:33.604	7050		150.0
21	19:47:33.619	7200		150.0
22	19:47:33.634	7350		150.0
23	19:47:33.649	7500		150.0
24	19:47:33.664	7650		150.0
25	19:47:33.679	7800		150.0
26	19:47:33.694	7950		150.0
27	19:47:33.709	8100		150.0
28	19:47:33.724	8250		150.0
29	19:47:33.739	8400		150.0
30	19:47:33.768	8550		150.0
31	19:47:33.798	8700		150.0
32	19:47:33.814	8850		150.0
33	19:47:33.829	9000		150.0
34	19:47:33.844	9150		150.0
35	19:47:33.859	9300		150.0
36	19:47:33.874	9450		150.0
37	19:47:33.889	9600		150.0
38	19:47:33.904	9750		150.0
39	19:47:33.919	9900		150.0
40	19:47:33.934	10050		150.0
41	19:47:33.963	10200		150.0
42	19:47:33.979	10350		150.0
43	19:47:33.994	10500		150.0
44	19:47:34.009	10650		150.0
45	19:47:34.024	10800		150.0
46	19:47:34.039	10950		150.0
47	19:47:34.054	11100		150.0
48	19:47:34.070	11250		150.0
49	19:47:34.084	11400		150.0
50	19:47:34.099	11550		150.0
51	19:47:34.114	11700		150.0
52	19:47:34.129	11850		150.0
53	19:47:34.158	12000		150.0
54	19:47:34.174	12150		150.0
55	19:47:34.189	12300		150.0
56	19:47:34.204	12450		150.0
57	19:47:34.221	12600		150.0
58	19:47:34.236	12750		150.0
59	19:47:34.266	12900		150.0
60	19:47:34.281	13050		150.0
61	19:47:34.309	13200		150.0
62	19:47:34.324	13350		150.0
63	19:47:34.339	13500		150.0
64	19:47:34.354	13650		150.0
65	19:47:34.370	13800		150.0
66	19:47:34.384	13950		150.0
67	19:47:34.413	14100		150.0
68	19:47:34.429	14250		150.0
69	19:47:34.444	14400		150.0
70	19:47:34.459	14550		150.0
71	19:47:34.474	14700		150.0
72	19:47:34.489	14850		150.0
73	19:47:34.504	15000		150.0
74	19:47:34.521	15150		150.0
75	19:47:34.536	15300		150.0
76	19:47:34.551	15450		150.0
77	19:47:34.566	15600		150.0
78	19:47:34.596	15750		150.0
79	19:47:34.611	15900		150.0
80	19:47:34.626	16050		150.0
81	19:47:34.641	16200		150.0
82	19:47:34.656	16350		150.0
83	19:47:34.671	16500		150.0
84	19:47:34.686	16650		150.0
85	19:47:34.701	16800		150.0
86	19:47:34.716	16950		150.0
87	19:47:34.731	17100		150.0
88	19:47:34.745	17250		150.0
89	19:47:34.773	17400		150.0
90	19:47:34.818	17550		150.0
91	19:47:34.834	17700		150.0
92	19:47:34.849	17850		150.0
93	19:47:34.849	18000		150.0
94	19:47:34.849	18150		150.0
95	19:47:34.864	18300		150.0
96	19:47:34.879	18450		150.0
97	19:47:34.894	18600		150.0
98	19:47:34.909	18750		150.0
99	19:47:34.924	18900		150.0
100	19:47:34.939	19050		150.0
101	19:47:34.954	19200		150.0
102	19:47:34.970	19350		150.0
103	19:47:34.998	19500		150.0
104	19:47:35.014	19650		150.0
105	19:47:35.029	19800		150.0
106	19:47:35.044	19950		150.0
107	19:47:35.059	0		150.0
108	19:47:35.074	150		150.0
109	19:47:35.089	300		150.0
110	19:47:35.104	450		150.0
111	19:47:35.133	600		150.0
112	19:47:35.149	750		150.0
113	19:47:35.164	900		150.0
114	19:47:35.179	1050		150.0
115	19:47:35.210	1200		150.0
116	19:47:35.224	1350		150.0
117	19:47:35.239	1500		150.0
118	19:47:35.254	1650		150.0
119	19:47:35.269	1800		150.0
120	19:47:35.285	1950		150.0
121	19:47:35.299	2100		150.0
122	19:47:35.314	2250		150.0
123	19:47:35.329	2400		150.0
124	19:47:35.344	2550		150.0
125	19:47:35.359	2700		150.0
126	19:47:35.388	2850		150.0
127	19:47:35.404	3000		150.0
128	19:47:35.419	3150		150.0
129	19:47:35.434	3300		150.0
130	19:47:35.449	3450		150.0
131	19:47:35.464	3600		150.0
132	19:47:35.479	3750		150.0
133	19:47:35.494	3900		150.0
134	19:47:35.523	4050		150.0
135	19:47:35.539	4200		150.0
136	19:47:35.554	4350		150.0
137	19:47:35.569	4500		150.0
138	19:47:35.584	4650		150.0
139	19:47:35.599	4800		150.0
140	19:47:35.643	4950		150.0
141	19:47:35.659	5100		150.0
142	19:47:35.674	5250		150.0
143	19:47:35.689	5400		150.0
144	19:47:35.689	5550		150.0
145	19:47:35.704	5700		150.0
146	19:47:35.719	5850		150.0
147	19:47:35.734	6000		150.0
148	19:47:35.749	6150		150.0
149	19:47:35.764	6300		150.0
150	19:47:35.779	6450		150.0
151	19:47:35.794	6600		150.0
152	19:47:35.809	6750		150.0
153	19:47:35.824	6900		150.0
154	19:47:35.853	7050		150.0
155	19:47:35.869	7200		150.0
156	19:47:35.884	7350		150.0
157	19:47:35.899	7500		150.0
158	19:47:35.928	7650		150.0
159	19:47:35.944	7800		150.0
160	19:47:35.959	7950		150.0
161	19:47:35.974	8100		150.0
162	19:47:35.989	8250		150.0
163	19:47:36.004	8400		150.0
164	19:47:36.019	8550		150.0
165	19:47:36.063	8700		150.0
166	19:47:36.081	8850		150.0
167	19:47:36.094	9000		150.0
168	19:47:36.109	9150		150.0
169	19:47:36.124	9300		150.0
170	19:47:36.139	9450		150.0
171	19:47:36.154	9600		150.0
172	19:47:36.169	9750		150.0
173	19:47:36.184	9900		150.0
174	19:47:36.199	10050		150.0
175	19:47:36.228	10200		150.0
176	19:47:36.258	10350		150.0
177	19:47:36.274	10500		150.0
178	19:47:36.290	10650		150.0
179	19:47:36.290	10800		150.0
180	19:47:36.290	10950		150.0
181	19:47:36.304	11100		150.0
182	19:47:36.333	11250		150.0
183	19:47:36.349	11400		150.0
184	19:47:36.364	11550		150.0
185	19:47:36.379	11700		150.0
186	19:47:36.394	11850		150.0
187	19:47:36.409	12000		150.0
188	19:47:36.424	12150		150.0
189	19:47:36.439	12300		150.0
190	19:47:36.468	12450		150.0
191	19:47:36.485	12600		150.0
192	19:47:36.499	12750		150.0
193	19:47:36.514	12900		150.0
194	19:47:36.529	13050		150.0
195	19:47:36.544	13200		150.0
196	19:47:36.559	13350		150.0
197	19:47:36.574	13500		150.0
198	19:47:36.589	13650		150.0
199	19:47:36.604	13800		150.0
200	19:47:36.648	13950		150.0
201	19:47:36.664	14100		150.0
202	19:47:36.679	14250		150.0
203	19:47:36.694	14400		150.0
204	19:47:36.709	14550		150.0
205	19:47:36.724	14700		150.0
206	19:47:36.739	14850		150.0
207	19:47:36.754	15000		150.0
208	19:47:36.769	15150		150.0
209	19:47:36.784	15300		150.0
210	19:47:36.799	15450		150.0
211	19:47:36.814	15600		150.0
212	19:47:36.829	15750		150.0
213	19:47:36.844	15900		150.0
214	19:47:36.873	16050		150.0
215	19:47:36.889	16200		150.0
216	19:47:36.904	16350		150.0
217	19:47:36.919	16500		150.0
218	19:47:36.936	16650		150.0
219	19:47:36.951	16800		150.0
220	19:47:36.964	16950		150.0
221	19:47:36.979	17100		150.0
222	19:47:37.008	17250		150.0
223	19:47:37.038	17400		150.0
224	19:47:37.054	17550		150.0
225	19:47:37.069	17700		150.0
226	19:47:37.084	17850		150.0
227	19:47:37.099	18000		150.0
228	19:47:37.114	18150		150.0
229	19:47:37.129	18300		150.0
230	19:47:37.144	18450		150.0
231	19:47:37.159	18600		150.0
232	19:47:37.174	18750		150.0
233	19:47:37.189	18900		150.0
234	19:47:37.204	19050		150.0
235	19:47:37.219	19200		150.0
236	19:47:37.234	19350		150.0
237	19:47:37.249	19500		150.0
238	19:47:37.264	19650		150.0
239	19:47:37.279	19800		150.0
240	19:47:37.294	19950		150.0
241	19:47:37.323	0		150.0
242	19:47:37.339	150		150.0
243	19:47:37.356	300		150.0
244	19:47:37.384	450		150.0
245	19:47:37.401	600		150.0
246	19:47:37.416	750		150.0
247	19:47:37.446	900		150.0
248	19:47:37.461	1050		150.0
249	19:47:37.476	1200		150.0
250	19:47:37.491	1350		150.0
251	19:47:37.506	1500		150.0
252	19:47:37.521	1650		150.0
253	19:47:37.549	1800		150.0
254	19:47:37.566	1950		150.0
255	19:47:37.581	2100		150.0
256	19:47:37.581	2250		150.0
257	19:47:37.581	2400		150.0
258	19:47:37.596	2550		150.0
259	19:47:37.611	2700		150.0
260	19:47:37.641	2850		150.0
261	19:47:37.656	3000		150.0
262	19:47:37.672	3150		150.0
263	19:47:37.686	3300		150.0
264	19:47:37.701	3450		150.0
265	19:47:37.716	3600		150.0
266	19:47:37.730	3750		150.0
267	19:47:37.746	3900		150.0
268	19:47:37.759	4050		150.0
269	19:47:37.803	4200		150.0
270	19:47:37.819	4350		150.0
271	19:47:37.834	4500		150.0
272	19:47:37.849	4650		150.0
273	19:47:37.878	4800		150.0
274	19:47:37.894	4950		150.0
275	19:47:37.909	5100		150.0
276	19:47:37.924	5250		150.0
277	19:47:37.939	5400		150.0
278	19:47:37.954	5550		150.0
279	19:47:37.969	5700		150.0
280	19:47:37.999	5850		150.0
281	19:47:38.014	6000		150.0
282	19:47:38.029	6150		150.0
283	19:47:38.044	6300		150.0
284	19:47:38.073	6450		150.0
285	19:47:38.089	6600		150.0
286	19:47:38.104	6750		150.0
287	19:47:38.105	6900		150.0
288	19:47:38.105	7050		150.0
289	19:47:38.119	7200		150.0
290	19:47:38.134	7350		150.0
291	19:47:38.149	7500		150.0
292	19:47:38.178	7650		150.0
293	19:47:38.194	7800		150.0
294	19:47:38.209	7950		150.0
295	19:47:38.224	8100		150.0
296	19:47:38.239	8250		150.0
297	19:47:38.254	8400		150.0
298	19:47:38.269	8550		150.0
299	19:47:38.284	8700		150.0
300	19:47:38.313	8850		150.0
301	19:47:38.329	9000		150.0
302	19:47:38.344	9150		150.0
303	19:47:38.359	9300		150.0
304	19:47:38.388	9450		150.0
305	19:47:38.404	9600		150.0
306	19:47:38.419	9750		150.0
307	19:47:38.434	9900		150.0
308	19:47:38.449	10050		150.0
309	19:47:38.464	10200		150.0
310	19:47:38.479	10350		150.0
311	19:47:38.494	10500		150.0
312	19:47:38.509	10650		150.0
313	19:47:38.524	10800		150.0
314	19:47:38.539	10950		150.0
315	19:47:38.554	11100		150.0
316	19:47:38.569	11250		150.0
317	19:47:38.586	11400		150.0
318	19:47:38.616	11550		150.0
319	19:47:38.631	11700		150.0
320	19:47:38.646	11850		150.0
321	19:47:38.659	12000		150.0
322	19:47:38.674	12150		150.0
323	19:47:38.689	12300		150.0
324	19:47:38.704	12450		150.0
325	19:47:38.719	12600		150.0
326	19:47:38.734	12750		150.0
327	19:47:38.749	12900		150.0
328	19:47:38.764	13050		150.0
329	19:47:38.793	13200		150.0
330	19:47:38.809	13350		150.0
331	19:47:38.824	13500		150.0
332	19:47:38.839	13650		150.0
333	19:47:38.854	13800		150.0
334	19:47:38.869	13950		150.0
335	19:47:38.884	14100		150.0
336	19:47:38.899	14250		150.0
337	19:47:38.914	14400		150.0
338	19:47:38.943	14550		150.0
339	19:47:38.959	14700		150.0
340	19:47:38.974	14850		150.0
341	19:47:38.989	15000		150.0
342	19:47:39.018	15150		150.0
343	19:47:39.034	15300		150.0
344	19:47:39.049	15450		150.0
345	19:47:39.064	15600		150.0
346	19:47:39.079	15750		150.0
347	19:47:39.094	15900		150.0
348	19:47:39.123	16050		150.0
349	19:47:39.139	16200		150.0
350	19:47:39.154	16350		150.0
351	19:47:39.170	16500		150.0
352	19:47:39.184	16650		150.0
353	19:47:39.199	16800		150.0
354	19:47:39.214	16950		150.0
355	19:47:39.229	17100		150.0
356	19:47:39.244	17250		150.0
357	19:47:39.261	17400		150.0
358	19:47:39.276	17550		150.0
359	19:47:39.291	17700		150.0
360	19:47:39.306	17850		150.0
361	19:47:39.321	18000		150.0
362	19:47:39.336	18150		150.0
363	19:47:39.364	18300		150.0
364	19:47:39.381	18450		150.0
365	19:47:39.396	18600		150.0
366	19:47:39.411	18750		150.0
367	19:47:39.426	18900		150.0
368	19:47:39.441	19050		150.0
369	19:47:39.456	19200		150.0
370	19:47:39.486	19350		150.0
371	19:47:39.501	19500		150.0
372	19:47:39.516	19650		150.0
373	19:47:39.544	19800		150.0
374	19:47:39.561	19950		150.0
375	19:47:39.574	0		150.0
376	19:47:39.591	150		150.0
377	19:47:39.606	300		150.0
378	19:47:39.621	450		150.0
379	19:47:39.636	600		150.0
380	19:47:39.649	750		150.0
381	19:47:39.664	900		150.0
382	19:47:39.679	1050		150.0
383	19:47:39.694	1200		150.0
384	19:47:39.709	1350		150.0
385	19:47:39.738	1500		150.0
386	19:47:39.754	1650		150.0
387	19:47:39.770	1800		150.0
388	19:47:39.785	1950		150.0
389	19:47:39.813	2100		150.0
390	19:47:39.829	2250		150.0
391	19:47:39.844	2400		150.0
392	19:47:39.859	2550		150.0
393	19:47:39.874	2700		150.0
394	19:47:39.889	2850		150.0
395	19:47:39.918	3000		150.0
396	19:47:39.934	3150		150.0
397	19:47:39.949	3300		150.0
398	19:47:39.964	3450		150.0
399	19:47:39.979	3600		150.0
400	19:47:39.994	3750		150.0
401	19:47:40.009	3900		150.0
402	19:47:40.024	4050		150.0
403	19:47:40.039	4200		150.0
404	19:47:40.054	4350		150.0
405	19:47:40.069	4500		150.0
406	19:47:40.085	4650		150.0
407	19:47:40.099	4800		150.0
408	19:47:40.143	4950		150.0
409	19:47:40.159	5100		150.0
410	19:47:40.174	5250		150.0
411	19:47:40.174	5400		150.0
412	19:47:40.189	5550		150.0
413	19:47:40.204	5700		150.0
414	19:47:40.219	5850		150.0
415	19:47:40.234	6000		150.0
416	19:47:40.249	6150		150.0
417	19:47:40.264	6300		150.0
418	19:47:40.279	6450		150.0
419	19:47:40.294	6600		150.0
420	19:47:40.311	6750		150.0
421	19:47:40.353	6900		150.0
422	19:47:40.369	7050		150.0
423	19:47:40.384	7200		150.0
424	19:47:40.399	7350		150.0
425	19:47:40.414	7500		150.0
426	19:47:40.429	7650		150.0
427	19:47:40.444	7800		150.0
428	19:47:40.459	7950		150.0
429	19:47:40.474	8100		150.0
430	19:47:40.489	8250		150.0
431	19:47:40.504	8400		150.0
432	19:47:40.519	8550		150.0
433	19:47:40.534	8700		150.0
434	19:47:40.549	8850		150.0
435	19:47:40.564	9000		150.0
436	19:47:40.579	9150		150.0
437	19:47:40.594	9300		150.0
438	19:47:40.609	9450		150.0
439	19:47:40.624	9600		150.0
440	19:47:40.653	9750		150.0
441	19:47:40.669	9900		150.0
442	19:47:40.684	10050		150.0
443	19:47:40.699	10200		150.0
444	19:47:40.714	10350		150.0
445	19:47:40.729	10500		150.0
446	19:47:40.744	10650		150.0
447	19:47:40.759	10800		150.0
448	19:47:40.774	10950		150.0
449	19:47:40.803	11100		150.0
450	19:47:40.819	11250		150.0
451	19:47:40.834	11400		150.0
452	19:47:40.849	11550		150.0
453	19:47:40.864	11700		150.0
454	19:47:40.879	11850		150.0
455	19:47:40.894	12000		150.0
456	19:47:40.909	12150		150.0
457	19:47:40.924	12300		150.0
458	19:47:40.939	12450		150.0
459	19:47:40.968	12600		150.0
460	19:47:40.984	12750		150.0
461	19:47:40.999	12900		150.0
462	19:47:41.014	13050		150.0
463	19:47:41.029	13200		150.0
464	19:47:41.058	13350		150.0
465	19:47:41.074	13500		150.0
466	19:47:41.089	13650		150.0
467	19:47:41.104	13800		150.0
468	19:47:41.119	13950		150.0
469	19:47:41.134	14100		150.0
470	19:47:41.163	14250		150.0
471	19:47:41.179	14400		150.0
472	19:47:41.194	14550		150.0
473	19:47:41.209	14700		150.0
474	19:47:41.224	14850		150.0
475	19:47:41.239	15000		150.0
476	19:47:41.254	15150		150.0
477	19:47:41.269	15300		150.0
478	19:47:41.284	15450		150.0
479	19:47:41.299	15600		150.0
480	19:47:41.314	15750		150.0
481	19:47:41.344	15900		150.0
482	19:47:41.373	16050		150.0
483	19:47:41.391	16200		150.0
484	19:47:41.406	16350		150.0
485	19:47:41.419	16500		150.0
486	19:47:41.436	16650		150.0
487	19:47:41.451	16800		150.0
488	19:47:41.479	16950		150.0
489	19:47:41.494	17100		150.0
490	19:47:41.509	17250		150.0
491	19:47:41.524	17400		150.0
492	19:47:41.553	17550		150.0
493	19:47:41.569	17700		150.0
494	19:47:41.585	17850		150.0
495	19:47:41.585	18000		150.0
496	19:47:41.585	18150		150.0
497	19:47:41.599	18300		150.0
498	19:47:41.614	18450		150.0
499	19:47:41.629	18600		150.0
500	19:47:41.673	18750		150.0
501	19:47:41.689	18900		150.0
502	19:47:41.704	19050		150.0
503	19:47:41.719	19200		150.0
504	19:47:41.734	19350		150.0
505	19:47:41.749	19500		150.0
506	19:47:41.764	19650		150.0
507	19:47:41.779	19800		150.0
508	19:47:41.794	19950		150.0
509	19:47:41.809	0		150.0
510	19:47:41.824	150		150.0
511	19:47:41.839	300		150.0
512	19:47:41.854	450		150.0
513	19:47:41.869	600		150.0
514	19:47:41.884	750		150.0
515	19:47:41.899	900		150.0
516	19:47:41.914	1050		150.0
517	19:47:41.943	1200		150.0
518	19:47:41.959	1350		150.0
519	19:47:41.974	1500		150.0
520	19:47:41.989	1650		150.0
521	19:47:42.004	1800		150.0
522	19:47:42.019	1950		150.0
523	19:47:42.034	2100		150.0
524	19:47:42.049	2250		150.0
525	19:47:42.064	2400		150.0
526	19:47:42.079	2550		150.0
527	19:47:42.094	2700		150.0
528	19:47:42.123	2850		150.0
529	19:47:42.139	3000		150.0
530	19:47:42.154	3150		150.0
531	19:47:42.169	3300		150.0
532	19:47:42.199	3450		150.0
533	19:47:42.214	3600		150.0
534	19:47:42.229	3750		150.0
535	19:47:42.244	3900		150.0
536	19:47:42.259	4050		150.0
537	19:47:42.274	4200		150.0
538	19:47:42.289	4350		150.0
539	19:47:42.304	4500		150.0
540	19:47:42.319	4650		150.0
541	19:47:42.363	4800		150.0
542	19:47:42.379	4950		150.0
543	19:47:42.394	5100		150.0
544	19:47:42.409	5250		150.0
545	19:47:42.424	5400		150.0
546	19:47:42.454	5550		150.0
547	19:47:42.471	5700		150.0
548	19:47:42.486	5850		150.0
549	19:47:42.486	6000		150.0
550	19:47:42.486	6150		150.0
551	19:47:42.516	6300		150.0
552	19:47:42.531	6450		150.0
553	19:47:42.544	6600		150.0
554	19:47:42.561	6750		150.0
555	19:47:42.576	6900		150.0
556	19:47:42.591	7050		150.0
557	19:47:42.606	7200		150.0
558	19:47:42.621	7350		150.0
559	19:47:42.636	7500		150.0
560	19:47:42.666	7650		150.0
561	19:47:42.681	7800		150.0
562	19:47:42.711	7950		150.0
563	19:47:42.711	8100		150.0
564	19:47:42.739	8250		150.0
565	19:47:42.754	8400		150.0
566	19:47:42.769	8550		150.0
567	19:47:42.784	8700		150.0
568	19:47:42.799	8850		150.0
569	19:47:42.814	9000		150.0
570	19:47:42.843	9150		150.0
571	19:47:42.859	9300		150.0
572	19:47:42.888	9450		150.0
573	19:47:42.904	9600		150.0
574	19:47:42.919	9750		150.0
575	19:47:42.934	9900		150.0
576	19:47:42.949	10050		150.0
577	19:47:42.964	10200		150.0
578	19:47:42.979	10350		150.0
579	19:47:42.994	10500		150.0
580	19:47:43.009	10650		150.0
581	19:47:43.024	10800		150.0
582	19:47:43.039	10950		150.0
583	19:47:43.054	11100		150.0
584	19:47:43.069	11250		150.0
585	19:47:43.084	11400		150.0
586	19:47:43.114	11550		150.0
587	19:47:43.129	11700		150.0
588	19:47:43.144	11850		150.0
589	19:47:43.159	12000		150.0
590	19:47:43.174	12150		150.0
591	19:47:43.189	12300		150.0
592	19:47:43.204	12450		150.0
593	19:47:43.219	12600		150.0
594	19:47:43.234	12750		150.0
595	19:47:43.249	12900		150.0
596	19:47:43.278	13050		150.0
597	19:47:43.294	13200		150.0
598	19:47:43.311	13350		150.0
599	19:47:43.326	13500		150.0
600	19:47:43.341	13650		150.0
601	19:47:43.356	13800		150.0
602	19:47:43.371	13950		150.0
603	19:47:43.401	14100		150.0
604	19:47:43.416	14250		150.0
605	19:47:43.431	14400		150.0
606	19:47:43.446	14550		150.0
607	19:47:43.459	14700		150.0
608	19:47:43.476	14850		150.0
609	19:47:43.491	15000		150.0
610	19:47:43.506	15150		150.0
611	19:47:43.549	15300		150.0
612	19:47:43.566	15450		150.0
613	19:47:43.581	15600		150.0
614	19:47:43.581	15750		150.0
615	19:47:43.596	15900		150.0
616	19:47:43.611	16050		150.0
617	19:47:43.626	16200		150.0
618	19:47:43.641	16350		150.0
619	19:47:43.656	16500		150.0
620	19:47:43.670	16650		150.0
621	19:47:43.686	16800		150.0
622	19:47:43.701	16950		150.0
623	19:47:43.731	17100		150.0
624	19:47:43.746	17250		150.0
625	19:47:43.759	17400		150.0
626	19:47:43.774	17550		150.0
627	19:47:43.789	17700		150.0
628	19:47:43.818	17850		150.0
629	19:47:43.834	18000		150.0
630	19:47:43.849	18150		150.0
631	19:47:43.864	18300		150.0
632	19:47:43.879	18450		150.0
633	19:47:43.894	18600		150.0
634	19:47:43.909	18750		150.0
635	19:47:43.924	18900		150.0
636	19:47:43.939	19050		150.0
637	19:47:43.954	19200		150.0
638	19:47:43.983	19350		150.0
639	19:47:44.013	19500		150.0
640	19:47:44.029	19650		150.0
641	19:47:44.044	19800		150.0
642	19:47:44.059	19950		150.0
643	19:47:44.074	0		150.0
644	19:47:44.103	150		150.0
645	19:47:44.119	300		150.0
646	19:47:44.134	450		150.0
647	19:47:44.149	600		150.0
648	19:47:44.164	750		150.0
649	19:47:44.179	900		150.0
650	19:47:44.194	1050		150.0
651	19:47:44.209	1200		150.0
652	19:47:44.224	1350		150.0
653	19:47:44.239	1500		150.0
654	19:47:44.254	1650		150.0
655	19:47:44.269	1800		150.0
656	19:47:44.284	1950		150.0
657	19:47:44.299	2100		150.0
658	19:47:44.314	2250		150.0
659	19:47:44.343	2400		150.0
660	19:47:44.359	2550		150.0
661	19:47:44.374	2700		150.0
662	19:47:44.389	2850		150.0
663	19:47:44.404	3000		150.0
664	19:47:44.419	3150		150.0
665	19:47:44.448	3300		150.0
666	19:47:44.464	3450		150.0
667	19:47:44.479	3600		150.0
668	19:47:44.494	3750		150.0
669	19:47:44.523	3900		150.0
670	19:47:44.539	4050		150.0
671	19:47:44.554	4200		150.0
672	19:47:44.569	4350		150.0
673	19:47:44.584	4500		150.0
674	19:47:44.599	4650		150.0
675	19:47:44.614	4800		150.0
676	19:47:44.629	4950		150.0
677	19:47:44.644	5100		150.0
678	19:47:44.659	5250		150.0
679	19:47:44.674	5400		150.0
680	19:47:44.689	5550		150.0
681	19:47:44.719	5700		150.0
682	19:47:44.736	5850		150.0
683	19:47:44.751	6000		150.0
684	19:47:44.764	6150		150.0
685	19:47:44.779	6300		150.0
686	19:47:44.794	6450		150.0
687	19:47:44.809	6600		150.0
688	19:47:44.824	6750		150.0
689	19:47:44.853	6900		150.0
690	19:47:44.869	7050		150.0
691	19:47:44.884	7200		150.0
692	19:47:44.899	7350		150.0
693	19:47:44.914	7500		150.0
694	19:47:44.929	7650		150.0
695	19:47:44.944	7800		150.0
696	19:47:44.959	7950		150.0
697	19:47:44.974	8100		150.0
698	19:47:44.989	8250		150.0
699	19:47:45.004	8400		150.0
700	19:47:45.019	8550		150.0
701	19:47:45.034	8700		150.0
702	19:47:45.063	8850		150.0
703	19:47:45.079	9000		150.0
704	19:47:45.094	9150		150.0
705	19:47:45.109	9300		150.0
706	19:47:45.138	9450		150.0
707	19:47:45.154	9600		150.0
708	19:47:45.169	9750		150.0
709	19:47:45.184	9900		150.0
710	19:47:45.199	10050		150.0
711	19:47:45.228	10200		150.0
712	19:47:45.244	10350		150.0
713	19:47:45.260	10500		150.0
714	19:47:45.260	10650		150.0
715	19:47:45.260	10800		150.0
716	19:47:45.288	10950		150.0
717	19:47:45.304	11100		150.0
718	19:47:45.319	11250		150.0
719	19:47:45.334	11400		150.0
720	19:47:45.349	11550		150.0
721	19:47:45.364	11700		150.0
722	19:47:45.379	11850		150.0
723	19:47:45.394	12000		150.0
724	19:47:45.409	12150		150.0
725	19:47:45.424	12300		150.0
726	19:47:45.468	12450		150.0
727	19:47:45.485	12600		150.0
728	19:47:45.501	12750		150.0
729	19:47:45.514	12900		150.0
730	19:47:45.531	13050		150.0
731	19:47:45.546	13200		150.0
732	19:47:45.561	13350		150.0
733	19:47:45.576	13500		150.0
734	19:47:45.591	13650		150.0
735	19:47:45.606	13800		150.0
736	19:47:45.620	13950		150.0
737	19:47:45.636	14100		150.0
738	19:47:45.651	14250		150.0
739	19:47:45.681	14400		150.0
740	19:47:45.696	14550		150.0
741	19:47:45.711	14700		150.0
742	19:47:45.724	14850		150.0
743	19:47:45.753	15000		150.0
744	19:47:45.769	15150		150.0
745	19:47:45.784	15300		150.0
746	19:47:45.799	15450		150.0
747	19:47:45.814	15600		150.0
748	19:47:45.858	15750		150.0
749	19:47:45.874	15900		150.0
750	19:47:45.890	16050		150.0
751	19:47:45.890	16200		150.0
752	19:47:45.890	16350		150.0
753	19:47:45.904	16500		150.0
754	19:47:45.919	16650		150.0
755	19:47:45.934	16800		150.0
756	19:47:45.949	16950		150.0
757	19:47:45.964	17100		150.0
758	19:47:45.993	17250		150.0
759	19:47:46.009	17400		150.0
760	19:47:46.024	17550		150.0
761	19:47:46.039	17700		150.0
762	19:47:46.054	17850		150.0
763	19:47:46.083	18000		150.0
764	19:47:46.099	18150		150.0
765	19:47:46.114	18300		150.0
766	19:47:46.129	18450		150.0
767	19:47:46.144	18600		150.0
768	19:47:46.159	18750		150.0
769	19:47:46.174	18900		150.0
770	19:47:46.189	19050		150.0
771	19:47:46.204	19200		150.0
772	19:47:46.219	19350		150.0
773	19:47:46.234	19500		150.0
774	19:47:46.263	19650		150.0
775	19:47:46.293	19800		150.0
776	19:47:46.309	19950		150.0
777	19:47:46.324	0		150.0
778	19:47:46.339	150		150.0
779	19:47:46.354	300		150.0
780	19:47:46.369	450		150.0
781	19:47:46.384	600		150.0
782	19:47:46.399	750		150.0
783	19:47:46.414	900		150.0
784	19:47:46.429	1050		150.0
785	19:47:46.458	1200		150.0
786	19:47:46.474	1350		150.0
787	19:47:46.489	1500		150.0
788	19:47:46.504	1650		150.0
789	19:47:46.519	1800		150.0
790	19:47:46.534	1950		150.0
791	19:47:46.549	2100		150.0
792	19:47:46.564	2250		150.0
793	19:47:46.579	2400		150.0
794	19:47:46.594	2550		150.0
795	19:47:46.609	2700		150.0
796	19:47:46.624	2850		150.0
797	19:47:46.639	3000		150.0
798	19:47:46.654	3150		150.0
799	19:47:46.671	3300		150.0
800	19:47:46.699	3450		150.0
801	19:47:46.716	3600		150.0
802	19:47:46.731	3750		150.0
803	19:47:46.744	3900		150.0
804	19:47:46.759	4050		150.0
805	19:47:46.774	4200		150.0
806	19:47:46.803	4350		150.0
807	19:47:46.819	4500		150.0
808	19:47:46.834	4650		150.0
809	19:47:46.849	4800		150.0
810	19:47:46.878	4950		150.0
811	19:47:46.894	5100		150.0
812	19:47:46.909	5250		150.0
813	19:47:46.924	5400		150.0
814	19:47:46.939	5550		150.0
815	19:47:46.983	5700		150.0
816	19:47:46.999	5850		150.0
817	19:47:47.014	6000		150.0
818	19:47:47.015	6150		150.0
819	19:47:47.015	6300		150.0
820	19:47:47.029	6450		150.0
821	19:47:47.044	6600		150.0
822	19:47:47.059	6750		150.0
823	19:47:47.074	6900		150.0
824	19:47:47.089	7050		150.0
825	19:47:47.104	7200		150.0
826	19:47:47.119	7350		150.0
827	19:47:47.148	7500		150.0
828	19:47:47.164	7650		150.0
829	19:47:47.179	7800		150.0
830	19:47:47.194	7950		150.0
831	19:47:47.209	8100		150.0
832	19:47:47.224	8250		150.0
833	19:47:47.239	8400		150.0
834	19:47:47.254	8550		150.0
835	19:47:47.269	8700		150.0
836	19:47:47.298	8850		150.0
837	19:47:47.314	9000		150.0
838	19:47:47.329	9150		150.0
839	19:47:47.344	9300		150.0
840	19:47:47.373	9450		150.0
841	19:47:47.391	9600		150.0
842	19:47:47.421	9750		150.0
843	19:47:47.436	9900		150.0
844	19:47:47.451	10050		150.0
845	19:47:47.466	10200		150.0
846	19:47:47.494	10350		150.0
847	19:47:47.509	10500		150.0
848	19:47:47.524	10650		150.0
849	19:47:47.524	10800		150.0
850	19:47:47.539	10950		150.0
851	19:47:47.554	11100		150.0
852	19:47:47.598	11250		150.0
853	19:47:47.614	11400		150.0
854	19:47:47.630	11550		150.0
855	19:47:47.630	11700		150.0
856	19:47:47.630	11850		150.0
857	19:47:47.644	12000		150.0
858	19:47:47.659	12150		150.0
859	19:47:47.703	12300		150.0
860	19:47:47.721	12450		150.0
861	19:47:47.736	12600		150.0
862	19:47:47.751	12750		150.0
863	19:47:47.765	12900		150.0
864	19:47:47.781	13050		150.0
865	19:47:47.796	13200		150.0
866	19:47:47.811	13350		150.0
867	19:47:47.826	13500		150.0
868	19:47:47.841	13650		150.0
869	19:47:47.856	13800		150.0
870	19:47:47.869	13950		150.0
871	19:47:47.886	14100		150.0
872	19:47:47.914	14250		150.0
873	19:47:47.930	14400		150.0
874	19:47:47.944	14550		150.0
875	19:47:47.961	14700		150.0
876	19:47:47.974	14850		150.0
877	19:47:47.991	15000		150.0
878	19:47:48.005	15150		150.0
879	19:47:48.033	15300		150.0
880	19:47:48.049	15450		150.0
881	19:47:48.064	15600		150.0
882	19:47:48.079	15750		150.0
883	19:47:48.094	15900		150.0
884	19:47:48.109	16050		150.0
885	19:47:48.124	16200		150.0
886	19:47:48.139	16350		150.0
887	19:47:48.154	16500		150.0
888	19:47:48.169	16650		150.0
889	19:47:48.184	16800		150.0
890	19:47:48.199	16950		150.0
891	19:47:48.228	17100		150.0
892	19:47:48.246	17250		150.0
893	19:47:48.261	17400		150.0
894	19:47:48.276	17550		150.0
895	19:47:48.291	17700		150.0
896	19:47:48.306	17850		150.0
897	19:47:48.321	18000		150.0
898	19:47:48.336	18150		150.0
899	19:47:48.351	18300		150.0
900	19:47:48.380	18450		150.0
901	19:47:48.396	18600		150.0
902	19:47:48.411	18750		150.0
903	19:47:48.440	18900		150.0
904	19:47:48.456	19050		150.0
905	19:47:48.470	19200		150.0
906	19:47:48.484	19350		150.0
907	19:47:48.501	19500		150.0
908	19:47:48.516	19650		150.0
909	19:47:48.544	19800		150.0
910	19:47:48.559	19950		150.0
911	19:47:48.574	0		150.0
912	19:47:48.589	150		150.0
913	19:47:48.618	300		150.0
914	19:47:48.634	450		150.0
915	19:47:48.649	600		150.0
916	19:47:48.649	750		150.0
917	19:47:48.649	900		150.0
918	19:47:48.664	1050		150.0
919	19:47:48.693	1200		150.0
920	19:47:48.709	1350		150.0
921	19:47:48.724	1500		150.0
922	19:47:48.741	1650		150.0
923	19:47:48.756	1800		150.0
924	19:47:48.771	1950		150.0
925	19:47:48.784	2100		150.0
926	19:47:48.799	2250		150.0
927	19:47:48.814	2400		150.0
928	19:47:48.843	2550		150.0
929	19:47:48.859	2700		150.0
930	19:47:48.874	2850		150.0
931	19:47:48.889	3000		150.0
932	19:47:48.904	3150		150.0
933	19:47:48.919	3300		150.0
934	19:47:48.934	3450		150.0
935	19:47:48.949	3600		150.0
936	19:47:48.964	3750		150.0
937	19:47:48.979	3900		150.0
938	19:47:49.009	4050		150.0
939	19:47:49.026	4200		150.0
940	19:47:49.056	4350		150.0
941	19:47:49.071	4500		150.0
942	19:47:49.086	4650		150.0
943	19:47:49.100	4800		150.0
944	19:47:49.116	4950		150.0
945	19:47:49.131	5100		150.0
946	19:47:49.161	5250		150.0
947	19:47:49.174	5400		150.0
948	19:47:49.189	5550		150.0
949	19:47:49.204	5700		150.0
950	19:47:49.233	5850		150.0
951	19:47:49.249	6000		150.0
952	19:47:49.264	6150		150.0
953	19:47:49.279	6300		150.0
954	19:47:49.294	6450		150.0
955	19:47:49.309	6600		150.0
956	19:47:49.338	6750		150.0
957	19:47:49.354	6900		150.0
958	19:47:49.370	7050		150.0
959	19:47:49.370	7200		150.0
960	19:47:49.370	7350		150.0
961	19:47:49.398	7500		150.0
962	19:47:49.429	7650		150.0
963	19:47:49.446	7800		150.0
964	19:47:49.461	7950		150.0
965	19:47:49.476	8100		150.0
966	19:47:49.491	8250		150.0
967	19:47:49.505	8400		150.0
968	19:47:49.520	8550		150.0
969	19:47:49.534	8700		150.0
970	19:47:49.549	8850		150.0
971	19:47:49.564	9000		150.0
972	19:47:49.579	9150		150.0
973	19:47:49.594	9300		150.0
974	19:47:49.609	9450		150.0
975	19:47:49.624	9600		150.0
976	19:47:49.639	9750		150.0
977	19:47:49.668	9900		150.0
978	19:47:49.685	10050		150.0
979	19:47:49.700	10200		150.0
980	19:47:49.714	10350		150.0
981	19:47:49.729	10500		150.0
982	19:47:49.744	10650		150.0
983	19:47:49.788	10800		150.0
984	19:47:49.804	10950		150.0
985	19:47:49.819	11100		150.0
986	19:47:49.834	11250		150.0
987	19:47:49.849	11400		150.0
988	19:47:49.864	11550		150.0
989	19:47:49.879	11700		150.0
990	19:47:49.894	11850		150.0
991	19:47:49.909	12000		150.0
992	19:47:49.953	12150		150.0
993	19:47:49.969	12300		150.0
994	19:47:49.986	12450		150.0
995	19:47:49.986	12600		150.0
996	19:47:49.986	12750		150.0
997	19:47:50.001	12900		150.0
998	19:47:50.016	13050		150.0
999	19:47:50.043	13200		150.0
1000	19:47:50.061	13350		150.0
1001	19:47:50.076	13500		150.0
1002	19:47:50.091	13650		150.0
1003	19:47:50.106	13800		150.0
1004	19:47:50.119	13950		150.0
1005	19:47:50.134	14100		150.0
1006	19:47:50.149	14250		150.0
1007	19:47:50.178	14400		150.0
1008	19:47:50.194	14550		150.0
1009	19:47:50.209	14700		150.0
1010	19:47:50.224	14850		150.0
1011	19:47:50.239	15000		150.0
1012	19:47:50.254	15150		150.0
1013	19:47:50.283	15300		150.0
1014	19:47:50.299	15450		150.0
1015	19:47:50.314	15600		150.0
1016	19:47:50.329	15750		150.0
1017	19:47:50.344	15900		150.0
1018	19:47:50.359	16050		150.0
1019	19:47:50.388	16200		150.0
1020	19:47:50.404	16350		150.0
1021	19:47:50.419	16500		150.0
1022	19:47:50.434	16650		150.0
1023	19:47:50.463	16800		150.0
1024	19:47:50.479	16950		150.0
1025	19:47:50.494	17100		150.0
1026	19:47:50.509	17250		150.0
1027	19:47:50.524	17400		150.0
1028	19:47:50.539	17550		150.0
1029	19:47:50.554	17700		150.0
1030	19:47:50.569	17850		150.0
1031	19:47:50.584	18000		150.0
1032	19:47:50.599	18150		150.0
1033	19:47:50.614	18300		150.0
1034	19:47:50.629	18450		150.0
1035	19:47:50.658	18600		150.0
1036	19:47:50.674	18750		150.0
1037	19:47:50.689	18900		150.0
1038	19:47:50.704	19050		150.0
1039	19:47:50.719	19200		150.0
1040	19:47:50.734	19350		150.0
1041	19:47:50.749	19500		150.0
1042	19:47:50.764	19650		150.0
1043	19:47:50.793	19800		150.0
1044	19:47:50.809	19950		150.0
1045	19:47:50.824	0		150.0
1046	19:47:50.839	150		150.0
1047	19:47:50.854	300		150.0
1048	19:47:50.869	450		150.0
1049	19:47:50.884	600		150.0
1050	19:47:50.899	750		150.0
1051	19:47:50.914	900		150.0
1052	19:47:50.929	1050		150.0
1053	19:47:50.944	1200		150.0
1054	19:47:50.959	1350		150.0
1055	19:47:50.974	1500		150.0
1056	19:47:50.989	1650		150.0
1057	19:47:51.004	1800		150.0
1058	19:47:51.019	1950		150.0
1059	19:47:51.034	2100		150.0
1060	19:47:51.049	2250		150.0
1061	19:47:51.078	2400		150.0
1062	19:47:51.094	2550		150.0
1063	19:47:51.109	2700		150.0
1064	19:47:51.124	2850		150.0
1065	19:47:51.139	3000		150.0
1066	19:47:51.168	3150		150.0
1067	19:47:51.184	3300		150.0
1068	19:47:51.199	3450		150.0
1069	19:47:51.214	3600		150.0
1070	19:47:51.229	3750		150.0
1071	19:47:51.244	3900		150.0
1072	19:47:51.259	4050		150.0
1073	19:47:51.274	4200		150.0
1074	19:47:51.289	4350		150.0
1075	19:47:51.318	4500		150.0
1076	19:47:51.334	4650		150.0
1077	19:47:51.349	4800		150.0
1078	19:47:51.364	4950		150.0
1079	19:47:51.379	5100		150.0
1080	19:47:51.394	5250		150.0
1081	19:47:51.409	5400		150.0
1082	19:47:51.424	5550		150.0
1083	19:47:51.439	5700		150.0
1084	19:47:51.454	5850		150.0
1085	19:47:51.483	6000		150.0
1086	19:47:51.499	6150		150.0
1087	19:47:51.514	6300		150.0
1088	19:47:51.529	6450		150.0
1089	19:47:51.544	6600		150.0
1090	19:47:51.559	6750		150.0
1091	19:47:51.588	6900		150.0
1092	19:47:51.618	7050		150.0
1093	19:47:51.634	7200		150.0
1094	19:47:51.649	7350		150.0
1095	19:47:51.664	7500		150.0
1096	19:47:51.679	7650		150.0
1097	19:47:51.694	7800		150.0
1098	19:47:51.709	7950		150.0
1099	19:47:51.724	8100		150.0
1100	19:47:51.739	8250		150.0
1101	19:47:51.754	8400		150.0
1102	19:47:51.784	8550		150.0
1103	19:47:51.799	8700		150.0
1104	19:47:51.814	8850		150.0
1105	19:47:51.829	9000		150.0
1106	19:47:51.844	9150		150.0
1107	19:47:51.860	9300		150.0
1108	19:47:51.876	9450		150.0
1109	19:47:51.891	9600		150.0
1110	19:47:51.906	9750		150.0
1111	19:47:51.921	9900		150.0
1112	19:47:51.936	10050		150.0
1113	19:47:51.951	10200		150.0
1114	19:47:51.964	10350		150.0
1115	19:47:51.979	10500		150.0
1116	19:47:51.994	10650		150.0
1117	19:47:52.038	10800		150.0
1118	19:47:52.054	10950		150.0
1119	19:47:52.069	11100		150.0
1120	19:47:52.084	11250		150.0
1121	19:47:52.099	11400		150.0
1122	19:47:52.128	11550		150.0
1123	19:47:52.144	11700		150.0
1124	19:47:52.159	11850		150.0
1125	19:47:52.159	12000		150.0
1126	19:47:52.174	12150		150.0
1127	19:47:52.203	12300		150.0
1128	19:47:52.219	12450		150.0
1129	19:47:52.234	12600		150.0
1130	19:47:52.249	12750		150.0
1131	19:47:52.264	12900		150.0
1132	19:47:52.279	13050		150.0
1133	19:47:52.294	13200		150.0
1134	19:47:52.309	13350		150.0
1135	19:47:52.324	13500		150.0
1136	19:47:52.339	13650		150.0
1137	19:47:52.356	13800		150.0
1138	19:47:52.371	13950		150.0
1139	19:47:52.386	14100		150.0
1140	19:47:52.416	14250		150.0
1141	19:47:52.431	14400		150.0
1142	19:47:52.446	14550		150.0
1143	19:47:52.461	14700		150.0
1144	19:47:52.475	14850		150.0
1145	19:47:52.491	15000		150.0
1146	19:47:52.506	15150		150.0
1147	19:47:52.521	15300		150.0
1148	19:47:52.536	15450		150.0
1149	19:47:52.566	15600		150.0
1150	19:47:52.579	15750		150.0
1151	19:47:52.596	15900		150.0
1152	19:47:52.611	16050		150.0
1153	19:47:52.641	16200		150.0
1154	19:47:52.654	16350		150.0
1155	19:47:52.669	16500		150.0
1156	19:47:52.684	16650		150.0
1157	19:47:52.699	16800		150.0
1158	19:47:52.714	16950		150.0
1159	19:47:52.743	17100		150.0
1160	19:47:52.759	17250		150.0
1161	19:47:52.774	17400		150.0
1162	19:47:52.789	17550		150.0
1163	19:47:52.818	17700		150.0
1164	19:47:52.834	17850		150.0
1165	19:47:52.849	18000		150.0
1166	19:47:52.849	18150		150.0
1167	19:47:52.849	18300		150.0
1168	19:47:52.878	18450		150.0
1169	19:47:52.908	18600		150.0
1170	19:47:52.924	18750		150.0
1171	19:47:52.939	18900		150.0
1172	19:47:52.954	19050		150.0
1173	19:47:52.969	19200		150.0
1174	19:47:52.984	19350		150.0
1175	19:47:52.999	19500		150.0
1176	19:47:53.014	19650		150.0
1177	19:47:53.029	19800		150.0
1178	19:47:53.044	19950		150.0
1179	19:47:53.059	0		150.0
1180	19:47:53.074	150		150.0
1181	19:47:53.089	300		150.0
1182	19:47:53.104	450		150.0
1183	19:47:53.119	600		150.0
1184	19:47:53.134	750		150.0
1185	19:47:53.149	900		150.0
1186	19:47:53.178	1050		150.0
1187	19:47:53.194	1200		150.0
1188	19:47:53.209	1350		150.0
1189	19:47:53.224	1500		150.0
1190	19:47:53.239	1650		150.0
1191	19:47:53.268	1800		150.0
1192	19:47:53.284	1950		150.0
1193	19:47:53.300	2100		150.0
1194	19:47:53.314	2250		150.0
1195	19:47:53.329	2400		150.0
1196	19:47:53.358	2550		150.0
1197	19:47:53.374	2700		150.0
1198	19:47:53.389	2850		150.0
1199	19:47:53.404	3000		150.0
1200	19:47:53.433	3150		150.0
1201	19:47:53.449	3300		150.0
1202	19:47:53.464	3450		150.0
1203	19:47:53.464	3600		150.0
1204	19:47:53.479	3750		150.0
1205	19:47:53.494	3900		150.0
1206	19:47:53.523	4050		150.0
1207	19:47:53.539	4200		150.0
1208	19:47:53.554	4350		150.0
1209	19:47:53.569	4500		150.0
1210	19:47:53.584	4650		150.0
1211	19:47:53.599	4800		150.0
1212	19:47:53.614	4950		150.0
1213	19:47:53.629	5100		150.0
1214	19:47:53.644	5250		150.0
1215	19:47:53.659	5400		150.0
1216	19:47:53.674	5550		150.0
1217	19:47:53.689	5700		150.0
1218	19:47:53.718	5850		150.0
1219	19:47:53.734	6000		150.0
1220	19:47:53.763	6150		150.0
1221	19:47:53.779	6300		150.0
1222	19:47:53.794	6450		150.0
1223	19:47:53.809	6600		150.0
1224	19:47:53.824	6750		150.0
1225	19:47:53.839	6900		150.0
1226	19:47:53.869	7050		150.0
1227	19:47:53.884	7200		150.0
1228	19:47:53.899	7350		150.0
1229	19:47:53.914	7500		150.0
1230	19:47:53.929	7650		150.0
1231	19:47:53.944	7800		150.0
1232	19:47:53.973	7950		150.0
1233	19:47:53.989	8100		150.0
1234	19:47:53.990	8250		150.0
1235	19:47:53.990	8400		150.0
1236	19:47:54.004	8550		150.0
1237	19:47:54.033	8700		150.0
1238	19:47:54.049	8850		150.0
1239	19:47:54.064	9000		150.0
1240	19:47:54.079	9150		150.0
1241	19:47:54.094	9300		150.0
1242	19:47:54.109	9450		150.0
1243	19:47:54.124	9600		150.0
1244	19:47:54.139	9750		150.0
1245	19:47:54.154	9900		150.0
1246	19:47:54.183	10050		150.0
1247	19:47:54.199	10200		150.0
1248	19:47:54.214	10350		150.0
1249	19:47:54.229	10500		150.0
1250	19:47:54.244	10650		150.0
1251	19:47:54.259	10800		150.0
1252	19:47:54.274	10950		150.0
1253	19:47:54.289	11100		150.0
1254	19:47:54.304	11250		150.0
1255	19:47:54.333	11400		150.0
1256	19:47:54.349	11550		150.0
1257	19:47:54.378	11700		150.0
1258	19:47:54.394	11850		150.0
1259	19:47:54.409	12000		150.0
1260	19:47:54.424	12150		150.0
1261	19:47:54.439	12300		150.0
1262	19:47:54.454	12450		150.0
1263	19:47:54.483	12600		150.0
1264	19:47:54.499	12750		150.0
1265	19:47:54.514	12900		150.0
1266	19:47:54.529	13050		150.0
1267	19:47:54.558	13200		150.0
1268	19:47:54.574	13350		150.0
1269	19:47:54.589	13500		150.0
1270	19:47:54.589	13650		150.0
1271	19:47:54.589	13800		150.0
1272	19:47:54.604	13950		150.0
1273	19:47:54.619	14100		150.0
1274	19:47:54.648	14250		150.0
1275	19:47:54.664	14400		150.0
1276	19:47:54.679	14550		150.0
1277	19:47:54.694	14700		150.0
1278	19:47:54.709	14850		150.0
1279	19:47:54.724	15000		150.0
1280	19:47:54.739	15150		150.0
1281	19:47:54.754	15300		150.0
1282	19:47:54.769	15450		150.0
1283	19:47:54.799	15600		150.0
1284	19:47:54.814	15750		150.0
1285	19:47:54.829	15900		150.0
1286	19:47:54.844	16050		150.0
1287	19:47:54.859	16200		150.0
1288	19:47:54.874	16350		150.0
1289	19:47:54.889	16500		150.0
1290	19:47:54.904	16650		150.0
1291	19:47:54.919	16800		150.0
1292	19:47:54.934	16950		150.0
1293	19:47:54.963	17100		150.0
1294	19:47:54.993	17250		150.0
1295	19:47:55.009	17400		150.0
1296	19:47:55.024	17550		150.0
1297	19:47:55.039	17700		150.0
1298	19:47:55.054	17850		150.0
1299	19:47:55.069	18000		150.0
1300	19:47:55.098	18150		150.0
1301	19:47:55.114	18300		150.0
1302	19:47:55.129	18450		150.0
1303	19:47:55.144	18600		150.0
1304	19:47:55.159	18750		150.0
1305	19:47:55.174	18900		150.0
1306	19:47:55.189	19050		150.0
1307	19:47:55.204	19200		150.0
1308	19:47:55.219	19350		150.0
1309	19:47:55.234	19500		150.0
1310	19:47:55.278	19650		150.0
1311	19:47:55.294	19800		150.0
1312	19:47:55.309	19950		150.0
1313	19:47:55.310	0		150.0
1314	19:47:55.310	150		150.0
1315	19:47:55.338	300		150.0
1316	19:47:55.368	450		150.0
1317	19:47:55.384	600		150.0
1318	19:47:55.399	750		150.0
1319	19:47:55.428	900		150.0
1320	19:47:55.444	1050		150.0
1321	19:47:55.459	1200		150.0
1322	19:47:55.460	1350		150.0
1323	19:47:55.460	1500		150.0
1324	19:47:55.474	1650		150.0
1325	19:47:55.533	1800		150.0
1326	19:47:55.549	1950		150.0
1327	19:47:55.564	2100		150.0
1328	19:47:55.564	2250		150.0
1329	19:47:55.564	2400		150.0
1330	19:47:55.579	2550		150.0
1331	19:47:55.594	2700		150.0
1332	19:47:55.609	2850		150.0
1333	19:47:55.624	3000		150.0
1334	19:47:55.653	3150		150.0
1335	19:47:55.669	3300		150.0
1336	19:47:55.684	3450		150.0
1337	19:47:55.713	3600		150.0
1338	19:47:55.729	3750		150.0
1339	19:47:55.744	3900		150.0
1340	19:47:55.759	4050		150.0
1341	19:47:55.774	4200		150.0
1342	19:47:55.789	4350		150.0
1343	19:47:55.804	4500		150.0
1344	19:47:55.819	4650		150.0
1345	19:47:55.834	4800		150.0
1346	19:47:55.849	4950		150.0
1347	19:47:55.893	5100		150.0
1348	19:47:55.909	5250		150.0
1349	19:47:55.924	5400		150.0
1350	19:47:55.939	5550		150.0
1351	19:47:55.954	5700		150.0
1352	19:47:55.969	5850		150.0
1353	19:47:55.984	6000		150.0
1354	19:47:55.999	6150		150.0
1355	19:47:56.014	6300		150.0
1356	19:47:56.031	6450		150.0
1357	19:47:56.046	6600		150.0
1358	19:47:56.060	6750		150.0
1359	19:47:56.076	6900		150.0
1360	19:47:56.091	7050		150.0
1361	19:47:56.121	7200		150.0
1362	19:47:56.136	7350		150.0
1363	19:47:56.151	7500		150.0
1364	19:47:56.164	7650		150.0
1365	19:47:56.179	7800		150.0
1366	19:47:56.194	7950		150.0
1367	19:47:56.209	8100		150.0
1368	19:47:56.224	8250		150.0
1369	19:47:56.239	8400		150.0
1370	19:47:56.254	8550		150.0
1371	19:47:56.269	8700		150.0
1372	19:47:56.298	8850		150.0
1373	19:47:56.314	9000		150.0
1374	19:47:56.329	9150		150.0
1375	19:47:56.344	9300		150.0
1376	19:47:56.359	9450		150.0
1377	19:47:56.374	9600		150.0
1378	19:47:56.403	9750		150.0
1379	19:47:56.421	9900		150.0
1380	19:47:56.436	10050		150.0
1381	19:47:56.451	10200		150.0
1382	19:47:56.466	10350		150.0
1383	19:47:56.481	10500		150.0
1384	19:47:56.494	10650		150.0
1385	19:47:56.509	10800		150.0
1386	19:47:56.524	10950		150.0
1387	19:47:56.539	11100		150.0
1388	19:47:56.554	11250		150.0
1389	19:47:56.569	11400		150.0
1390	19:47:56.584	11550		150.0
1391	19:47:56.599	11700		150.0
1392	19:47:56.614	11850		150.0
1393	19:47:56.629	12000		150.0
1394	19:47:56.658	12150		150.0
1395	19:47:56.674	12300		150.0
1396	19:47:56.689	12450		150.0
1397	19:47:56.704	12600		150.0
1398	19:47:56.719	12750		150.0
1399	19:47:56.734	12900		150.0
1400	19:47:56.749	13050		150.0
1401	19:47:56.764	13200		150.0
1402	19:47:56.779	13350		150.0
1403	19:47:56.808	13500		150.0
1404	19:47:56.838	13650		150.0
1405	19:47:56.854	13800		150.0
1406	19:47:56.869	13950		150.0
1407	19:47:56.884	14100		150.0
1408	19:47:56.899	14250		150.0
1409	19:47:56.914	14400		150.0
1410	19:47:56.929	14550		150.0
1411	19:47:56.944	14700		150.0
1412	19:47:56.959	14850		150.0
1413	19:47:56.974	15000		150.0
1414	19:47:56.989	15150		150.0
1415	19:47:57.018	15300		150.0
1416	19:47:57.034	15450		150.0
1417	19:47:57.049	15600		150.0
1418	19:47:57.064	15750		150.0
1419	19:47:57.079	15900		150.0
1420	19:47:57.108	16050		150.0
1421	19:47:57.124	16200		150.0
1422	19:47:57.139	16350		150.0
1423	19:47:57.154	16500		150.0
1424	19:47:57.169	16650		150.0
1425	19:47:57.184	16800		150.0
1426	19:47:57.199	16950		150.0
1427	19:47:57.214	17100		150.0
1428	19:47:57.229	17250		150.0
1429	19:47:57.244	17400		150.0
1430	19:47:57.259	17550		150.0
1431	19:47:57.274	17700		150.0
1432	19:47:57.289	17850		150.0
1433	19:47:57.304	18000		150.0
1434	19:47:57.319	18150		150.0
1435	19:47:57.348	18300		150.0
1436	19:47:57.364	18450		150.0
1437	19:47:57.379	18600		150.0
1438	19:47:57.394	18750		150.0
1439	19:47:57.409	18900		150.0
1440	19:47:57.424	19050		150.0
1441	19:47:57.453	19200		150.0
1442	19:47:57.469	19350		150.0
1443	19:47:57.484	19500		150.0
1444	19:47:57.499	19650		150.0
1445	19:47:57.528	19800		150.0
1446	19:47:57.544	19950		150.0
1447	19:47:57.545	0		150.0
