[ 80] [    12390581]   0-None                     (    0)
[ 81] [    12403075]   0-None                     (    0)
[ 82] [    12415574]   0-None                     (    0)
[ 83] [    12428074]   0-None                     (    0)
[ 84] [    12440574]   0-None                     (    0)
[ 85] [    12453095]   0-None                     (    0)
[ 86] [    12465591]   0-None                     (    0)
[ 87] [    12478115]   0-None                     (    0)
[ 88] [    12490623]   0-None                     (    0)
[ 89] [    12503152]   0-None                     (    0)
[ 90] [    12515669]   0-None                     (    0)
[ 91] [    12528186]   0-None                     (    0)
[ 92] [    12540685]   0-None                     (    0)
[ 93] [    12553211]   0-None                     (    0)
[ 94] [    12565707]   0-None                     (    0)
[ 95] [    12578233]   0-None                     (    0)
[ 96] [    12590747]   0-None                     (    0)
[ 97] [    12603236]   0-None                     (    0)
[ 98] [    12615752]   0-None                     (    0)
[ 99] [    12628275]   0-None                     (    0)
[100] [    12640774]   0-None                     (    0)
[101] [    12653294]   0-None                     (    0)
[102] [    12665789]   0-None                     (    0)
[103] [    12678312]   0-None                     (    0)
[104] [    12690810]   0-None                     (    0)
[105] [    12703309]   0-None                     (    0)
[106] [    12715808]   0-None                     (    0)
[107] [    12728308]   0-None                     (    0)
[108] [    12740809]   0-None                     (    0)
[109] [    12753328]   0-None                     (    0)
[110] [    12765834]   0-None                     (    0)
[111] [    12778351]   0-None                     (    0)
[112] [    12790855]   0-None                     (    0)
[113] [    12803369]   0-None                     (    0)
[114] [    12815893]   0-None                     (    0)
[115] [    12828398]   0-None                     (    0)
[116] [    12840895]   0-None                     (    0)
[117] [    12853414]   0-None                     (    0)
[118] [    12865916]   0-None                     (    0)
[119] [    12878431]   0-None                     (    0)
[120] [    12890951]   0-None                     (    0)
[121] [    12903437]   0-None                     (    0)
[122] [    12915956]   0-None                     (    0)
[123] [    12928472]   0-None                     (    0)
[124] [    12940972]   0-None                     (    0)
[125] [    12953494]   0-None                     (    0)
[126] [    12965996]   0-None                     (    0)
[127] [    12978500]   0-None                     (    0)
[128] [    12991017]   0-None                     (    0)
[129] [    13003536]   0-None                     (    0)
[130] [    13016018]   0-None                     (    0)
[131] [    13028517]   0-None                     (    0)
[132] [    13041016]   0-None                     (    0)
[133] [    13053535]   0-None                     (    0)
[134] [    13066037]   0-None                     (    0)
[135] [    13078559]   0-None                     (    0)
[136] [    13091058]   0-None                     (    0)
[137] [    13103578]   0-None                     (    0)
[138] [    13116081]   0-None                     (    0)
[139] [    13128580]   0-None                     (    0)
[140] [    13141097]   0-None                     (    0)
[141] [    13153600]   0-None                     (    0)
[142] [    13166115]   0-None                     (    0)
[143] [    13178618]   0-None                     (    0)
[144] [    13191124]   0-None                     (    0)
[145] [    13203619]   0-None                     (    0)
[146] [    13216122]   0-None                     (    0)
[147] [    13228639]   0-None                     (    0)
[148] [    13241157]   0-None                     (    0)
[149] [    13253679]   0-None                     (    0)
[150] [    13266198]   0-None                     (    0)
[151] [    13278724]   0-None                     (    0)
[152] [    13291239]   0-None                     (    0)
[153] [    13303762]   0-None                     (    0)
[154] [    13316262]   0-None                     (    0)
[155] [    13328761]   0-None                     (    0)
[156] [    13341281]   0-None                     (    0)
[157] [    13353802]   0-None                     (    0)
[158] [    13366321]   0-None                     (    0)
[159] [    13378848]   0-None                     (    0)
[160] [    13391363]   0-None                     (    0)
[161] [    13403866]   0-None                     (    0)
[162] [    13416390]   0-None                     (    0)
[163] [    13428907]   0-None                     (    0)
[164] [    13441409]   0-None                     (    0)
[165] [    13453925]   0-None                     (    0)
[166] [    13466445]   0-None                     (    0)
[167] [    13478964]   0-None                     (    0)
[168] [    13491468]   0-None                     (    0)
[169] [    13503991]   0-None                     (    0)
[170] [    13516508]   0-None                     (    0)
[171] [    13529054]   0-None                     (    0)
[172] [    13541554]   0-None                     (    0)
[173] [    13554072]   0-None                     (    0)
[174] [    13566589]   0-None                     (    0)
[175] [    13579109]   0-None                     (    0)
[176] [    13591639]   0-None                     (    0)
[177] [    13604132]   0-None                     (    0)
[178] [    13616619]   0-None                     (    0)
[179] [    13629114]   0-None                     (    0)
[180] [    13641637]   0-None                     (    0)
[181] [    13654156]   0-None                     (    0)
[182] [    13666691]   0-None                     (    0)
[183] [    13679197]   0-None                     (    0)
[184] [    13691712]   0-None                     (    0)
[185] [    13704233]   0-None                     (    0)
[186] [    13716762]   0-None                     (    0)
[187] [    13729275]   0-None                     (    0)
[188] [    13741797]   0-None                     (    0)
[189] [    13754316]   0-None                     (    0)
[190] [    13766843]   0-None                     (    0)
[191] [    13779359]   0-None                     (    0)
[192] [    13791862]   0-None                     (    0)
[193] [    13804404]   0-None                     (    0)
[194] [    13816925]   0-None                     (    0)
[195] [    13829447]   0-None                     (    0)
[196] [    13841941]   0-None                     (    0)
[197] [    13854465]   0-None                     (    0)
[198] [    13867000]   0-None                     (    0)
[199] [    13879507]   0-None                     (    0)
[200] [    13892026]   0-None                     (    0)
[201] [    13904548]   0-None                     (    0)
[202] [    13917067]   0-None                     (    0)
[203] [    13929584]   0-None                     (    0)
[204] [    13942085]   0-None                     (    0)
[205] [    13954607]   0-None                     (    0)
[206] [    13967128]   0-None                     (    0)
[207] [    13979648]   0-None                     (    0)
[208] [    13992150]   0-None                     (    0)
[209] [    14004653]   0-None                     (    0)
[210] [    14017167]   0-None                     (    0)
[211] [    14029667]   0-None                     (    0)
[212] [    14042187]   0-None                     (    0)
[213] [    14054693]   0-None                     (    0)
[214] [    14067188]   0-None                     (    0)
[215] [    14079692]   0-None                     (    0)
[216] [    14092211]   0-None                     (    0)
[217] [    14104733]   0-None                     (    0)
[218] [    14117235]   0-None                     (    0)
[219] [    14129751]   0-None                     (    0)
[220] [    14142256]   0-None                     (    0)
[221] [    14154773]   0-None                     (    0)
[222] [    14167276]   0-None                     (    0)
[223] [    14179791]   0-None                     (    0)
[224] [    14192310]   0-None                     (    0)
[225] [    14204815]   0-None                     (    0)
[226] [    14217308]   0-None                     (    0)
[227] [    14229835]   0-None                     (    0)
[228] [    14242351]   0-None                     (    0)
[229] [    14254860]   0-None                     (    0)
[230] [    14267376]   0-None                     (    0)
[231] [    14279894]   0-None                     (    0)
[232] [    14292417]   0-None                     (    0)
[233] [    14304917]   0-None                     (    0)
[234] [    14317437]   0-None                     (    0)
[235] [    14329932]   0-None                     (    0)
[236] [    14342458]   0-None                     (    0)
[237] [    14354953]   0-None                     (    0)
[238] [    14367474]   0-None                     (    0)
[239] [    14379984]   0-None                     (    0)
[240] [    14392501]   0-None                     (    0)
[241] [    14405002]   0-None                     (    0)
[242] [    14417519]   0-None                     (    0)
[243] [    14430044]   0-None                     (    0)
[244] [    14442542]   0-None                     (    0)
[245] [    14455063]   0-None                     (    0)
[246] [    14467583]   0-None                     (    0)
[247] [    14480086]   0-None                     (    0)
[248] [    14492582]   0-None                     (    0)
[249] [    14505078]   0-None                     (    0)
[250] [    14517583]   0-None                     (    0)
[251] [    14530098]   0-None                     (    0)
[252] [    14542621]   0-None                     (    0)
[253] [    14555121]   0-None                     (    0)
[254] [    14567621]   0-None                     (    0)
[255] [    14580141]   0-None                     (    0)
[  0] [    14592663]   0-None                     (    0)
[  1] [    14605163]   0-None                     (    0)
[  2] [    14617663]   0-None                     (    0)
[  3] [    14630183]   0-None                     (    0)
[  4] [    14642700]   0-None                     (    0)
[  5] [    14655201]   0-None                     (    0)
[  6] [    14667723]   0-None                     (    0)
[  7] [    14680225]   0-None                     (    0)
[  8] [    14692729]   0-None                     (    0)
[  9] [    14705246]   0-None                     (    0)
[ 10] [    14717745]   0-None                     (    0)
[ 11] [    14730264]   0-None                     (    0)
[ 12] [    14742766]   0-None                     (    0)
[ 13] [    14755289]   0-None                     (    0)
[ 14] [    14767787]   0-None                     (    0)
[ 15] [    14780285]   0-None                     (    0)
[ 16] [    14792786]   0-None                     (    0)
[ 17] [    14805261]   0-None                     (    0)
[ 18] [    14817764]   0-None                     (    0)
[ 19] [    14830267]   0-None                     (    0)
[ 20] [    14842782]   0-None                     (    0)
[ 21] [    14855282]   0-None                     (    0)
[ 22] [    14867781]   0-None                     (    0)
[ 23] [    14880301]   0-None                     (    0)
[ 24] [    14892807]   0-None                     (    0)
[ 25] [    14905343]   0-None                     (    0)
[ 26] [    14917846]   0-None                     (    0)
[ 27] [    14930350]   0-None                     (    0)
[ 28] [    14942868]   0-None                     (    0)
[ 29] [    14955366]   0-None                     (    0)
[ 30] [    14967885]   0-None                     (    0)
[ 31] [    14980387]   0-None                     (    0)
[ 32] [    14992891]   0-None                     (    0)
[ 33] [    15005405]   0-None                     (    0)
[ 34] [    15017905]   0-None                     (    0)
[ 35] [    15030424]   0-None                     (    0)
[ 36] [    15042929]   0-None                     (    0)
[ 37] [    15055444]   0-None                     (    0)
[ 38] [    15067945]   0-None                     (    0)
[ 39] [    15080469]   0-None                     (    0)
[ 40] [    15092974]   0-None                     (    0)
[ 41] [    15105491]   0-None                     (    0)
[ 42] [    15118008]   0-None                     (    0)
[ 43] [    15130531]   0-None                     (    0)
[ 44] [    15143051]   0-None                     (    0)
[ 45] [    15155575]   0-None                     (    0)
[ 46] [    15168089]   0-None                     (    0)
[ 47] [    15180612]   0-None                     (    0)
[ 48] [    15193117]   0-None                     (    0)
[ 49] [    15205651]   0-None                     (    0)
[ 50] [    15218151]   0-None                     (    0)
[ 51] [    15230652]   0-None                     (    0)
[ 52] [    15243151]   0-None                     (    0)
[ 53] [    15255651]   0-None                     (    0)
[ 54] [    15268171]   0-None                     (    0)
[ 55] [    15280677]   0-None                     (    0)
[ 56] [    15293175]   0-None                     (    0)
[ 57] [    15305670]   0-None                     (    0)
[ 58] [    15318176]   0-None                     (    0)
[ 59] [    15330693]   0-None                     (    0)
[ 60] [    15343197]   0-None                     (    0)
[ 61] [    15355691]   0-None                     (    0)
[ 62] [    15368193]   0-None                     (    0)
[ 63] [    15380675]   0-None                     (    0)
[ 64] [    15393193]   0-None                     (    0)
[ 65] [    15405696]   0-None                     (    0)
[ 66] [    15418212]   0-None                     (    0)
[ 67] [    15430714]   0-None                     (    0)
[ 68] [    15443218]   0-None                     (    0)
[ 69] [    15455714]   0-None                     (    0)
[ 70] [    15468218]   0-None                     (    0)
[ 71] [    15480715]   0-None                     (    0)
[ 72] [    15493218]   0-None                     (    0)
[ 73] [    15505715]   0-None                     (    0)
[ 74] [    15518213]   0-None                     (    0)
[ 75] [    15530738]   0-None                     (    0)
[ 76] [    15543237]   0-None                     (    0)
[ 77] [    15555755]   0-None                     (    0)
[ 78] [    15568278]   0-None                     (    0)
[ 79] [    15580777]   0-None                     (    0)
[ 80] [    15593296]   0-None                     (    0)
[ 81] [    15605812]   0-None                     (    0)
[ 82] [    15618333]   0-None                     (    0)
[ 83] [    15630835]   0-None                     (    0)
[ 84] [    15643337]   0-None                     (    0)
[ 85] [    15655861]   0-None                     (    0)
[ 86] [    15668361]   0-None                     (    0)
[ 87] [    15680858]   0-None                     (    0)
[ 88] [    15693357]   0-None                     (    0)
[ 89] [    15705855]   0-None                     (    0)
[ 90] [    15718361]   0-None                     (    0)
[ 91] [    15730878]   0-None                     (    0)
[ 92] [    15743381]   0-None                     (    0)
[ 93] [    15755896]   0-None                     (    0)
[ 94] [    15768396]   0-None                     (    0)
[ 95] [    15780897]   0-None                     (    0)
[ 96] [    15793416]   0-None                     (    0)
[ 97] [    15805920]   0-None                     (    0)
[ 98] [    15818439]   0-None                     (    0)
[ 99] [    15830955]   0-None                     (    0)
[100] [    15843457]   0-None                     (    0)
[101] [    15855979]   0-None                     (    0)
[102] [    15868499]   0-None                     (    0)
[103] [    15881021]   0-None                     (    0)
[104] [    15893540]   0-None                     (    0)
[105] [    15906045]   0-None                     (    0)
[106] [    15918563]   0-None                     (    0)
[107] [    15931066]   0-None                     (    0)
[108] [    15943582]   0-None                     (    0)
[109] [    15956084]   0-None                     (    0)
[110] [    15968607]   0-None                     (    0)
[111] [    15981107]   0-None                     (    0)
[112] [    15993626]   0-None                     (    0)
[113] [    16006128]   0-None                     (    0)
[114] [    16018642]   0-None                     (    0)
[115] [    16031141]   0-None                     (    0)
[116] [    16043641]   0-None                     (    0)
[117] [    16056147]   0-None                     (    0)
[118] [    16068645]   0-None                     (    0)
[119] [    16081144]   0-None                     (    0)
[120] [    16093645]   0-None                     (    0)
[121] [    16106163]   0-None                     (    0)
[122] [    16118665]   0-None                     (    0)
[123] [    16131181]   0-None                     (    0)
[124] [    16143681]   0-None                     (    0)
[125] [    16156203]   0-None                     (    0)
[126] [    16168705]   0-None                     (    0)
[127] [    16181210]   0-None                     (    0)
[128] [    16193706]   0-None                     (    0)
[129] [    16206209]   0-None                     (    0)
[130] [    16218726]   0-None                     (    0)
[131] [    16231224]   0-None                     (    0)
[132] [    16243744]   0-None                     (    0)
[133] [    16256246]   0-None                     (    0)
[134] [    16268749]   0-None                     (    0)
[135] [    16281263]   0-None                     (    0)
[136] [    16293782]   0-None                     (    0)
[137] [    16306288]   0-None                     (    0)
[138] [    16318804]   0-None                     (    0)
[139] [    16331304]   0-None                     (    0)
[140] [    16343805]   0-None                     (    0)
[141] [    16356324]   0-None                     (    0)
[142] [    16368833]   0-None                     (    0)
[143] [    16381326]   0-None                     (    0)
[144] [    16393828]   0-None                     (    0)
[145] [    16406351]   0-None                     (    0)
[146] [    16418870]   0-None                     (    0)
[147] [    16431372]   0-None                     (    0)
[148] [    16443867]   0-None                     (    0)
[149] [    16456389]   0-None                     (    0)
[150] [    16468909]   0-None                     (    0)
[151] [    16481426]   0-None                     (    0)
[152] [    16493927]   0-None                     (    0)
[153] [    16506449]   0-None                     (    0)
[154] [    16518971]   0-None                     (    0)
[155] [    16531470]   0-None                     (    0)
[156] [    16543997]   0-None                     (    0)
[157] [    16556511]   0-None                     (    0)
[158] [    16569017]   0-None                     (    0)
[159] [    16581515]   0-None                     (    0)
[160] [    16594034]   0-None                     (    0)
[161] [    16606550]   0-None                     (    0)
[162] [    16619070]   0-None                     (    0)
[163] [    16631580]   0-None                     (    0)
[164] [    16644076]   0-None                     (    0)
[165] [    16656614]   0-None                     (    0)
[166] [    16669115]   0-None                     (    0)
[167] [    16681619]   0-None                     (    0)
[168] [    16694114]   0-None                     (    0)
[169] [    16706617]   0-None                     (    0)
[170] [    16719119]   0-None                     (    0)
[171] [    16731633]   0-None                     (    0)
[172] [    16744153]   0-None                     (    0)
[173] [    16756655]   0-None                     (    0)
[174] [    16769173]   0-None                     (    0)
[175] [    16781673]   0-None                     (    0)
[176] [    16794195]   0-None                     (    0)
[177] [    16806717]   0-None                     (    0)
[178] [    16819217]   0-None                     (    0)
[179] [    16831736]   0-None                     (    0)
[180] [    16844258]   0-None                     (    0)
[181] [    16856757]   0-None                     (    0)
[182] [    16869275]   0-None                     (    0)
[183] [    16881781]   0-None                     (    0)
[184] [    16894298]   0-None                     (    0)
[185] [    16906799]   0-None                     (    0)
[186] [    16919317]   0-None                     (    0)
[187] [    16931826]   0-None                     (    0)
[188] [    16944341]   0-None                     (    0)
[189] [    16956860]   0-None                     (    0)
[190] [    16969381]   0-None                     (    0)
[191] [    16981880]   0-None                     (    0)
[192] [    16994399]   0-None                     (    0)
[193] [    17006905]   0-None                     (    0)
[194] [    17019423]   0-None                     (    0)
[195] [    17031919]   0-None                     (    0)
[196] [    17044442]   0-None                     (    0)
[197] [    17056944]   0-None                     (    0)
[198] [    17069465]   0-None                     (    0)
[199] [    17081983]   0-None                     (    0)
[200] [    17094506]   0-None                     (    0)
[201] [    17107026]   0-None                     (    0)
[202] [    17119543]   0-None                     (    0)
[203] [    17132044]   0-None                     (    0)
[204] [    17144566]   0-None                     (    0)
[205] [    17157088]   0-None                     (    0)
[206] [    17169587]   0-None                     (    0)
[207] [    17182086]   0-None                     (    0)
[208] [    17194592]   0-None                     (    0)
[209] [    17207105]   0-None                     (    0)
[210] [    17219588]   0-None                     (    0)
[211] [    17232087]   0-None                     (    0)
[212] [    17244587]   0-None                     (    0)
[213] [    17257066]   0-None                     (    0)
[214] [    17269571]   0-None                     (    0)
[215] [    17282068]   0-None                     (    0)
[216] [    17294546]   0-None                     (    0)
[217] [    17307048]   0-None                     (    0)
[218] [    17319543]   0-None                     (    0)
[219] [    17332067]   0-None                     (    0)
[220] [    17344570]   0-None                     (    0)
[221] [    17357083]   0-None                     (    0)
[222] [    17369609]   0-None                     (    0)
[223] [    17382125]   0-None                     (    0)
[224] [    17394644]   0-None                     (    0)
[225] [    17407168]   0-None                     (    0)
[226] [    17419684]   0-None                     (    0)
[227] [    17432195]   0-None                     (    0)
[228] [    17444732]   0-None                     (    0)
[229] [    17457254]   0-None                     (    0)
[230] [    17469772]   0-None                     (    0)
[231] [    17482289]   0-None                     (    0)
[232] [    17494809]   0-None                     (    0)
[233] [    17507332]   0-None                     (    0)
[234] [    17519858]   0-None                     (    0)
[235] [    17532372]   0-None                     (    0)
[236] [    17544892]   0-None                     (    0)
[237] [    17557397]   0-None                     (    0)
[238] [    17569915]   0-None                     (    0)
[239] [    17582438]   0-None                     (    0)
[240] [    17594941]   0-None                     (    0)
[241] [    17607458]   0-None                     (    0)
[242] [    17619957]   0-None                     (    0)
[243] [    17632456]   0-None                     (    0)
[244] [    17644983]   0-None                     (    0)
[245] [    17657498]   0-None                     (    0)
[246] [    17670018]   0-None                     (    0)
[247] [    17682523]   0-None                     (    0)
[248] [    17695041]   0-None                     (    0)
[249] [    17707536]   0-None                     (    0)
[250] [    17720039]   0-None                     (    0)
[251] [    17732556]   0-None                     (    0)
[252] [    17745085]   0-None                     (    0)
[253] [    17757618]   0-None                     (    0)
[254] [    17770119]   0-None                     (    0)
[255] [    17782639]   0-None                     (    0)
[  0] [    17795144]   0-None                     (    0)
[  1] [    17807663]   0-None                     (    0)
[  2] [    17820199]   0-None                     (    0)
[  3] [    17832706]   0-None                     (    0)
[  4] [    17845225]   0-None                     (    0)
[  5] [    17857748]   0-None                     (    0)
[  6] [    17870248]   0-None                     (    0)
[  7] [    17882747]   0-None                     (    0)
[  8] [    17895266]   0-None                     (    0)
[  9] [    17907768]   0-None                     (    0)
[ 10] [    17920287]   0-None                     (    0)
[ 11] [    17932782]   0-None                     (    0)
[ 12] [    17945303]   0-None                     (    0)
[ 13] [    17957826]   0-None                     (    0)
[ 14] [    17970332]   0-None                     (    0)
[ 15] [    17982845]   0-None                     (    0)
[ 16] [    17995368]   0-None                     (    0)
[ 17] [    18007866]   0-None                     (    0)
[ 18] [    18020368]   0-None                     (    0)
[ 19] [    18032891]   0-None                     (    0)
[ 20] [    18045406]   0-None                     (    0)
[ 21] [    18057909]   0-None                     (    0)
[ 22] [    18070446]   0-None                     (    0)
[ 23] [    18082953]   0-None                     (    0)
[ 24] [    18095472]   0-None                     (    0)
[ 25] [    18107995]   0-None                     (    0)
[ 26] [    18120514]   0-None                     (    0)
[ 27] [    18133016]   0-None                     (    0)
[ 28] [    18145534]   0-None                     (    0)
[ 29] [    18158058]   0-None                     (    0)
[ 30] [    18170574]   0-None                     (    0)
[ 31] [    18183113]   0-None                     (    0)
[ 32] [    18195633]   0-None                     (    0)
[ 33] [    18208139]   0-None                     (    0)
[ 34] [    18220656]   0-None                     (    0)
[ 35] [    18233153]   0-None                     (    0)
[ 36] [    18245674]   0-None                     (    0)
[ 37] [    18258204]   0-None                     (    0)
[ 38] [    18270716]   0-None                     (    0)
[ 39] [    18283239]   0-None                     (    0)
[ 40] [    18295758]   0-None                     (    0)
[ 41] [    18308284]   0-None                     (    0)
[ 42] [    18320779]   0-None                     (    0)
[ 43] [    18333303]   0-None                     (    0)
[ 44] [    18345807]   0-None                     (    0)
[ 45] [    18358321]   0-None                     (    0)
[ 46] [    18370827]   0-None                     (    0)
[ 47] [    18383345]   0-None                     (    0)
[ 48] [    18395867]   0-None                     (    0)
[ 49] [    18408386]   0-None                     (    0)
[ 50] [    18420901]   0-None                     (    0)
[ 51] [    18433402]   0-None                     (    0)
[ 52] [    18445904]   0-None                     (    0)
[ 53] [    18458422]   0-None                     (    0)
[ 54] [    18470931]   0-None                     (    0)
[ 55] [    18483427]   0-None                     (    0)
[ 56] [    18495950]   0-None                     (    0)
[ 57] [    18508469]   0-None                     (    0)
[ 58] [    18520992]   0-None                     (    0)
[ 59] [    18533510]   0-None                     (    0)
[ 60] [    18546027]   0-None                     (    0)
[ 61] [    18558551]   0-None                     (    0)
[ 62] [    18571074]   0-None                     (    0)
[ 63] [    18583593]   0-None                     (    0)
[ 64] [    18596114]   0-None                     (    0)
[ 65] [    18608633]   0-None                     (    0)
[ 66] [    18621149]   0-None                     (    0)
[ 67] [    18633650]   0-None                     (    0)
[ 68] [    18646174]   0-None                     (    0)
[ 69] [    18658678]   0-None                     (    0)
[ 70] [    18671191]   0-None                     (    0)
[ 71] [    18683698]   0-None                     (    0)
[ 72] [    18696196]   0-None                     (    0)
[ 73] [    18708715]   0-None                     (    0)
[ 74] [    18721218]   0-None                     (    0)
[ 75] [    18733732]   0-None                     (    0)
[ 76] [    18746251]   0-None                     (    0)
[ 77] [    18758757]   0-None                     (    0)
[ 78] [    18771253]   0-None                     (    0)
[ 79] [    18783757]   0-None                     (    0)
[ 80] [    18796274]   0-None                     (    0)
[ 81] [    18808777]   0-None                     (    0)
[ 82] [    18821292]   0-None                     (    0)
[ 83] [    18833801]   0-None                     (    0)
[ 84] [    18846318]   0-None                     (    0)
[ 85] [    18858837]   0-None                     (    0)
[ 86] [    18871360]   0-None                     (    0)
[ 87] [    18883859]   0-None                     (    0)
[ 88] [    18896378]   0-None                     (    0)
[ 89] [    18908880]   0-None                     (    0)
[ 90] [    18921397]   0-None                     (    0)
[ 91] [    18933901]   0-None                     (    0)
[ 92] [    18946415]   0-None                     (    0)
[ 93] [    18958925]   0-None                     (    0)
[ 94] [    18971438]   0-None                     (    0)
[ 95] [    18983965]   0-None                     (    0)
[ 96] [    18996459]   0-None                     (    0)
[ 97] [    19008981]   0-None                     (    0)
[ 98] [    19021500]   0-None                     (    0)
[ 99] [    19034003]   0-None                     (    0)
[100] [    19046519]   0-None                     (    0)
[101] [    19059019]   0-None                     (    0)
[102] [    19071521]   0-None                     (    0)
[103] [    19084046]   0-None                     (    0)
[104] [    19096562]   0-None                     (    0)
[105] [    19109062]   0-None                     (    0)
[106] [    19121588]   0-None                     (    0)
[107] [    19134082]   0-None                     (    0)
[108] [    19146603]   0-None                     (    0)
[109] [    19159103]   0-None                     (    0)
[110] [    19171601]   0-None                     (    0)
[111] [    19184120]   0-None                     (    0)
[112] [    19196647]   0-None                     (    0)
[113] [    19209162]   0-None                     (    0)
[114] [    19221685]   0-None                     (    0)
[115] [    19234191]   0-None                     (    0)
[116] [    19246704]   0-None                     (    0)
[117] [    19259227]   0-None                     (    0)
[118] [    19271746]   0-None                     (    0)
[119] [    19284265]   0-None                     (    0)
[120] [    19296769]   0-None                     (    0)
[121] [    19309286]   0-None                     (    0)
[122] [    19321790]   0-None                     (    0)
[123] [    19334313]   0-None                     (    0)
[124] [    19346811]   0-None                     (    0)
[125] [    19359330]   0-None                     (    0)
[126] [    19371831]   0-None                     (    0)
[127] [    19384334]   0-None                     (    0)
[128] [    19396848]   0-None                     (    0)
[129] [    19409348]   0-None                     (    0)
[130] [    19421847]   0-None                     (    0)
[131] [    19434347]   0-None                     (    0)
[132] [    19446847]   0-None                     (    0)
[133] [    19459347]   0-None                     (    0)
[134] [    19471867]   0-None                     (    0)
[135] [    19484373]   0-None                     (    0)
[136] [    19496889]   0-None                     (    0)
[137] [    19509393]   0-None                     (    0)
[138] [    19521888]   0-None                     (    0)
[139] [    19534388]   0-None                     (    0)
[140] [    19546890]   0-None                     (    0)
[141] [    19559387]   0-None                     (    0)
[142] [    19571908]   0-None                     (    0)
[143] [    19584410]   0-None                     (    0)
[144] [    19596911]   0-None                     (    0)
[145] [    19609412]   0-None                     (    0)
[146] [    19621915]   0-None                     (    0)
[147] [    19634412]   0-None                     (    0)
[148] [    19646934]   0-None                     (    0)
[149] [    19659431]   0-None                     (    0)
[150] [    19671950]   0-None                     (    0)
[151] [    19684471]   0-None                     (    0)
[152] [    19696970]   0-None                     (    0)
[153] [    19709489]   0-None                     (    0)
[154] [    19721995]   0-None                     (    0)
[155] [    19734492]   0-None                     (    0)
[156] [    19747016]   0-None                     (    0)
[157] [    19759531]   0-None                     (    0)
[158] [    19772034]   0-None                     (    0)
[159] [    19784538]   0-None                     (    0)
[160] [    19797055]   0-None                     (    0)
[161] [    19809553]   0-None                     (    0)
[162] [    19822073]   0-None                     (    0)
[163] [    19834575]   0-None                     (    0)
[164] [    19847078]   0-None                     (    0)
[165] [    19859592]   0-None                     (    0)
[166] [    19872112]   0-None                     (    0)
[167] [    19884617]   0-None                     (    0)
[168] [    19897132]   0-None                     (    0)
[169] [    19909653]   0-None                     (    0)
[170] [    19922162]   0-None                     (    0)
[171] [    19934676]   0-None                     (    0)
[172] [    19947182]   0-None                     (    0)
[173] [    19959700]   0-None                     (    0)
[174] [    19972196]   0-None                     (    0)
[175] [    19984699]   0-None                     (    0)
[176] [    19997221]   0-None                     (    0)
[177] [    20009720]   0-None                     (    0)
[178] [    20022238]   0-None                     (    0)
[179] [    20034756]   0-None                     (    0)
[180] [    20047256]   0-None                     (    0)
[181] [    20059758]   0-None                     (    0)
[182] [    20072276]   0-None                     (    0)
[183] [    20084778]   0-None                     (    0)
[184] [    20097280]   0-None                     (    0)
[185] [    20109784]   0-None                     (    0)
[186] [    20122301]   0-None                     (    0)
[187] [    20134800]   0-None                     (    0)
[188] [    20147319]   0-None                     (    0)
[189] [    20159841]   0-None                     (    0)
[190] [    20172362]   0-None                     (    0)
[191] [    20184879]   0-None                     (    0)
[192] [    20197399]   0-None                     (    0)
[193] [    20209909]   0-None                     (    0)
[194] [    20222424]   0-None                     (    0)
[195] [    20234923]   0-None                     (    0)
[196] [    20247442]   0-None                     (    0)
[197] [    20259946]   0-None                     (    0)
[198] [    20272461]   0-None                     (    0)
[199] [    20284968]   0-None                     (    0)
[200] [    20297490]   0-None                     (    0)
[201] [    20310006]   0-None                     (    0)
[202] [    20322503]   0-None                     (    0)
[203] [    20335005]   0-None                     (    0)
[204] [    20347501]   0-None                     (    0)
[205] [    20360002]   0-None                     (    0)
[206] [    20372524]   0-None                     (    0)
[207] [    20385027]   0-None                     (    0)
[208] [    20397530]   0-None                     (    0)
[209] [    20410027]   0-None                     (    0)
[210] [    20422545]   0-None                     (    0)
[211] [    20435045]   0-None                     (    0)
[212] [    20447545]   0-None                     (    0)
[213] [    20460065]   0-None                     (    0)
[214] [    20472567]   0-None                     (    0)
[215] [    20485070]   0-None                     (    0)
[216] [    20497584]   0-None                     (    0)
[217] [    20510104]   0-None                     (    0)
[218] [    20522589]   0-None                     (    0)
[219] [    20535089]   0-None                     (    0)
[220] [    20547608]   0-None                     (    0)
[221] [    20560102]   0-None                     (    0)
[222] [    20572611]   0-None                     (    0)
[223] [    20585087]   0-None                     (    0)
[224] [    20597606]   0-None                     (    0)
[225] [    20610106]   0-None                     (    0)
[226] [    20622602]   0-None                     (    0)
[227] [    20635126]   0-None                     (    0)
[228] [    20647629]   0-None                     (    0)
[229] [    20660101]   0-None                     (    0)
[230] [    20672627]   0-None                     (    0)
[231] [    20685123]   0-None                     (    0)
[232] [    20697603]   0-None                     (    0)
[233] [    20710129]   0-None                     (    0)
[234] [    20722624]   0-None                     (    0)
[235] [    20735127]   0-None                     (    0)
[236] [    20747642]   0-None                     (    0)
[237] [    20760151]   0-None                     (    0)
[238] [    20772667]   0-None                     (    0)
[239] [    20785166]   0-None                     (    0)
[240] [    20797665]   0-None                     (    0)
[241] [    20810165]   0-None                     (    0)
[242] [    20822665]   0-None                     (    0)
[243] [    20835171]   0-None                     (    0)
[244] [    20847684]   0-None                     (    0)
[245] [    20860187]   0-None                     (    0)
[246] [    20872689]   0-None                     (    0)
[247] [    20885204]   0-None                     (    0)
[248] [    20897703]   0-None                     (    0)
[249] [    20910209]   0-None                     (    0)
[250] [    20922707]   0-None                     (    0)
[251] [    20935228]   0-None                     (    0)
[252] [    20947724]   0-None                     (    0)
[253] [    20960225]   0-None                     (    0)
[254] [    20972728]   0-None                     (    0)
[255] [    20985243]   0-None                     (    0)
[  0] [    20997764]   0-None                     (    0)
[  1] [    21010266]   0-None                     (    0)
[  2] [    21022768]   0-None                     (    0)
[  3] [    21035272]   0-None                     (    0)
[  4] [    21047789]   0-None                     (    0)
[  5] [        6546]   0-None                     (    0)
[  6] [       19048]   0-None                     (    0)
[  7] [       31551]   0-None                     (    0)
[  8] [       44065]   0-None                     (    0)
[  9] [       56585]   0-None                     (    0)
[ 10] [       69091]   0-None                     (    0)
[ 11] [       81609]   0-None                     (    0)
[ 12] [       94105]   0-None                     (    0)
[ 13] [      106626]   0-None                     (    0)
[ 14] [      119116]   0-None                     (    0)
[ 15] [      131631]   0-None                     (    0)
[ 16] [      144154]   0-None                     (    0)
[ 17] [      156667]   0-None                     (    0)
[ 18] [      169176]   0-None                     (    0)
[ 19] [      181693]   0-None                     (    0)
[ 20] [      194192]   0-None                     (    0)
[ 21] [      206713]   0-None                     (    0)
[ 22] [      219217]   0-None                     (    0)
[ 23] [      231733]   0-None                     (    0)
[ 24] [      244236]   0-None                     (    0)
[ 25] [      256750]   0-None                     (    0)
[ 26] [      269253]   0-None                     (    0)
[ 27] [      281777]   0-None                     (    0)
[ 28] [      294276]   0-None                     (    0)
[ 29] [      306796]   0-None                     (    0)
[ 30] [      319331]   0-None                     (    0)
[ 31] [      331835]   0-None                     (    0)
[ 32] [      344352]   0-None                     (    0)
[ 33] [      356853]   0-None                     (    0)
[ 34] [      369355]   0-None                     (    0)
[ 35] [      381872]   0-None                     (    0)
[ 36] [      394381]   0-None                     (    0)
[ 37] [      406877]   0-None                     (    0)
[ 38] [      419400]   0-None                     (    0)
[ 39] [      431900]   0-None                     (    0)
[ 40] [      444417]   0-None                     (    0)
[ 41] [      456921]   0-None                     (    0)
[ 42] [      469435]   0-None                     (    0)
[ 43] [      481954]   0-None                     (    0)
[ 44] [      494462]   0-None                     (    0)
[ 45] [      506958]   0-None                     (    0)
[ 46] [      519456]   0-None                     (    0)
[ 47] [      531961]   0-None                     (    0)
[ 48] [      544477]   0-None                     (    0)
[ 49] [      556981]   0-None                     (    0)
[ 50] [      569496]   0-None                     (    0)
[ 51] [      581998]   0-None                     (    0)
[ 52] [      594523]   0-None                     (    0)
[ 53] [      607022]   0-None                     (    0)
[ 54] [      619544]   0-None                     (    0)
[ 55] [      632058]   0-None                     (    0)
[ 56] [      644557]   0-None                     (    0)
[ 57] [      657077]   0-None                     (    0)
[ 58] [      669582]   0-None                     (    0)
[ 59] [      682098]   0-None                     (    0)
[ 60] [      694620]   0-None                     (    0)
[ 61] [      707123]   0-None                     (    0)
[ 62] [      719646]   0-None                     (    0)
[ 63] [      732146]   0-None                     (    0)
[ 64] [      744663]   0-None                     (    0)
[ 65] [      757167]   0-None                     (    0)
[ 66] [      769681]   0-None                     (    0)
[ 67] [      782188]   0-None                     (    0)
[ 68] [      794706]   0-None                     (    0)
[ 69] [      807201]   0-None                     (    0)
[ 70] [      819728]   0-None                     (    0)
[ 71] [      832224]   0-None                     (    0)
[ 72] [      844746]   0-None                     (    0)
[ 73] [      857247]   0-None                     (    0)
[ 74] [      869750]   0-None                     (    0)
[ 75] [      882246]   0-None                     (    0)
[ 76] [      894749]   0-None                     (    0)
[ 77] [      907266]   0-None                     (    0)
[ 78] [      919765]   0-None                     (    0)
[ 79] [      932284]   0-None                     (    0)
[ 80] [      944786]   0-None                     (    0)
[ 81] [      957289]   0-None                     (    0)
[ 82] [      969803]   0-None                     (    0)
[ 83] [      982303]   0-None                     (    0)
[ 84] [      994802]   0-None                     (    0)
[ 85] [     1007322]   0-None                     (    0)
[ 86] [     1019828]   0-None                     (    0)
[ 87] [     1032322]   0-None                     (    0)
[ 88] [     1044828]   0-None                     (    0)
[ 89] [     1057345]   0-None                     (    0)
[ 90] [     1069848]   0-None                     (    0)
[ 91] [     1082363]   0-None                     (    0)
[ 92] [     1094873]   0-None                     (    0)
[ 93] [     1107389]   0-None                     (    0)
[ 94] [     1119908]   0-None                     (    0)
[ 95] [     1132411]   0-None                     (    0)
[ 96] [     1144907]   0-None                     (    0)
[ 97] [     1157430]   0-None                     (    0)
[ 98] [     1169927]   0-None                     (    0)
[ 99] [     1182451]   0-None                     (    0)
[100] [     1194987]   0-None                     (    0)
[101] [     1207491]   0-None                     (    0)
[102] [     1220015]   0-None                     (    0)
[103] [     1232535]   0-None                     (    0)
[104] [     1245050]   0-None                     (    0)
[105] [     1257570]   0-None                     (    0)
[106] [     1270075]   0-None                     (    0)
[107] [     1282592]   0-None                     (    0)
[108] [     1295095]   0-None                     (    0)
[109] [     1307610]   0-None                     (    0)
[110] [     1320120]   0-None                     (    0)
[111] [     1332635]   0-None                     (    0)
[112] [     1345154]   0-None                     (    0)
[113] [     1357656]   0-None                     (    0)
[114] [     1370179]   0-None                     (    0)
[115] [     1382677]   0-None                     (    0)
[116] [     1395196]   0-None                     (    0)
[117] [     1407698]   0-None                     (    0)
[118] [     1420215]   0-None                     (    0)
[119] [     1432719]   0-None                     (    0)
[120] [     1445255]   0-None                     (    0)
[121] [     1457761]   0-None                     (    0)
[122] [     1470281]   0-None                     (    0)
[123] [     1482796]   0-None                     (    0)
[124] [     1495318]   0-None                     (    0)
[125] [     1507823]   0-None                     (    0)
[126] [     1520339]   0-None                     (    0)
[127] [     1532864]   0-None                     (    0)
[128] [     1545387]   0-None                     (    0)
[129] [     1557900]   0-None                     (    0)
[130] [     1570403]   0-None                     (    0)
[131] [     1582926]   0-None                     (    0)
[132] [     1595444]   0-None                     (    0)
[133] [     1607961]   0-None                     (    0)
[134] [     1620481]   0-None                     (    0)
[135] [     1632991]   0-None                     (    0)
[136] [     1645486]   0-None                     (    0)
[137] [     1657989]   0-None                     (    0)
[138] [     1670505]   0-None                     (    0)
[139] [     1683024]   0-None                     (    0)
[140] [     1695526]   0-None                     (    0)
[141] [     1708030]   0-None                     (    0)
[142] [     1720544]   0-None                     (    0)
[143] [     1733063]   0-None                     (    0)
[144] [     1745569]   0-None                     (    0)
[145] [     1758084]   0-None                     (    0)
[146] [     1770604]   0-None                     (    0)
[147] [     1783114]   0-None                     (    0)
[148] [     1795647]   0-None                     (    0)
[149] [     1808168]   0-None                     (    0)
[150] [     1820689]   0-None                     (    0)
[151] [     1833213]   0-None                     (    0)
[152] [     1845747]   0-None                     (    0)
[153] [     1858254]   0-None                     (    0)
[154] [     1870772]   0-None                     (    0)
[155] [     1883294]   0-None                     (    0)
[156] [     1895795]   0-None                     (    0)
[157] [     1908314]   0-None                     (    0)
[158] [     1920831]   0-None                     (    0)
[159] [     1933352]   0-None                     (    0)
[160] [     1945854]   0-None                     (    0)
[161] [     1958377]   0-None                     (    0)
[162] [     1970896]   0-None                     (    0)
[163] [     1983418]   0-None                     (    0)
[164] [     1995939]   0-None                     (    0)
[165] [     2008455]   0-None                     (    0)
[166] [     2020996]   0-None                     (    0)
[167] [     2033503]   0-None                     (    0)
[168] [     2046022]   0-None                     (    0)
[169] [     2058524]   0-None                     (    0)
[170] [     2071039]   0-None                     (    0)
[171] [     2083559]   0-None                     (    0)
[172] [     2096064]   0-None                     (    0)
[173] [     2108579]   0-None                     (    0)
[174] [     2121083]   0-None                     (    0)
[175] [     2133599]   0-None                     (    0)
[176] [     2146110]   0-None                     (    0)
[177] [     2158643]   0-None                     (    0)
[178] [     2171145]   0-None                     (    0)
[179] [     2183667]   0-None                     (    0)
[180] [     2196165]   0-None                     (    0)
[181] [     2208684]   0-None                     (    0)
[182] [     2221209]   0-None                     (    0)
[183] [     2233724]   0-None                     (    0)
[184] [     2246227]   0-None                     (    0)
[185] [     2258751]   0-None                     (    0)
[186] [     2271251]   0-None                     (    0)
[187] [     2283771]   0-None                     (    0)
[188] [     2296305]   0-None                     (    0)
[189] [     2308830]   0-None                     (    0)
[190] [     2321347]   0-None                     (    0)
[191] [     2333857]   0-None                     (    0)
[192] [     2346372]   0-None                     (    0)
[193] [     2358891]   0-None                     (    0)
[194] [     2371413]   0-None                     (    0)
[195] [     2383934]   0-None                     (    0)
[196] [     2396450]   0-None                     (    0)
[197] [     2408971]   0-None                     (    0)
[198] [     2421473]   0-None                     (    0)
[199] [     2433995]   0-None                     (    0)
[200] [     2446500]   0-None                     (    0)
[201] [     2459039]   0-None                     (    0)
[202] [     2471536]   0-None                     (    0)
[203] [     2484080]   0-None                     (    0)
[204] [     2496595]   0-None                     (    0)
[205] [     2509125]   0-None                     (    0)
[206] [     2521624]   0-None                     (    0)
[207] [     2534124]   0-None                     (    0)
[208] [     2546657]   0-None                     (    0)
[209] [     2559177]   0-None                     (    0)
[210] [     2571683]   0-None                     (    0)
[211] [     2584206]   0-None                     (    0)
[212] [     2596720]   0-None                     (    0)
[213] [     2609222]   0-None                     (    0)
[214] [     2621747]   0-None                     (    0)
[215] [     2634264]   0-None                     (    0)
[216] [     2646787]   0-None                     (    0)
