[ 80] [    12390581] 1 | True  True 00 ( 1223,  263)   3   662  1708
[ 81] [    12403075] 1 | True  True 00 ( 1226,  265)   5   765  1692
[ 82] [    12415574] 1 | True  True 00 ( 1237,  271)   5   766  1376
[ 83] [    12428074] 1 | True  True 00 ( 1251,  280)   4   739  1052
[ 84] [    12440574] 1 | True  True 00 ( 1267,  290)   4   747  1008
[ 85] [    12453095] 1 | True  True 00 ( 1281,  304)   4   768  1072
[ 86] [    12465591] 1 | True  True 00 ( 1295,  319)   4   747  1472
[ 87] [    12478115] 1 | True  True 00 ( 1307,  334)   4   728  1716
[ 88] [    12490623] 1 | True  True 00 ( 1320,  352)   5   777  1624
[ 89] [    12503152] 1 | True  True 00 ( 1332,  372)   5   825  1396
[ 90] [    12515669] 1 | True  True 00 ( 1345,  390)   4   698  1056
[ 91] [    12528186] 1 | True  True 00 ( 1358,  409)   4   686   904
[ 92] [    12540685] 1 | True  True 00 ( 1368,  429)   5   821  1188
[ 93] [    12553211] 1 | True  True 00 ( 1377,  450)   4   738  1196
[ 94] [    12565707] 1 | True  True 00 ( 1384,  471)   5   861  1168
[ 95] [    12578233] 1 | True  True 00 ( 1389,  494)   4   740   816
[ 96] [    12590747] 1 | True  True 00 ( 1394,  519)   4   693   976
[ 97] [    12603236] 1 | True  True 00 ( 1397,  540)   4   763  1140
[ 98] [    12615752] 1 | True  True 00 ( 1397,  561)   5   787  1140
[ 99] [    12628275] 1 | True  True 00 ( 1396,  584)   4   735  1032
[100] [    12640774] 1 | True  True 00 ( 1393,  606)   4   722   916
[101] [    12653294] 1 | True  True 00 ( 1389,  629)   4   727  1120
[102] [    12665789] 1 | True  True 00 ( 1382,  651)   4   684  1448
[103] [    12678312] 1 | True  True 00 ( 1372,  672)   5   745  1640
[104] [    12690810] 1 | True  True 00 ( 1360,  693)   4   725  1580
[105] [    12703309] 1 | True  True 00 ( 1349,  713)   4   755  1312
[106] [    12715808] 1 | True  True 00 ( 1339,  733)   4   755  1044
[107] [    12728308] 1 | True  True 00 ( 1327,  751)   4   746  1056
[108] [    12740809] 1 | True  True 00 ( 1315,  769)   4   738  1144
[109] [    12753328] 1 | True  True 00 ( 1299,  785)   5   731  1380
[110] [    12765834] 1 | True  True 00 ( 1280,  800)   5   745  1660
[111] [    12778351] 1 | True  True 00 ( 1261,  814)   4   708  1616
[112] [    12790855] 1 | True  True 00 ( 1244,  827)   4   718  1308
[113] [    12803369] 1 | True  True 00 ( 1225,  838)   4   731   968
[114] [    12815893] 1 | True  True 00 ( 1206,  848)   4   720  1052
[115] [    12828398] 1 | True  True 00 ( 1183,  857)   5   758  1180
[116] [    12840895] 1 | True  True 00 ( 1160,  865)   4   752  1108
[117] [    12853414] 1 | True  True 00 ( 1139,  871)   4   752   928
[118] [    12865916] 1 | True  True 00 ( 1118,  875)   4   730   796
[119] [    12878431] 1 | True  True 00 ( 1096,  877)   4   690   992
[120] [    12890951] 1 | True  True 00 ( 1071,  879)   4   723  1140
[121] [    12903437] 1 | True  True 00 ( 1048,  879)   4   744  1096
[122] [    12915956] 1 | True  True 00 ( 1027,  877)   4   714   996
[123] [    12928472] 1 | True  True 00 ( 1007,  875)   4   710   920
[124] [    12940972] 1 | True  True 00 (  986,  869)   4   686  1244
[125] [    12953494] 1 | True  True 00 (  963,  863)   4   682  1556
[126] [    12965996] 1 | True  True 00 (  941,  856)   4   657  1528
[127] [    12978500] 1 | True  True 00 (  922,  846)   5   700  1328
[128] [    12991017] 1 | True  True 00 (  904,  836)   4   668  1104
[129] [    13003536] 1 | True  True 00 (  886,  825)   4   664  1040
[130] [    13016018] 1 | True  True 00 (  867,  811)   5   702  1028
[131] [    13028517] 1 | True  True 00 (  847,  795)   5   707  1208
[132] [    13041016] 1 | True  True 00 (  830,  778)   4   666  1440
[133] [    13053535] 1 | True  True 00 (  815,  760)   4   630  1484
[134] [    13066037] 1 | True  True 00 (  803,  743)   4   671  1428
[135] [    13078559] 1 | True  True 00 (  793,  726)   4   686  1140
[136] [    13091058] 1 | True  True 00 (  783,  706)   4   714   824
[137] [    13103578] 1 | True  True 00 (  774,  684)   5   714   976
[138] [    13116081] 1 | True  True 00 (  768,  663)   3   589  1096
[139] [    13128580] 1 | True  True 00 (  763,  643)   4   638  1044
[140] [    13141097] 1 | True  True 00 (  758,  620)   4   759   960
[141] [    13153600] 1 | True  True 00 (  752,  596)   6   836   956
[142] [    13166115] 1 | True  True 00 (  749,  573)   4   720  1056
[143] [    13178618] 1 | True  True 00 (  749,  550)   4   637  1040
[144] [    13191124] 1 | True  True 00 (  750,  528)   4   666  1012
[145] [    13203619] 1 | True  True 00 (  751,  507)   4   703   944
[146] [    13216122] 1 | True  True 00 (  754,  484)   4   673   856
[147] [    13228639] 1 | True  True 00 (  759,  464)   4   739  1216
[148] [    13241157] 1 | True  True 00 (  765,  443)   4   697  1572
[149] [    13253679] 1 | True  True 00 (  772,  422)   3   635  1600
[150] [    13266198] 1 | True  True 00 (  780,  402)   3   639  1528
[151] [    13278724] 1 | True  True 00 (  790,  384)   5   719  1200
[152] [    13291239] 1 | True  True 00 (  804,  365)   4   700   984
[153] [    13303762] 1 | True  True 00 (  820,  347)   4   706   956
[154] [    13316262] 1 | True  True 00 (  837,  330)   4   690  1252
[155] [    13328761] 1 | True  True 00 (  853,  314)   4   659  1492
[156] [    13341281] 1 | True  True 00 (  869,  300)   4   641  1604
[157] [    13353802] 1 | True  True 00 (  886,  287)   4   690  1392
[158] [    13366321] 1 | True  True 00 (  907,  276)   4   658  1040
[159] [    13378848] 1 | True  True 00 (  928,  267)   4   700  1088
[160] [    13391363] 1 | True  True 00 (  950,  259)   4   687  1276
[161] [    13403866] 1 | True  True 00 (  969,  252)   4   699  1332
[162] [    13416390] 1 | True  True 00 (  990,  246)   4   662  1160
[163] [    13428907] 1 | True  True 00 ( 1014,  242)   4   713   932
[164] [    13441409] 1 | True  True 00 ( 1037,  239)   4   726  1012
[165] [    13453925] 1 | True  True 00 ( 1059,  238)   4   732  1248
[166] [    13466445] 1 | True  True 00 ( 1079,  237)   5   774  1380
[167] [    13478964] 1 | True  True 00 ( 1102,  238)   4   678  1188
[168] [    13491468] 1 | True  True 00 ( 1126,  240)   4   739  1000
[169] [    13503991] 1 | True  True 00 ( 1149,  244)   4   724  1344
[170] [    13516508] 1 | True  True 00 ( 1171,  250)   4   708  1648
[171] [    13529054] 1 | True  True 00 ( 1190,  255)   5   751  1692
[172] [    13541554] 1 | True  True 00 ( 1210,  263)   5   765  1480
[173] [    13554072] 1 | True  True 00 ( 1231,  272)   4   731  1164
[174] [    13566589] 1 | True  True 00 ( 1252,  284)   4   762  1036
[175] [    13579109] 1 | True  True 00 ( 1270,  297)   4   767   964
[176] [    13591639] 1 | True  True 00 ( 1287,  311)   4   764  1332
[177] [    13604132] 1 | True  True 00 ( 1301,  327)   4   743  1656
[178] [    13616619] 1 | True  True 00 ( 1313,  342)   4   678  1688
[179] [    13629114] 1 | True  True 00 ( 1325,  362)   5   793  1472
[180] [    13641637] 1 | True  True 00 ( 1336,  381)   5   788  1180
[181] [    13654156] 1 | True  True 00 ( 1351,  401)   4   777   936
[182] [    13666691] 1 | True  True 00 ( 1362,  421)   5   764  1052
[183] [    13679197] 1 | True  True 00 ( 1374,  441)   5   732  1156
[184] [    13691712] 1 | True  True 00 ( 1382,  462)   6   867  1212
[185] [    13704233] 1 | True  True 00 ( 1388,  484)   4   783  1024
[186] [    13716762] 1 | True  True 00 ( 1392,  505)   4   814   876
[187] [    13729275] 1 | True  True 00 ( 1396,  529)   4   751  1152
[188] [    13741797] 1 | True  True 00 ( 1397,  550)   5   797  1196
[189] [    13754316] 1 | True  True 00 ( 1397,  574)   4   732  1080
[190] [    13766843] 1 | True  True 00 ( 1395,  597)   4   751   944
[191] [    13779359] 1 | True  True 00 ( 1391,  621)   4   727  1048
[192] [    13791862] 1 | True  True 00 ( 1385,  643)   5   756  1312
[193] [    13804404] 1 | True  True 00 ( 1375,  664)   5   771  1668
[194] [    13816925] 1 | True  True 00 ( 1364,  685)   4   679  1652
[195] [    13829447] 1 | True  True 00 ( 1353,  705)   4   748  1476
[196] [    13841941] 1 | True  True 00 ( 1343,  725)   4   747  1092
[197] [    13854465] 1 | True  True 00 ( 1332,  744)   4   746  1056
[198] [    13867000] 1 | True  True 00 ( 1319,  762)   4   739  1044
[199] [    13879507] 1 | True  True 00 ( 1306,  779)   4   709  1292
[200] [    13892026] 1 | True  True 00 ( 1289,  794)   5   734  1512
[201] [    13904548] 1 | True  True 00 ( 1270,  809)   4   709  1720
[202] [    13917067] 1 | True  True 00 ( 1252,  821)   4   732  1484
[203] [    13929584] 1 | True  True 00 ( 1234,  834)   4   759  1176
[204] [    13942085] 1 | True  True 00 ( 1215,  845)   4   748  1008
[205] [    13954607] 1 | True  True 00 ( 1192,  854)   6   824  1196
[206] [    13967128] 1 | True  True 00 ( 1168,  862)   4   756  1196
[207] [    13979648] 1 | True  True 00 ( 1146,  869)   4   750   976
[208] [    13992150] 1 | True  True 00 ( 1126,  873)   4   738   800
[209] [    14004653] 1 | True  True 00 ( 1105,  876)   4   727   936
[210] [    14017167] 1 | True  True 00 ( 1081,  879)   6   797  1112
[211] [    14029667] 1 | True  True 00 ( 1057,  879)   4   716  1124
[212] [    14042187] 1 | True  True 00 ( 1035,  879)   4   744  1040
[213] [    14054693] 1 | True  True 00 ( 1014,  876)   4   718   868
[214] [    14067188] 1 | True  True 00 (  993,  873)   4   692  1104
[215] [    14079692] 1 | True  True 00 (  971,  867)   4   682  1456
[216] [    14092211] 1 | True  True 00 (  949,  860)   4   682  1612
[217] [    14104733] 1 | True  True 00 (  930,  851)   4   641  1472
[218] [    14117235] 1 | True  True 00 (  912,  841)   4   675  1244
[219] [    14129751] 1 | True  True 00 (  894,  829)   4   687   972
[220] [    14142256] 1 | True  True 00 (  876,  817)   4   668  1056
[221] [    14154773] 1 | True  True 00 (  855,  802)   5   693  1056
[222] [    14167276] 1 | True  True 00 (  837,  785)   3   614  1372
[223] [    14179791] 1 | True  True 00 (  821,  768)   3   592  1508
[224] [    14192310] 1 | True  True 00 (  809,  751)   3   598  1496
[225] [    14204815] 1 | True  True 00 (  798,  733)   4   688  1276
[226] [    14217308] 1 | True  True 00 (  788,  715)   4   688   932
[227] [    14229835] 1 | True  True 00 (  778,  695)   4   707   904
[228] [    14242351] 1 | True  True 00 (  771,  674)   4   679  1084
[229] [    14254860] 1 | True  True 00 (  765,  650)   5   750  1096
[230] [    14267376] 1 | True  True 00 (  760,  626)   4   740   960
[231] [    14279894] 1 | True  True 00 (  755,  603)   4   749   848
[232] [    14292417] 1 | True  True 00 (  752,  581)   4   719   956
[233] [    14304917] 1 | True  True 00 (  751,  560)   4   672  1084
[234] [    14317437] 1 | True  True 00 (  753,  538)   3   578  1140
[235] [    14329932] 1 | True  True 00 (  755,  516)   4   710  1056
[236] [    14342458] 1 | True  True 00 (  756,  496)   4   764  1000
[237] [    14354953] 1 | True  True 00 (  760,  473)   4   678  1088
[238] [    14367474] 1 | True  True 00 (  765,  454)   4   777  1428
[239] [    14379984] 1 | True  True 00 (  771,  434)   6   816  1644
[240] [    14392501] 1 | True  True 00 (  778,  414)   4   678  1572
[241] [    14405002] 1 | True  True 00 (  786,  394)   4   678  1344
[242] [    14417519] 1 | True  True 00 (  798,  375)   4   696  1028
[243] [    14430044] 1 | True  True 00 (  813,  356)   4   717   956
[244] [    14442542] 1 | True  True 00 (  830,  339)   4   697  1096
[245] [    14455063] 1 | True  True 00 (  847,  322)   4   665  1408
[246] [    14467583] 1 | True  True 00 (  863,  307)   4   661  1588
[247] [    14480086] 1 | True  True 00 (  880,  293)   5   699  1560
[248] [    14492582] 1 | True  True 00 (  899,  280)   4   649  1168
[249] [    14505078] 1 | True  True 00 (  921,  270)   4   693  1048
[250] [    14517583] 1 | True  True 00 (  941,  262)   4   723  1220
[251] [    14530098] 1 | True  True 00 (  962,  254)   4   699  1304
[252] [    14542621] 1 | True  True 00 (  982,  248)   4   683  1292
[253] [    14555121] 1 | True  True 00 ( 1004,  243)   4   703  1060
[254] [    14567621] 1 | True  True 00 ( 1027,  239)   4   730   868
[255] [    14580141] 1 | True  True 00 ( 1050,  237)   4   749  1160
[  0] [    14592663] 1 | True  True 00 ( 1070,  236)   4   741  1324
[  1] [    14605163] 1 | True  True 00 ( 1091,  237)   5   748  1308
[  2] [    14617663] 1 | True  True 00 ( 1114,  239)   4   732  1100
[  3] [    14630183] 1 | True  True 00 ( 1139,  242)   4   739  1196
[  4] [    14642700] 1 | True  True 00 ( 1162,  247)   4   729  1572
[  5] [    14655201] 1 | True  True 00 ( 1182,  253)   3   667  1724
[  6] [    14667723] 1 | True  True 00 ( 1200,  260)   5   754  1632
[  7] [    14680225] 1 | True  True 00 ( 1221,  269)   4   728  1316
[  8] [    14692729] 1 | True  True 00 ( 1242,  280)   5   825  1068
[  9] [    14705246] 1 | True  True 00 ( 1262,  292)   4   771  1008
[ 10] [    14717745] 1 | True  True 00 ( 1279,  306)   5   801  1104
[ 11] [    14730264] 1 | True  True 00 ( 1294,  322)   5   803  1516
[ 12] [    14742766] 1 | True  True 00 ( 1308,  337)   4   716  1688
[ 13] [    14755289] 1 | True  True 00 ( 1321,  352)   5   734  1608
[ 14] [    14767787] 1 | True  True 00 ( 1335,  368)   4   683  1332
[ 15] [    14780285] 1 | True  True 00 ( 1347,  389)   5   840  1028
[ 16] [    14792786] 1 | True  True 00 ( 1357,  410)   4   739  1156
[ 17] [    14805261] 1 | True  True 00 ( 1367,  431)   5   828  1232
[ 18] [    14817764] 1 | True  True 00 ( 1377,  453)   5   727  1084
[ 19] [    14830267] 1 | True  True 00 ( 1385,  475)   4   659   968
[ 20] [    14842782] 1 | True  True 00 ( 1388,  498)   5   807   844
[ 21] [    14855282] 1 | True  True 00 ( 1391,  520)   4   781  1020
[ 22] [    14867781] 1 | True  True 00 ( 1395,  544)   4   689  1228
[ 23] [    14880301] 1 | True  True 00 ( 1397,  567)   4   699  1184
[ 24] [    14892807] 1 | True  True 00 ( 1396,  588)   5   796  1048
[ 25] [    14905343] 1 | True  True 00 ( 1393,  611)   4   740   928
[ 26] [    14917846] 1 | True  True 00 ( 1388,  633)   5   776  1240
[ 27] [    14930350] 1 | True  True 00 ( 1381,  655)   4   684  1476
[ 28] [    14942868] 1 | True  True 00 ( 1370,  676)   5   741  1624
[ 29] [    14955366] 1 | True  True 00 ( 1359,  696)   4   692  1504
[ 30] [    14967885] 1 | True  True 00 ( 1348,  716)   4   759  1284
[ 31] [    14980387] 1 | True  True 00 ( 1337,  736)   4   761  1044
[ 32] [    14992891] 1 | True  True 00 ( 1325,  754)   4   757  1056
[ 33] [    15005405] 1 | True  True 00 ( 1313,  771)   4   721  1132
[ 34] [    15017905] 1 | True  True 00 ( 1297,  787)   5   742  1468
[ 35] [    15030424] 1 | True  True 00 ( 1278,  801)   5   756  1720
[ 36] [    15042929] 1 | True  True 00 ( 1259,  815)   4   715  1588
[ 37] [    15055444] 1 | True  True 00 ( 1241,  828)   4   751  1324
[ 38] [    15067945] 1 | True  True 00 ( 1223,  839)   4   739   940
[ 39] [    15080469] 1 | True  True 00 ( 1203,  849)   5   804  1108
[ 40] [    15092974] 1 | True  True 00 ( 1180,  858)   4   699  1212
[ 41] [    15105491] 1 | True  True 00 ( 1156,  865)   4   765  1108
[ 42] [    15118008] 1 | True  True 00 ( 1135,  870)   4   739   888
[ 43] [    15130531] 1 | True  True 00 ( 1115,  875)   4   754   864
[ 44] [    15143051] 1 | True  True 00 ( 1093,  878)   5   759  1024
[ 45] [    15155575] 1 | True  True 00 ( 1068,  879)   4   734  1184
[ 46] [    15168089] 1 | True  True 00 ( 1046,  878)   4   740  1124
[ 47] [    15180612] 1 | True  True 00 ( 1024,  876)   4   747   984
[ 48] [    15193117] 1 | True  True 00 ( 1004,  874)   4   706   904
[ 49] [    15205651] 1 | True  True 00 (  983,  869)   4   654  1216
[ 50] [    15218151] 1 | True  True 00 (  959,  863)   3   611  1528
[ 51] [    15230652] 1 | True  True 00 (  939,  855)   3   595  1512
[ 52] [    15243151] 1 | True  True 00 (  920,  846)   4   674  1416
[ 53] [    15255651] 1 | True  True 00 (  903,  835)   4   699  1116
[ 54] [    15268171] 1 | True  True 00 (  885,  822)   4   676  1016
[ 55] [    15280677] 1 | True  True 00 (  866,  809)   5   716  1028
[ 56] [    15293175] 1 | True  True 00 (  847,  793)   5   707  1264
[ 57] [    15305670] 1 | True  True 00 (  830,  776)   3   620  1508
[ 58] [    15318176] 1 | True  True 00 (  816,  758)   4   630  1524
[ 59] [    15330693] 1 | True  True 00 (  803,  740)   4   695  1388
[ 60] [    15343197] 1 | True  True 00 (  792,  723)   4   674  1056
[ 61] [    15355691] 1 | True  True 00 (  782,  703)   4   692   808
[ 62] [    15368193] 1 | True  True 00 (  773,  683)   4   698  1000
[ 63] [    15380675] 1 | True  True 00 (  766,  662)   3   591  1084
[ 64] [    15393193] 1 | True  True 00 (  761,  642)   3   589  1028
[ 65] [    15405696] 1 | True  True 00 (  756,  623)   4   632   932
[ 66] [    15418212] 1 | True  True 00 (  751,  600)   4   708   916
[ 67] [    15430714] 1 | True  True 00 (  750,  577)   4   643   888
[ 68] [    15443218] 1 | True  True 00 (  750,  553)   4   675  1100
[ 69] [    15455714] 1 | True  True 00 (  751,  529)   4   638   956
[ 70] [    15468218] 1 | True  True 00 (  753,  506)   4   676   900
[ 71] [    15480715] 1 | True  True 00 (  758,  485)   5   830   916
[ 72] [    15493218] 1 | True  True 00 (  762,  465)   5   825  1288
[ 73] [    15505715] 1 | True  True 00 (  767,  445)   4   708  1560
[ 74] [    15518213] 1 | True  True 00 (  774,  424)   3   624  1600
[ 75] [    15530738] 1 | True  True 00 (  781,  403)   5   745  1460
[ 76] [    15543237] 1 | True  True 00 (  792,  384)   4   673  1188
[ 77] [    15555755] 1 | True  True 00 (  806,  365)   4   703   972
[ 78] [    15568278] 1 | True  True 00 (  822,  347)   4   706   944
[ 79] [    15580777] 1 | True  True 00 (  839,  330)   4   687  1280
[ 80] [    15593296] 1 | True  True 00 (  855,  314)   4   659  1492
[ 81] [    15605812] 1 | True  True 00 (  870,  300)   4   640  1588
[ 82] [    15618333] 1 | True  True 00 (  888,  287)   4   644  1336
[ 83] [    15630835] 1 | True  True 00 (  909,  276)   4   690  1096
[ 84] [    15643337] 1 | True  True 00 (  930,  266)   4   729  1160
[ 85] [    15655861] 1 | True  True 00 (  952,  258)   4   695  1248
[ 86] [    15668361] 1 | True  True 00 (  972,  251)   4   689  1348
[ 87] [    15680858] 1 | True  True 00 (  993,  245)   4   685  1148
[ 88] [    15693357] 1 | True  True 00 ( 1016,  241)   4   705   888
[ 89] [    15705855] 1 | True  True 00 ( 1039,  238)   4   727  1028
[ 90] [    15718361] 1 | True  True 00 ( 1062,  237)   4   721  1264
[ 91] [    15730878] 1 | True  True 00 ( 1082,  237)   4   691  1380
[ 92] [    15743381] 1 | True  True 00 ( 1105,  239)   4   708  1188
[ 93] [    15755896] 1 | True  True 00 ( 1129,  241)   4   735  1044
[ 94] [    15768396] 1 | True  True 00 ( 1153,  245)   4   728  1360
[ 95] [    15780897] 1 | True  True 00 ( 1173,  250)   3   681  1680
[ 96] [    15793416] 1 | True  True 00 ( 1192,  256)   5   757  1724
[ 97] [    15805920] 1 | True  True 00 ( 1211,  265)   5   757  1480
[ 98] [    15818439] 1 | True  True 00 ( 1233,  275)   5   795  1120
[ 99] [    15830955] 1 | True  True 00 ( 1253,  287)   4   777  1008
[100] [    15843457] 1 | True  True 00 ( 1272,  300)   4   771   980
[101] [    15855979] 1 | True  True 00 ( 1288,  315)   5   813  1396
[102] [    15868499] 1 | True  True 00 ( 1303,  330)   4   729  1656
[103] [    15881021] 1 | True  True 00 ( 1316,  345)   4   712  1700
[104] [    15893540] 1 | True  True 00 ( 1329,  360)   4   690  1488
[105] [    15906045] 1 | True  True 00 ( 1342,  378)   4   663  1148
[106] [    15918563] 1 | True  True 00 ( 1355,  397)   4   688   844
[107] [    15931066] 1 | True  True 00 ( 1365,  418)   5   723   964
[108] [    15943582] 1 | True  True 00 ( 1373,  440)   6   876  1216
[109] [    15956084] 1 | True  True 00 ( 1381,  462)   4   774  1240
[110] [    15968607] 1 | True  True 00 ( 1388,  486)   4   724   880
[111] [    15981107] 1 | True  True 00 ( 1394,  511)   4   718   916
[112] [    15993626] 1 | True  True 00 ( 1396,  532)   4   785  1140
[113] [    16006128] 1 | True  True 00 ( 1398,  553)   5   779  1272
[114] [    16018642] 1 | True  True 00 ( 1398,  576)   4   725  1064
[115] [    16031141] 1 | True  True 00 ( 1395,  599)   4   743   988
[116] [    16043641] 1 | True  True 00 ( 1392,  621)   4   734  1048
[117] [    16056147] 1 | True  True 00 ( 1386,  644)   4   704  1356
[118] [    16068645] 1 | True  True 00 ( 1377,  665)   5   740  1592
[119] [    16081144] 1 | True  True 00 ( 1365,  686)   3   645  1652
[120] [    16093645] 1 | True  True 00 ( 1353,  706)   4   757  1460
[121] [    16106163] 1 | True  True 00 ( 1342,  726)   4   762  1032
[122] [    16118665] 1 | True  True 00 ( 1330,  745)   4   762  1088
[123] [    16131181] 1 | True  True 00 ( 1318,  763)   4   747  1044
[124] [    16143681] 1 | True  True 00 ( 1304,  779)   4   694  1248
[125] [    16156203] 1 | True  True 00 ( 1287,  795)   5   735  1556
[126] [    16168705] 1 | True  True 00 ( 1268,  809)   3   631  1616
[127] [    16181210] 1 | True  True 00 ( 1250,  823)   4   748  1456
[128] [    16193706] 1 | True  True 00 ( 1232,  834)   4   731  1100
[129] [    16206209] 1 | True  True 00 ( 1213,  845)   4   723  1008
[130] [    16218726] 1 | True  True 00 ( 1190,  854)   6   810  1168
[131] [    16231224] 1 | True  True 00 ( 1166,  862)   4   745  1152
[132] [    16243744] 1 | True  True 00 ( 1144,  869)   4   747   964
[133] [    16256246] 1 | True  True 00 ( 1124,  873)   4   759   804
[134] [    16268749] 1 | True  True 00 ( 1102,  876)   4   721   956
[135] [    16281263] 1 | True  True 00 ( 1077,  878)   6   813  1124
[136] [    16293782] 1 | True  True 00 ( 1054,  878)   4   742  1156
[137] [    16306288] 1 | True  True 00 ( 1033,  878)   4   722  1012
[138] [    16318804] 1 | True  True 00 ( 1013,  876)   4   729   884
[139] [    16331304] 1 | True  True 00 (  992,  872)   4   721  1160
[140] [    16343805] 1 | True  True 00 (  970,  867)   4   700  1472
[141] [    16356324] 1 | True  True 00 (  948,  859)   3   617  1572
[142] [    16368833] 1 | True  True 00 (  928,  851)   4   659  1512
[143] [    16381326] 1 | True  True 00 (  911,  841)   4   683  1272
[144] [    16393828] 1 | True  True 00 (  893,  830)   4   694  1028
[145] [    16406351] 1 | True  True 00 (  874,  816)   4   653  1028
[146] [    16418870] 1 | True  True 00 (  854,  801)   6   763  1084
[147] [    16431372] 1 | True  True 00 (  835,  784)   4   679  1412
[148] [    16443867] 1 | True  True 00 (  820,  767)   3   585  1508
[149] [    16456389] 1 | True  True 00 (  807,  750)   4   663  1484
[150] [    16468909] 1 | True  True 00 (  795,  732)   4   698  1248
[151] [    16481426] 1 | True  True 00 (  785,  713)   4   699   880
[152] [    16493927] 1 | True  True 00 (  776,  692)   4   698   892
[153] [    16506449] 1 | True  True 00 (  768,  670)   5   759  1140
[154] [    16518971] 1 | True  True 00 (  764,  650)   3   591  1124
[155] [    16531470] 1 | True  True 00 (  757,  630)   5   729  1016
[156] [    16543997] 1 | True  True 00 (  753,  607)   4   733   872
[157] [    16556511] 1 | True  True 00 (  750,  583)   5   813  1100
[158] [    16569017] 1 | True  True 00 (  748,  559)   6   802  1096
[159] [    16581515] 1 | True  True 00 (  750,  537)   5   721  1152
[160] [    16594034] 1 | True  True 00 (  752,  516)   4   671  1000
[161] [    16606550] 1 | True  True 00 (  755,  493)   4   638   732
[162] [    16619070] 1 | True  True 00 (  760,  470)   4   685  1100
[163] [    16631580] 1 | True  True 00 (  765,  446)   4   656  1460
[164] [    16644076] 1 | True  True 00 (  772,  427)   4   691  1644
[165] [    16656614] 1 | True  True 00 (  779,  409)   5   745  1528
[166] [    16669115] 1 | True  True 00 (  788,  390)   4   688  1328
[167] [    16681619] 1 | True  True 00 (  801,  372)   4   707   972
[168] [    16694114] 1 | True  True 00 (  816,  354)   4   706   944
[169] [    16706617] 1 | True  True 00 (  832,  336)   4   694  1112
[170] [    16719119] 1 | True  True 00 (  848,  320)   4   661  1380
[171] [    16731633] 1 | True  True 00 (  863,  306)   4   673  1620
[172] [    16744153] 1 | True  True 00 (  879,  292)   5   728  1576
[173] [    16756655] 1 | True  True 00 (  899,  280)   4   703  1208
[174] [    16769173] 1 | True  True 00 (  921,  269)   4   722  1060
[175] [    16781673] 1 | True  True 00 (  943,  260)   4   723  1248
[176] [    16794195] 1 | True  True 00 (  963,  253)   4   717  1364
[177] [    16806717] 1 | True  True 00 (  983,  247)   4   665  1232
[178] [    16819217] 1 | True  True 00 ( 1006,  243)   4   682   976
[179] [    16831736] 1 | True  True 00 ( 1029,  240)   4   714   924
[180] [    16844258] 1 | True  True 00 ( 1052,  239)   4   701  1144
[181] [    16856757] 1 | True  True 00 ( 1073,  237)   4   718  1352
[182] [    16869275] 1 | True  True 00 ( 1094,  238)   4   681  1264
[183] [    16881781] 1 | True  True 00 ( 1118,  240)   4   729  1072
[184] [    16894298] 1 | True  True 00 ( 1142,  243)   4   735  1240
[185] [    16906799] 1 | True  True 00 ( 1164,  248)   4   714  1512
[186] [    16919317] 1 | True  True 00 ( 1183,  253)   4   725  1756
[187] [    16931826] 1 | True  True 00 ( 1204,  260)   5   759  1604
[188] [    16944341] 1 | True  True 00 ( 1225,  269)   4   724  1272
[189] [    16956860] 1 | True  True 00 ( 1246,  280)   4   742  1036
[190] [    16969381] 1 | True  True 00 ( 1265,  292)   4   744  1008
[191] [    16981880] 1 | True  True 00 ( 1283,  306)   4   760  1180
[192] [    16994399] 1 | True  True 00 ( 1297,  321)   4   774  1564
[193] [    17006905] 1 | True  True 00 ( 1311,  337)   4   694  1688
[194] [    17019423] 1 | True  True 00 ( 1323,  354)   6   877  1596
[195] [    17031919] 1 | True  True 00 ( 1334,  374)   5   813  1256
[196] [    17044442] 1 | True  True 00 ( 1348,  393)   4   698   996
[197] [    17056944] 1 | True  True 00 ( 1361,  414)   4   803  1144
[198] [    17069465] 1 | True  True 00 ( 1373,  434)   4   697  1052
[199] [    17081983] 1 | True  True 00 ( 1382,  454)   5   826  1256
[200] [    17094506] 1 | True  True 00 ( 1389,  477)   4   739  1052
[201] [    17107026] 1 | True  True 00 ( 1394,  500)   4   714   752
[202] [    17119543] 1 | True  True 00 ( 1397,  524)   4   704  1020
[203] [    17132044] 1 | True  True 00 ( 1399,  544)   5   792  1184
[204] [    17144566] 1 | True  True 00 ( 1400,  566)   5   784  1244
[205] [    17157088] 1 | True  True 00 ( 1398,  589)   4   721   976
[206] [    17169587] 1 | True  True 00 ( 1394,  612)   4   736   928
[207] [    17182086] 1 | True  True 00 ( 1389,  635)   4   727  1240
[208] [    17194592] 1 | True  True 00 ( 1382,  656)   5   767  1548
[209] [    17207105] 1 | True  True 00 ( 1370,  678)   5   721  1652
[210] [    17219588] 1 | True  True 00 ( 1358,  698)   4   724  1548
[211] [    17232087] 1 | True  True 00 ( 1347,  718)   4   762  1256
[212] [    17244587] 1 | True  True 00 ( 1336,  737)   4   751  1044
[213] [    17257066] 1 | True  True 00 ( 1325,  755)   4   750  1100
[214] [    17269571] 1 | True  True 00 ( 1312,  772)   4   717  1160
[215] [    17282068] 1 | True  True 00 ( 1296,  788)   5   757  1468
[216] [    17294546] 1 | True  True 00 ( 1276,  803)   5   737  1688
[217] [    17307048] 1 | True  True 00 ( 1258,  816)   4   704  1572
[218] [    17319543] 1 | True  True 00 ( 1240,  829)   4   746  1276
[219] [    17332067] 1 | True  True 00 ( 1222,  839)   4   731   932
[220] [    17344570] 1 | True  True 00 ( 1201,  849)   5   772  1108
[221] [    17357083] 1 | True  True 00 ( 1177,  858)   4   727  1240
[222] [    17369609] 1 | True  True 00 ( 1155,  865)   4   776  1092
[223] [    17382125] 1 | True  True 00 ( 1134,  871)   4   734   844
[224] [    17394644] 1 | True  True 00 ( 1113,  875)   4   736   840
[225] [    17407168] 1 | True  True 00 ( 1090,  878)   5   756  1056
[226] [    17419684] 1 | True  True 00 ( 1066,  879)   4   726  1168
[227] [    17432195] 1 | True  True 00 ( 1044,  879)   4   733  1084
[228] [    17444732] 1 | True  True 00 ( 1023,  877)   4   746   968
[229] [    17457254] 1 | True  True 00 ( 1002,  873)   4   732  1020
[230] [    17469772] 1 | True  True 00 (  980,  868)   4   672  1328
[231] [    17482289] 1 | True  True 00 (  957,  862)   3   642  1584
[232] [    17494809] 1 | True  True 00 (  936,  854)   3   602  1472
[233] [    17507332] 1 | True  True 00 (  918,  845)   4   660  1372
[234] [    17519858] 1 | True  True 00 (  900,  834)   4   682  1020
[235] [    17532372] 1 | True  True 00 (  882,  822)   4   664  1040
[236] [    17544892] 1 | True  True 00 (  863,  808)   4   645  1040
[237] [    17557397] 1 | True  True 00 (  844,  793)   4   657  1264
[238] [    17569915] 1 | True  True 00 (  827,  776)   4   666  1456
[239] [    17582438] 1 | True  True 00 (  813,  758)   4   627  1484
[240] [    17594941] 1 | True  True 00 (  801,  740)   4   681  1360
[241] [    17607458] 1 | True  True 00 (  790,  723)   4   671  1028
[242] [    17619957] 1 | True  True 00 (  781,  703)   4   697   824
[243] [    17632456] 1 | True  True 00 (  772,  681)   5   745  1016
[244] [    17644983] 1 | True  True 00 (  766,  660)   4   623  1044
[245] [    17657498] 1 | True  True 00 (  760,  636)   5   771  1016
[246] [    17670018] 1 | True  True 00 (  755,  615)   4   681   876
[247] [    17682523] 1 | True  True 00 (  752,  592)   4   684   816
[248] [    17695041] 1 | True  True 00 (  750,  569)   6   838  1040
[249] [    17707536] 1 | True  True 00 (  752,  546)   4   643  1168
[250] [    17720039] 1 | True  True 00 (  752,  525)   5   771  1096
[251] [    17732556] 1 | True  True 00 (  753,  504)   4   711   888
[252] [    17745085] 1 | True  True 00 (  755,  484)   4   786   956
[253] [    17757618] 1 | True  True 00 (  762,  460)   4   673  1272
[254] [    17770119] 1 | True  True 00 (  768,  441)   5   780  1560
[255] [    17782639] 1 | True  True 00 (  775,  422)   4   720  1616
[  0] [    17795144] 1 | True  True 00 (  782,  402)   4   685  1444
[  1] [    17807663] 1 | True  True 00 (  793,  382)   4   676  1128
[  2] [    17820199] 1 | True  True 00 (  808,  364)   4   711   972
[  3] [    17832706] 1 | True  True 00 (  824,  345)   4   694   956
[  4] [    17845225] 1 | True  True 00 (  841,  328)   4   680  1296
[  5] [    17857748] 1 | True  True 00 (  857,  313)   4   662  1520
[  6] [    17870248] 1 | True  True 00 (  872,  299)   5   703  1560
[  7] [    17882747] 1 | True  True 00 (  891,  286)   3   617  1352
[  8] [    17895266] 1 | True  True 00 (  913,  275)   4   678   972
[  9] [    17907768] 1 | True  True 00 (  934,  265)   4   712  1148
[ 10] [    17920287] 1 | True  True 00 (  954,  257)   4   717  1292
[ 11] [    17932782] 1 | True  True 00 (  973,  251)   4   674  1332
[ 12] [    17945303] 1 | True  True 00 (  994,  245)   4   674  1120
[ 13] [    17957826] 1 | True  True 00 ( 1018,  241)   4   720   860
[ 14] [    17970332] 1 | True  True 00 ( 1042,  239)   4   720  1088
[ 15] [    17982845] 1 | True  True 00 ( 1063,  238)   4   731  1276
[ 16] [    17995368] 1 | True  True 00 ( 1083,  238)   4   683  1336
[ 17] [    18007866] 1 | True  True 00 ( 1107,  239)   5   774  1144
[ 18] [    18020368] 1 | True  True 00 ( 1131,  241)   4   737  1072
[ 19] [    18032891] 1 | True  True 00 ( 1155,  245)   4   733  1408
[ 20] [    18045406] 1 | True  True 00 ( 1176,  250)   3   651  1648
[ 21] [    18057909] 1 | True  True 00 ( 1194,  257)   5   754  1708
[ 22] [    18070446] 1 | True  True 00 ( 1216,  265)   5   744  1392
[ 23] [    18082953] 1 | True  True 00 ( 1238,  276)   4   746  1088
[ 24] [    18095472] 1 | True  True 00 ( 1257,  287)   4   743   992
[ 25] [    18107995] 1 | True  True 00 ( 1275,  301)   4   760  1028
[ 26] [    18120514] 1 | True  True 00 ( 1291,  316)   4   754  1380
[ 27] [    18133016] 1 | True  True 00 ( 1304,  331)   5   784  1640
[ 28] [    18145534] 1 | True  True 00 ( 1317,  350)   6   885  1716
[ 29] [    18158058] 1 | True  True 00 ( 1328,  370)   5   845  1456
[ 30] [    18170574] 1 | True  True 00 ( 1340,  390)   6   907  1148
[ 31] [    18183113] 1 | True  True 00 ( 1353,  409)   5   866  1084
[ 32] [    18195633] 1 | True  True 00 ( 1365,  429)   5   838  1200
[ 33] [    18208139] 1 | True  True 00 ( 1376,  449)   6   806  1096
[ 34] [    18220656] 1 | True  True 00 ( 1384,  469)   5   765  1140
[ 35] [    18233153] 1 | True  True 00 ( 1390,  491)   4   681   824
[ 36] [    18245674] 1 | True  True 00 ( 1395,  515)   4   687   900
[ 37] [    18258204] 1 | True  True 00 ( 1397,  539)   3   625  1096
[ 38] [    18270716] 1 | True  True 00 ( 1397,  559)   5   812  1244
[ 39] [    18283239] 1 | True  True 00 ( 1397,  581)   4   725  1020
[ 40] [    18295758] 1 | True  True 00 ( 1394,  603)   4   743   944
[ 41] [    18308284] 1 | True  True 00 ( 1390,  625)   4   738  1120
[ 42] [    18320779] 1 | True  True 00 ( 1383,  647)   4   693  1356
[ 43] [    18333303] 1 | True  True 00 ( 1373,  667)   5   773  1652
[ 44] [    18345807] 1 | True  True 00 ( 1362,  688)   4   698  1640
[ 45] [    18358321] 1 | True  True 00 ( 1352,  708)   4   750  1416
[ 46] [    18370827] 1 | True  True 00 ( 1341,  728)   4   751  1048
[ 47] [    18383345] 1 | True  True 00 ( 1330,  747)   4   754  1088
[ 48] [    18395867] 1 | True  True 00 ( 1318,  765)   4   729  1044
[ 49] [    18408386] 1 | True  True 00 ( 1303,  781)   5   736  1324
[ 50] [    18420901] 1 | True  True 00 ( 1284,  797)   5   756  1660
[ 51] [    18433402] 1 | True  True 00 ( 1265,  812)   4   718  1688
[ 52] [    18445904] 1 | True  True 00 ( 1247,  824)   4   729  1412
[ 53] [    18458422] 1 | True  True 00 ( 1229,  836)   4   750  1072
[ 54] [    18470931] 1 | True  True 00 ( 1211,  846)   4   734  1052
[ 55] [    18483427] 1 | True  True 00 ( 1188,  855)   6   790  1180
[ 56] [    18495950] 1 | True  True 00 ( 1165,  863)   4   744  1180
[ 57] [    18508469] 1 | True  True 00 ( 1143,  870)   4   735   928
[ 58] [    18520992] 1 | True  True 00 ( 1123,  875)   4   755   784
[ 59] [    18533510] 1 | True  True 00 ( 1101,  878)   4   728   980
[ 60] [    18546027] 1 | True  True 00 ( 1075,  880)   4   709  1136
[ 61] [    18558551] 1 | True  True 00 ( 1052,  880)   4   744  1156
[ 62] [    18571074] 1 | True  True 00 ( 1031,  879)   4   742   996
[ 63] [    18583593] 1 | True  True 00 ( 1010,  876)   4   729   904
[ 64] [    18596114] 1 | True  True 00 (  990,  871)   4   699  1172
[ 65] [    18608633] 1 | True  True 00 (  967,  865)   4   686  1472
[ 66] [    18621149] 1 | True  True 00 (  944,  858)   4   689  1584
[ 67] [    18633650] 1 | True  True 00 (  925,  848)   3   606  1444
[ 68] [    18646174] 1 | True  True 00 (  908,  838)   4   701  1272
[ 69] [    18658678] 1 | True  True 00 (  891,  827)   4   670   988
[ 70] [    18671191] 1 | True  True 00 (  872,  814)   5   695  1016
[ 71] [    18683698] 1 | True  True 00 (  852,  799)   5   720  1112
[ 72] [    18696196] 1 | True  True 00 (  834,  782)   3   620  1440
[ 73] [    18708715] 1 | True  True 00 (  818,  764)   4   637  1468
[ 74] [    18721218] 1 | True  True 00 (  805,  747)   4   664  1428
[ 75] [    18733732] 1 | True  True 00 (  794,  729)   4   692  1168
[ 76] [    18746251] 1 | True  True 00 (  785,  710)   4   673   852
[ 77] [    18758757] 1 | True  True 00 (  776,  690)   4   694   960
[ 78] [    18771253] 1 | True  True 00 (  769,  668)   4   676  1140
[ 79] [    18783757] 1 | True  True 00 (  764,  648)   3   595  1084
[ 80] [    18796274] 1 | True  True 00 (  758,  624)   4   720   904
[ 81] [    18808777] 1 | True  True 00 (  753,  603)   4   690   848
[ 82] [    18821292] 1 | True  True 00 (  749,  580)   4   667  1000
[ 83] [    18833801] 1 | True  True 00 (  746,  557)   4   723  1168
[ 84] [    18846318] 1 | True  True 00 (  747,  535)   4   723  1168
[ 85] [    18858837] 1 | True  True 00 (  749,  513)   4   724  1012
[ 86] [    18871360] 1 | True  True 00 (  753,  490)   4   673   784
[ 87] [    18883859] 1 | True  True 00 (  759,  466)   4   636  1128
[ 88] [    18896378] 1 | True  True 00 (  765,  447)   4   743  1500
[ 89] [    18908880] 1 | True  True 00 (  772,  428)   4   697  1628
[ 90] [    18921397] 1 | True  True 00 (  779,  409)   6   796  1572
[ 91] [    18933901] 1 | True  True 00 (  789,  390)   5   727  1228
[ 92] [    18946415] 1 | True  True 00 (  802,  371)   4   660   928
[ 93] [    18958925] 1 | True  True 00 (  817,  353)   4   705   956
[ 94] [    18971438] 1 | True  True 00 (  833,  335)   4   697  1152
[ 95] [    18983965] 1 | True  True 00 (  850,  318)   4   643  1436
[ 96] [    18996459] 1 | True  True 00 (  866,  303)   4   659  1632
[ 97] [    19008981] 1 | True  True 00 (  882,  290)   4   658  1448
[ 98] [    19021500] 1 | True  True 00 (  902,  279)   3   610  1152
[ 99] [    19034003] 1 | True  True 00 (  924,  270)   4   700  1104
[100] [    19046519] 1 | True  True 00 (  945,  262)   4   705  1260
[101] [    19059019] 1 | True  True 00 (  965,  255)   4   698  1348
[102] [    19071521] 1 | True  True 00 (  985,  248)   6   762  1204
[103] [    19084046] 1 | True  True 00 ( 1008,  243)   4   702   960
[104] [    19096562] 1 | True  True 00 ( 1032,  240)   4   711  1028
[105] [    19109062] 1 | True  True 00 ( 1055,  239)   4   720  1204
[106] [    19121588] 1 | True  True 00 ( 1076,  237)   4   704  1368
[107] [    19134082] 1 | True  True 00 ( 1099,  239)   4   689  1292
[108] [    19146603] 1 | True  True 00 ( 1123,  240)   4   701   984
[109] [    19159103] 1 | True  True 00 ( 1146,  243)   4   721  1272
[110] [    19171601] 1 | True  True 00 ( 1168,  248)   4   730  1588
[111] [    19184120] 1 | True  True 00 ( 1186,  253)   3   652  1724
[112] [    19196647] 1 | True  True 00 ( 1204,  261)   5   746  1556
[113] [    19209162] 1 | True  True 00 ( 1226,  270)   4   704  1224
[114] [    19221685] 1 | True  True 00 ( 1247,  281)   4   747  1024
[115] [    19234191] 1 | True  True 00 ( 1266,  294)   4   764   964
[116] [    19246704] 1 | True  True 00 ( 1283,  309)   4   772  1288
[117] [    19259227] 1 | True  True 00 ( 1298,  325)   5   825  1608
[118] [    19271746] 1 | True  True 00 ( 1311,  340)   4   705  1764
[119] [    19284265] 1 | True  True 00 ( 1324,  356)   5   720  1548
[120] [    19296769] 1 | True  True 00 ( 1337,  373)   4   701  1256
[121] [    19309286] 1 | True  True 00 ( 1350,  393)   4   764  1052
[122] [    19321790] 1 | True  True 00 ( 1362,  413)   4   689   904
[123] [    19334313] 1 | True  True 00 ( 1373,  434)   4   675  1040
[124] [    19346811] 1 | True  True 00 ( 1379,  455)   7   925  1200
[125] [    19359330] 1 | True  True 00 ( 1386,  477)   5   762  1052
[126] [    19371831] 1 | True  True 00 ( 1391,  499)   4   809   888
[127] [    19384334] 1 | True  True 00 ( 1394,  522)   5   811  1064
[128] [    19396848] 1 | True  True 00 ( 1396,  544)   5   789  1184
[129] [    19409348] 1 | True  True 00 ( 1397,  568)   4   699  1124
[130] [    19421847] 1 | True  True 00 ( 1396,  591)   6   832   988
[131] [    19434347] 1 | True  True 00 ( 1393,  614)   4   726   960
[132] [    19446847] 1 | True  True 00 ( 1387,  638)   4   709  1300
[133] [    19459347] 1 | True  True 00 ( 1380,  659)   5   730  1504
[134] [    19471867] 1 | True  True 00 ( 1369,  681)   5   736  1652
[135] [    19484373] 1 | True  True 00 ( 1357,  701)   4   729  1504
[136] [    19496889] 1 | True  True 00 ( 1346,  720)   4   740  1164
[137] [    19509393] 1 | True  True 00 ( 1335,  739)   4   740  1044
[138] [    19521888] 1 | True  True 00 ( 1323,  757)   4   739  1044
[139] [    19534388] 1 | True  True 00 ( 1310,  775)   4   710  1220
[140] [    19546890] 1 | True  True 00 ( 1294,  790)   5   756  1512
[141] [    19559387] 1 | True  True 00 ( 1274,  806)   4   679  1660
[142] [    19571908] 1 | True  True 00 ( 1255,  819)   4   740  1528
[143] [    19584410] 1 | True  True 00 ( 1237,  832)   4   740  1176
[144] [    19596911] 1 | True  True 00 ( 1219,  843)   4   741   932
[145] [    19609412] 1 | True  True 00 ( 1199,  852)   5   753  1124
[146] [    19621915] 1 | True  True 00 ( 1175,  861)   4   742  1240
[147] [    19634412] 1 | True  True 00 ( 1153,  867)   4   740  1036
[148] [    19646934] 1 | True  True 00 ( 1132,  873)   4   742   828
[149] [    19659431] 1 | True  True 00 ( 1111,  876)   4   720   864
[150] [    19671950] 1 | True  True 00 ( 1089,  878)   5   747  1056
[151] [    19684471] 1 | True  True 00 ( 1065,  879)   4   720  1156
[152] [    19696970] 1 | True  True 00 ( 1043,  879)   4   719  1040
[153] [    19709489] 1 | True  True 00 ( 1021,  877)   4   746   984
[154] [    19721995] 1 | True  True 00 ( 1000,  873)   4   692  1020
[155] [    19734492] 1 | True  True 00 (  977,  868)   4   672  1372
[156] [    19747016] 1 | True  True 00 (  955,  861)   3   642  1640
[157] [    19759531] 1 | True  True 00 (  935,  853)   4   655  1512
[158] [    19772034] 1 | True  True 00 (  917,  843)   4   652  1300
[159] [    19784538] 1 | True  True 00 (  899,  833)   4   692  1020
[160] [    19797055] 1 | True  True 00 (  881,  821)   4   667  1068
[161] [    19809553] 1 | True  True 00 (  861,  807)   5   691  1016
[162] [    19822073] 1 | True  True 00 (  842,  790)   5   729  1344
[163] [    19834575] 1 | True  True 00 (  826,  773)   3   609  1496
[164] [    19847078] 1 | True  True 00 (  811,  755)   4   635  1440
[165] [    19859592] 1 | True  True 00 (  799,  737)   4   670  1292
[166] [    19872112] 1 | True  True 00 (  789,  719)   4   685   988
[167] [    19884617] 1 | True  True 00 (  780,  699)   4   697   864
[168] [    19897132] 1 | True  True 00 (  772,  678)   4   705  1084
[169] [    19909653] 1 | True  True 00 (  765,  656)   4   661  1084
[170] [    19922162] 1 | True  True 00 (  760,  633)   4   722  1016
[171] [    19934676] 1 | True  True 00 (  755,  613)   4   671   892
[172] [    19947182] 1 | True  True 00 (  751,  590)   5   804   944
[173] [    19959700] 1 | True  True 00 (  749,  567)   4   679  1056
[174] [    19972196] 1 | True  True 00 (  751,  543)   3   613  1252
[175] [    19984699] 1 | True  True 00 (  752,  522)   4   690   988
[176] [    19997221] 1 | True  True 00 (  755,  500)   4   718  1056
[177] [    20009720] 1 | True  True 00 (  758,  479)   4   724  1000
[178] [    20022238] 1 | True  True 00 (  764,  457)   4   743  1416
[179] [    20034756] 1 | True  True 00 (  770,  438)   6   825  1600
[180] [    20047256] 1 | True  True 00 (  777,  418)   3   635  1616
[181] [    20059758] 1 | True  True 00 (  785,  398)   5   742  1428
[182] [    20072276] 1 | True  True 00 (  796,  379)   5   726  1072
[183] [    20084778] 1 | True  True 00 (  810,  361)   5   732   928
[184] [    20097280] 1 | True  True 00 (  827,  343)   4   687  1012
[185] [    20109784] 1 | True  True 00 (  843,  326)   4   662  1280
[186] [    20122301] 1 | True  True 00 (  858,  311)   4   675  1560
[187] [    20134800] 1 | True  True 00 (  874,  297)   5   701  1588
[188] [    20147319] 1 | True  True 00 (  893,  284)   4   653  1240
[189] [    20159841] 1 | True  True 00 (  914,  273)   4   692   976
[190] [    20172362] 1 | True  True 00 (  936,  264)   4   694  1132
[191] [    20184879] 1 | True  True 00 (  956,  256)   4   721  1304
[192] [    20197399] 1 | True  True 00 (  977,  249)   5   712  1320
[193] [    20209909] 1 | True  True 00 (  999,  244)   4   674  1076
[194] [    20222424] 1 | True  True 00 ( 1022,  241)   4   713   880
[195] [    20234923] 1 | True  True 00 ( 1045,  238)   4   731  1088
[196] [    20247442] 1 | True  True 00 ( 1067,  237)   4   709  1292
[197] [    20259946] 1 | True  True 00 ( 1087,  237)   4   699  1336
[198] [    20272461] 1 | True  True 00 ( 1110,  238)   4   690  1116
[199] [    20284968] 1 | True  True 00 ( 1134,  241)   4   743  1120
[200] [    20297490] 1 | True  True 00 ( 1157,  245)   4   732  1468
[201] [    20310006] 1 | True  True 00 ( 1177,  251)   4   708  1664
[202] [    20322503] 1 | True  True 00 ( 1195,  258)   5   736  1620
[203] [    20335005] 1 | True  True 00 ( 1217,  267)   5   755  1392
[204] [    20347501] 1 | True  True 00 ( 1238,  276)   4   711  1028
[205] [    20360002] 1 | True  True 00 ( 1259,  288)   4   759  1036
[206] [    20372524] 1 | True  True 00 ( 1276,  301)   4   756   996
[207] [    20385027] 1 | True  True 00 ( 1292,  317)   4   750  1424
[208] [    20397530] 1 | True  True 00 ( 1305,  333)   6   821  1672
[209] [    20410027] 1 | True  True 00 ( 1319,  348)   5   740  1640
[210] [    20422545] 1 | True  True 00 ( 1332,  365)   4   699  1440
[211] [    20435045] 1 | True  True 00 ( 1342,  384)   5   783  1120
[212] [    20447545] 1 | True  True 00 ( 1354,  405)   5   836  1068
[213] [    20460065] 1 | True  True 00 ( 1366,  427)   4   735  1068
[214] [    20472567] 1 | True  True 00 ( 1376,  448)   4   770  1240
[215] [    20485070] 1 | True  True 00 ( 1386,  470)   4   697  1184
[216] [    20497584] 1 | True  True 00 ( 1393,  492)   4   714   880
[217] [    20510104] 1 | True  True 00 ( 1397,  514)   6   855   916
[218] [    20522589] 1 | True  True 00 ( 1400,  538)   4   700  1184
[219] [    20535089] 1 | True  True 00 ( 1402,  560)   4   701  1228
[220] [    20547608] 1 | True  True 00 ( 1400,  581)   5   783  1032
[221] [    20560102] 1 | True  True 00 ( 1396,  604)   4   743   944
[222] [    20572611] 1 | True  True 00 ( 1391,  627)   4   708  1108
[223] [    20585087] 1 | True  True 00 ( 1384,  649)   4   694  1388
[224] [    20597606] 1 | True  True 00 ( 1375,  671)   5   752  1668
[225] [    20610106] 1 | True  True 00 ( 1364,  692)   5   748  1592
[226] [    20622602] 1 | True  True 00 ( 1352,  712)   4   752  1372
[227] [    20635126] 1 | True  True 00 ( 1341,  732)   4   751  1000
[228] [    20647629] 1 | True  True 00 ( 1329,  750)   4   757  1116
[229] [    20660101] 1 | True  True 00 ( 1316,  768)   4   728  1088
[230] [    20672627] 1 | True  True 00 ( 1302,  784)   4   684  1380
[231] [    20685123] 1 | True  True 00 ( 1284,  799)   5   726  1644
[232] [    20697603] 1 | True  True 00 ( 1264,  813)   4   703  1616
[233] [    20710129] 1 | True  True 00 ( 1245,  826)   4   747  1336
[234] [    20722624] 1 | True  True 00 ( 1227,  837)   4   742  1028
[235] [    20735127] 1 | True  True 00 ( 1209,  847)   4   716  1008
[236] [    20747642] 1 | True  True 00 ( 1186,  856)   5   769  1240
[237] [    20760151] 1 | True  True 00 ( 1163,  864)   4   756  1124
[238] [    20772667] 1 | True  True 00 ( 1142,  870)   4   735   928
[239] [    20785166] 1 | True  True 00 ( 1122,  875)   4   755   768
[240] [    20797665] 1 | True  True 00 ( 1100,  878)   4   715  1008
[241] [    20810165] 1 | True  True 00 ( 1075,  880)   4   680  1124
[242] [    20822665] 1 | True  True 00 ( 1052,  880)   4   744  1124
[243] [    20835171] 1 | True  True 00 ( 1029,  879)   4   743   984
[244] [    20847684] 1 | True  True 00 ( 1009,  875)   4   731   904
[245] [    20860187] 1 | True  True 00 (  987,  871)   4   682  1216
[246] [    20872689] 1 | True  True 00 (  964,  865)   4   667  1456
[247] [    20885204] 1 | True  True 00 (  943,  858)   3   621  1572
[248] [    20897703] 1 | True  True 00 (  924,  849)   6   746  1400
[249] [    20910209] 1 | True  True 00 (  907,  838)   4   686  1188
[250] [    20922707] 1 | True  True 00 (  890,  827)   4   687  1028
[251] [    20935228] 1 | True  True 00 (  871,  814)   4   677  1112
[252] [    20947724] 1 | True  True 00 (  852,  798)   5   700  1180
[253] [    20960225] 1 | True  True 00 (  834,  780)   3   593  1400
[254] [    20972728] 1 | True  True 00 (  819,  763)   3   592  1508
[255] [    20985243] 1 | True  True 00 (  806,  747)   3   588  1456
[  0] [    20997764] 1 | True  True 00 (  796,  730)   4   681  1180
[  1] [    21010266] 1 | True  True 00 (  785,  710)   4   707   824
[  2] [    21022768] 1 | True  True 00 (  775,  689)   5   752   920
[  3] [    21035272] 1 | True  True 00 (  767,  667)   4   660  1072
[  4] [    21047789] 1 | True  True 00 (  762,  646)   3   608  1096
[  5] [        6546] 1 | True  True 00 (  756,  628)   4   618   944
[  6] [       19048] 1 | True  True 00 (  752,  608)   4   644   820
[  7] [       31551] 1 | True  True 00 (  748,  583)   5   818  1084
[  8] [       44065] 1 | True  True 00 (  748,  559)   4   620   956
[  9] [       56585] 1 | True  True 00 (  748,  536)   6   825  1196
[ 10] [       69091] 1 | True  True 00 (  750,  513)   4   675   900
[ 11] [       81609] 1 | True  True 00 (  754,  488)   4   646   816
[ 12] [       94105] 1 | True  True 00 (  760,  463)   4   650  1200
[ 13] [      106626] 1 | True  True 00 (  767,  443)   4   708  1516
[ 14] [      119116] 1 | True  True 00 (  773,  423)   3   631  1628
[ 15] [      131631] 1 | True  True 00 (  780,  405)   4   695  1560
[ 16] [      144154] 1 | True  True 00 (  790,  386)   4   674  1272
[ 17] [      156667] 1 | True  True 00 (  803,  368)   4   700   956
[ 18] [      169176] 1 | True  True 00 (  818,  351)   4   723   956
[ 19] [      181693] 1 | True  True 00 (  835,  334)   5   741  1208
[ 20] [      194192] 1 | True  True 00 (  852,  318)   3   608  1464
[ 21] [      206713] 1 | True  True 00 (  867,  303)   4   651  1576
[ 22] [      219217] 1 | True  True 00 (  883,  289)   4   655  1436
[ 23] [      231733] 1 | True  True 00 (  904,  278)   4   680  1084
[ 24] [      244236] 1 | True  True 00 (  925,  268)   4   693  1048
[ 25] [      256750] 1 | True  True 00 (  946,  260)   4   713  1248
[ 26] [      269253] 1 | True  True 00 (  966,  253)   4   681  1320
[ 27] [      281777] 1 | True  True 00 (  987,  247)   4   659  1176
[ 28] [      294276] 1 | True  True 00 ( 1010,  242)   4   709   932
[ 29] [      306796] 1 | True  True 00 ( 1034,  239)   4   704   968
[ 30] [      319331] 1 | True  True 00 ( 1057,  237)   4   732  1220
[ 31] [      331835] 1 | True  True 00 ( 1077,  237)   4   710  1368
[ 32] [      344352] 1 | True  True 00 ( 1099,  237)   5   726  1176
[ 33] [      356853] 1 | True  True 00 ( 1123,  239)   4   749  1056
[ 34] [      369355] 1 | True  True 00 ( 1147,  242)   4   724  1256
[ 35] [      381872] 1 | True  True 00 ( 1169,  247)   4   707  1588
[ 36] [      394381] 1 | True  True 00 ( 1188,  253)   5   743  1692
[ 37] [      406877] 1 | True  True 00 ( 1207,  261)   5   785  1604
[ 38] [      419400] 1 | True  True 00 ( 1228,  270)   3   665  1208
[ 39] [      431900] 1 | True  True 00 ( 1249,  281)   4   743  1052
[ 40] [      444417] 1 | True  True 00 ( 1268,  294)   4   759   976
[ 41] [      456921] 1 | True  True 00 ( 1284,  310)   4   765  1256
[ 42] [      469435] 1 | True  True 00 ( 1299,  326)   4   743  1640
[ 43] [      481954] 1 | True  True 00 ( 1313,  343)   5   778  1688
[ 44] [      494462] 1 | True  True 00 ( 1326,  360)   5   758  1504
[ 45] [      506958] 1 | True  True 00 ( 1340,  378)   6   836  1196
[ 46] [      519456] 1 | True  True 00 ( 1352,  396)   4   698   920
[ 47] [      531961] 1 | True  True 00 ( 1364,  417)   4   810  1188
[ 48] [      544477] 1 | True  True 00 ( 1371,  438)   5   746  1144
[ 49] [      556981] 1 | True  True 00 ( 1380,  459)   6   735  1012
[ 50] [      569496] 1 | True  True 00 ( 1388,  482)   4   690   924
[ 51] [      581998] 1 | True  True 00 ( 1392,  503)   4   803   876
[ 52] [      594523] 1 | True  True 00 ( 1396,  528)   4   678  1080
[ 53] [      607022] 1 | True  True 00 ( 1400,  553)   4   665  1228
[ 54] [      619544] 1 | True  True 00 ( 1400,  575)   4   692  1096
[ 55] [      632058] 1 | True  True 00 ( 1398,  596)   4   725   960
[ 56] [      644557] 1 | True  True 00 ( 1394,  619)   4   741  1060
[ 57] [      657077] 1 | True  True 00 ( 1386,  641)   5   772  1284
[ 58] [      669582] 1 | True  True 00 ( 1378,  661)   5   745  1564
[ 59] [      682098] 1 | True  True 00 ( 1367,  681)   5   756  1652
[ 60] [      694620] 1 | True  True 00 ( 1356,  702)   4   730  1492
[ 61] [      707123] 1 | True  True 00 ( 1345,  721)   4   755  1152
[ 62] [      719646] 1 | True  True 00 ( 1334,  740)   4   747  1028
[ 63] [      732146] 1 | True  True 00 ( 1322,  758)   4   758  1072
[ 64] [      744663] 1 | True  True 00 ( 1309,  775)   4   702  1204
[ 65] [      757167] 1 | True  True 00 ( 1292,  791)   5   782  1512
[ 66] [      769681] 1 | True  True 00 ( 1272,  806)   5   737  1688
[ 67] [      782188] 1 | True  True 00 ( 1254,  820)   4   730  1500
[ 68] [      794706] 1 | True  True 00 ( 1236,  832)   4   738  1188
[ 69] [      807201] 1 | True  True 00 ( 1217,  844)   4   752   976
[ 70] [      819728] 1 | True  True 00 ( 1198,  853)   5   761  1108
[ 71] [      832224] 1 | True  True 00 ( 1174,  862)   4   745  1196
[ 72] [      844746] 1 | True  True 00 ( 1152,  868)   4   755  1036
[ 73] [      857247] 1 | True  True 00 ( 1130,  873)   4   742   804
[ 74] [      869750] 1 | True  True 00 ( 1109,  877)   4   718   864
[ 75] [      882246] 1 | True  True 00 ( 1086,  879)   5   753  1084
[ 76] [      894749] 1 | True  True 00 ( 1062,  880)   4   717  1156
[ 77] [      907266] 1 | True  True 00 ( 1040,  879)   4   733  1040
[ 78] [      919765] 1 | True  True 00 ( 1019,  878)   4   729   896
[ 79] [      932284] 1 | True  True 00 (  998,  874)   4   691  1032
[ 80] [      944786] 1 | True  True 00 (  975,  868)   4   686  1400
[ 81] [      957289] 1 | True  True 00 (  953,  861)   3   607  1556
[ 82] [      969803] 1 | True  True 00 (  933,  853)   5   709  1500
[ 83] [      982303] 1 | True  True 00 (  915,  843)   4   660  1316
[ 84] [      994802] 1 | True  True 00 (  898,  832)   4   699  1020
[ 85] [     1007322] 1 | True  True 00 (  879,  820)   4   660  1056
[ 86] [     1019828] 1 | True  True 00 (  859,  805)   5   693  1040
[ 87] [     1032322] 1 | True  True 00 (  840,  789)   4   657  1316
[ 88] [     1044828] 1 | True  True 00 (  824,  772)   3   610  1484
[ 89] [     1057345] 1 | True  True 00 (  811,  754)   3   598  1524
[ 90] [     1069848] 1 | True  True 00 (  799,  737)   4   680  1304
[ 91] [     1082363] 1 | True  True 00 (  789,  718)   4   685   948
[ 92] [     1094873] 1 | True  True 00 (  779,  697)   5   744   852
[ 93] [     1107389] 1 | True  True 00 (  771,  676)   4   700  1044
[ 94] [     1119908] 1 | True  True 00 (  764,  653)   4   677  1084
[ 95] [     1132411] 1 | True  True 00 (  758,  632)   3   631  1028
[ 96] [     1144907] 1 | True  True 00 (  753,  609)   4   774   876
[ 97] [     1157430] 1 | True  True 00 (  750,  588)   4   660   832
[ 98] [     1169927] 1 | True  True 00 (  748,  565)   4   620   928
[ 99] [     1182451] 1 | True  True 00 (  749,  543)   4   668  1124
[100] [     1194987] 1 | True  True 00 (  750,  520)   4   678   972
[101] [     1207491] 1 | True  True 00 (  752,  499)   4   789   944
[102] [     1220015] 1 | True  True 00 (  756,  479)   4   754  1000
[103] [     1232535] 1 | True  True 00 (  761,  458)   4   742  1344
[104] [     1245050] 1 | True  True 00 (  768,  438)   4   697  1572
[105] [     1257570] 1 | True  True 00 (  775,  417)   4   704  1616
[106] [     1270075] 1 | True  True 00 (  783,  397)   4   720  1472
[107] [     1282592] 1 | True  True 00 (  796,  378)   5   748  1072
[108] [     1295095] 1 | True  True 00 (  811,  360)   4   717  1000
[109] [     1307610] 1 | True  True 00 (  827,  342)   4   694  1040
[110] [     1320120] 1 | True  True 00 (  844,  325)   4   676  1336
[111] [     1332635] 1 | True  True 00 (  860,  309)   4   655  1548
[112] [     1345154] 1 | True  True 00 (  874,  295)   4   656  1576
[113] [     1357656] 1 | True  True 00 (  894,  283)   4   677  1296
[114] [     1370179] 1 | True  True 00 (  915,  272)   4   688   960
[115] [     1382677] 1 | True  True 00 (  937,  263)   4   683  1160
[116] [     1395196] 1 | True  True 00 (  958,  255)   4   710  1332
[117] [     1407698] 1 | True  True 00 (  977,  249)   5   730  1320
[118] [     1420215] 1 | True  True 00 ( 1000,  244)   4   702  1088
[119] [     1432719] 1 | True  True 00 ( 1024,  240)   4   723   868
[120] [     1445255] 1 | True  True 00 ( 1047,  238)   4   712  1056
[121] [     1457761] 1 | True  True 00 ( 1069,  236)   4   714  1324
[122] [     1470281] 1 | True  True 00 ( 1089,  237)   4   677  1292
[123] [     1482796] 1 | True  True 00 ( 1113,  238)   4   725  1116
[124] [     1495318] 1 | True  True 00 ( 1137,  241)   4   746  1136
[125] [     1507823] 1 | True  True 00 ( 1159,  246)   4   725  1480
[126] [     1520339] 1 | True  True 00 ( 1179,  251)   3   644  1664
[127] [     1532864] 1 | True  True 00 ( 1199,  258)   5   732  1648
[128] [     1545387] 1 | True  True 00 ( 1220,  268)   4   683  1316
[129] [     1557900] 1 | True  True 00 ( 1241,  278)   4   727  1052
[130] [     1570403] 1 | True  True 00 ( 1261,  290)   4   759  1052
[131] [     1582926] 1 | True  True 00 ( 1279,  304)   4   764  1120
[132] [     1595444] 1 | True  True 00 ( 1294,  319)   4   744  1504
[133] [     1607961] 1 | True  True 00 ( 1308,  334)   4   724  1688
[134] [     1620481] 1 | True  True 00 ( 1321,  353)   6   874  1640
[135] [     1632991] 1 | True  True 00 ( 1334,  372)   5   794  1380
[136] [     1645486] 1 | True  True 00 ( 1346,  391)   6   872  1088
[137] [     1657989] 1 | True  True 00 ( 1357,  411)   5   862  1156
[138] [     1670505] 1 | True  True 00 ( 1369,  431)   4   701  1040
[139] [     1683024] 1 | True  True 00 ( 1378,  451)   4   789  1300
[140] [     1695526] 1 | True  True 00 ( 1386,  474)   4   668   936
[141] [     1708030] 1 | True  True 00 ( 1391,  496)   4   805   908
[142] [     1720544] 1 | True  True 00 ( 1395,  521)   4   677   976
[143] [     1733063] 1 | True  True 00 ( 1398,  542)   4   781  1228
[144] [     1745569] 1 | True  True 00 ( 1400,  565)   3   635  1196
[145] [     1758084] 1 | True  True 00 ( 1399,  587)   4   713   988
[146] [     1770604] 1 | True  True 00 ( 1395,  608)   5   773   872
[147] [     1783114] 1 | True  True 00 ( 1391,  630)   4   712  1136
[148] [     1795647] 1 | True  True 00 ( 1383,  651)   4   728  1492
[149] [     1808168] 1 | True  True 00 ( 1373,  672)   5   767  1640
[150] [     1820689] 1 | True  True 00 ( 1361,  692)   3   652  1592
[151] [     1833213] 1 | True  True 00 ( 1350,  712)   4   744  1300
[152] [     1845747] 1 | True  True 00 ( 1339,  732)   4   773  1056
[153] [     1858254] 1 | True  True 00 ( 1328,  751)   4   760  1116
[154] [     1870772] 1 | True  True 00 ( 1315,  769)   4   725  1116
[155] [     1883294] 1 | True  True 00 ( 1300,  784)   5   726  1380
[156] [     1895795] 1 | True  True 00 ( 1282,  800)   5   727  1660
[157] [     1908314] 1 | True  True 00 ( 1263,  814)   4   729  1632
[158] [     1920831] 1 | True  True 00 ( 1245,  827)   4   717  1308
[159] [     1933352] 1 | True  True 00 ( 1227,  838)   4   724  1000
[160] [     1945854] 1 | True  True 00 ( 1208,  848)   4   719  1036
[161] [     1958377] 1 | True  True 00 ( 1184,  857)   5   761  1196
[162] [     1970896] 1 | True  True 00 ( 1161,  864)   4   759  1124
[163] [     1983418] 1 | True  True 00 ( 1139,  871)   4   738   900
[164] [     1995939] 1 | True  True 00 ( 1119,  875)   4   762   828
[165] [     2008455] 1 | True  True 00 ( 1097,  878)   4   698   984
[166] [     2020996] 1 | True  True 00 ( 1072,  880)   4   723  1156
[167] [     2033503] 1 | True  True 00 ( 1048,  880)   4   733  1112
[168] [     2046022] 1 | True  True 00 ( 1027,  877)   4   729   996
[169] [     2058524] 1 | True  True 00 ( 1006,  874)   4   714   920
[170] [     2071039] 1 | True  True 00 (  985,  869)   3   618  1232
[171] [     2083559] 1 | True  True 00 (  962,  864)   4   654  1500
[172] [     2096064] 1 | True  True 00 (  942,  856)   3   593  1544
[173] [     2108579] 1 | True  True 00 (  923,  847)   5   709  1388
[174] [     2121083] 1 | True  True 00 (  905,  836)   4   689  1160
[175] [     2133599] 1 | True  True 00 (  887,  825)   4   676  1028
[176] [     2146110] 1 | True  True 00 (  868,  811)   5   709  1068
[177] [     2158643] 1 | True  True 00 (  848,  797)   5   707  1208
[178] [     2171145] 1 | True  True 00 (  830,  779)   4   681  1484
[179] [     2183667] 1 | True  True 00 (  816,  762)   3   588  1496
[180] [     2196165] 1 | True  True 00 (  803,  745)   4   666  1412
[181] [     2208684] 1 | True  True 00 (  792,  727)   4   706  1140
[182] [     2221209] 1 | True  True 00 (  782,  707)   4   693   756
[183] [     2233724] 1 | True  True 00 (  775,  686)   4   664   960
[184] [     2246227] 1 | True  True 00 (  768,  663)   5   741  1168
[185] [     2258751] 1 | True  True 00 (  763,  644)   3   584  1096
[186] [     2271251] 1 | True  True 00 (  757,  622)   4   738   960
[187] [     2283771] 1 | True  True 00 (  752,  600)   4   680   816
[188] [     2296305] 1 | True  True 00 (  750,  575)   6   860  1056
[189] [     2308830] 1 | True  True 00 (  750,  552)   4   647  1056
[190] [     2321347] 1 | True  True 00 (  751,  531)   5   783  1240
[191] [     2333857] 1 | True  True 00 (  752,  508)   4   640   816
[192] [     2346372] 1 | True  True 00 (  755,  488)   5   822   916
[193] [     2358891] 1 | True  True 00 (  760,  464)   4   657  1216
[194] [     2371413] 1 | True  True 00 (  767,  441)   3   620  1572
[195] [     2383934] 1 | True  True 00 (  774,  421)   4   684  1600
[196] [     2396450] 1 | True  True 00 (  781,  403)   4   689  1488
[197] [     2408971] 1 | True  True 00 (  790,  385)   4   663  1216
[198] [     2421473] 1 | True  True 00 (  804,  367)   4   710   984
[199] [     2433995] 1 | True  True 00 (  820,  349)   4   700   916
[200] [     2446500] 1 | True  True 00 (  836,  332)   4   691  1196
[201] [     2459039] 1 | True  True 00 (  852,  316)   3   615  1504
[202] [     2471536] 1 | True  True 00 (  868,  301)   5   734  1632
[203] [     2484080] 1 | True  True 00 (  886,  288)   4   655  1380
[204] [     2496595] 1 | True  True 00 (  907,  277)   4   673  1028
[205] [     2509125] 1 | True  True 00 (  928,  267)   4   693  1076
[206] [     2521624] 1 | True  True 00 (  949,  259)   4   716  1276
[207] [     2534124] 1 | True  True 00 (  969,  252)   4   689  1304
[208] [     2546657] 1 | True  True 00 (  990,  246)   4   670  1176
[209] [     2559177] 1 | True  True 00 ( 1012,  242)   4   694   960
[210] [     2571683] 1 | True  True 00 ( 1033,  239)   4   729   880
[211] [     2584206] 1 | True  True 00 ( 1047,  237)   4   710   852
[212] [     2596720] 1 | True  True 00 ( 1056,  236)   4   714   852
[213] [     2609222] 1 | True  True 00 ( 1062,  235)   4   717   844
[214] [     2621747] 1 | True  True 00 ( 1066,  234)   4   743   868
[215] [     2634264] 1 |False  True 00 ( 1066,  234)   4   743   868
[216] [     2646787] 0 
