[235] [    15836660]   0-None                     (    0)
[236] [    15846600]   0-None                     (    0)
[237] [    15856529]   0-None                     (    0)
[238] [    15866449]   0-None                     (    0)
[239] [    15876390]   0-None                     (    0)
[240] [    15886340]   0-None                     (    0)
[241] [    15896259]   0-None                     (    0)
[242] [    15906197]   0-None                     (    0)
[243] [    15916138]   0-None                     (    0)
[244] [    15926071]   0-None                     (    0)
[245] [    15935990]   0-None                     (    0)
[246] [    15945931]   0-None                     (    0)
[247] [    15955860]   0-None                     (    0)
[248] [    15965800]   0-None                     (    0)
[249] [    15975736]   0-None                     (    0)
[250] [    15985668]   0-None                     (    0)
[251] [    15995607]   0-None                     (    0)
[252] [    16005545]   0-None                     (    0)
[253] [    16015482]   0-None                     (    0)
[254] [    16025421]   0-None                     (    0)
[255] [    16035358]   0-None                     (    0)
[  0] [    16045278]   0-None                     (    0)
[  1] [    16055232]   0-None                     (    0)
[  2] [    16065170]   0-None                     (    0)
[  3] [    16075107]   0-None                     (    0)
[  4] [    16085047]   0-None                     (    0)
[  5] [    16094984]   0-None                     (    0)
[  6] [    16104917]   0-None                     (    0)
[  7] [    16114856]   0-None                     (    0)
[  8] [    16124794]   0-None                     (    0)
[  9] [    16134730]   0-None                     (    0)
[ 10] [    16144668]   0-None                     (    0)
[ 11] [    16154586]   0-None                     (    0)
[ 12] [    16164525]   0-None                     (    0)
[ 13] [    16174458]   0-None                     (    0)
[ 14] [    16184399]   0-None                     (    0)
[ 15] [    16194332]   0-None                     (    0)
[ 16] [    16204274]   0-None                     (    0)
[ 17] [    16214207]   0-None                     (    0)
[ 18] [    16224151]   0-None                     (    0)
[ 19] [    16234084]   0-None                     (    0)
[ 20] [    16244020]   0-None                     (    0)
[ 21] [    16253940]   0-None                     (    0)
[ 22] [    16263875]   0-None                     (    0)
[ 23] [    16273812]   0-None                     (    0)
[ 24] [    16283753]   0-None                     (    0)
[ 25] [    16293689]   0-None                     (    0)
[ 26] [    16303606]   0-None                     (    0)
[ 27] [    16313539]   0-None                     (    0)
[ 28] [    16323477]   0-None                     (    0)
[ 29] [    16333415]   0-None                     (    0)
[ 30] [    16343352]   0-None                     (    0)
[ 31] [    16353290]   0-None                     (    0)
[ 32] [    16363227]   0-None                     (    0)
[ 33] [    16373165]   0-None                     (    0)
[ 34] [    16383082]   0-None                     (    0)
[ 35] [    16393020]   0-None                     (    0)
[ 36] [    16402974]   0-None                     (    0)
[ 37] [    16412893]   0-None                     (    0)
[ 38] [    16422828]   0-None                     (    0)
[ 39] [    16432769]   0-None                     (    0)
[ 40] [    16442703]   0-None                     (    0)
[ 41] [    16452624]   0-None                     (    0)
[ 42] [    16462560]   0-None                     (    0)
[ 43] [    16472496]   0-None                     (    0)
[ 44] [    16482433]   0-None                     (    0)
[ 45] [    16492373]   0-None                     (    0)
[ 46] [    16502309]   0-None                     (    0)
[ 47] [    16512246]   0-None                     (    0)
[ 48] [    16522181]   0-None                     (    0)
[ 49] [    16532118]   0-None                     (    0)
[ 50] [    16542056]   0-None                     (    0)
[ 51] [    16551990]   0-None                     (    0)
[ 52] [    16561936]   0-None                     (    0)
[ 53] [    16571872]   0-None                     (    0)
[ 54] [    16581808]   0-None                     (    0)
[ 55] [    16591764]   0-None                     (    0)
[ 56] [    16601706]   0-None                     (    0)
[ 57] [    16611644]   0-None                     (    0)
[ 58] [    16621578]   0-None                     (    0)
[ 59] [    16631516]   0-None                     (    0)
[ 60] [    16641471]   0-None                     (    0)
[ 61] [    16651390]   0-None                     (    0)
[ 62] [    16661325]   0-None                     (    0)
[ 63] [    16671267]   0-None                     (    0)
[ 64] [    16681200]   0-None                     (    0)
[ 65] [    16691142]   0-None                     (    0)
[ 66] [    16701075]   0-None                     (    0)
[ 67] [    16711019]   0-None                     (    0)
[ 68] [    16720953]   0-None                     (    0)
[ 69] [    16730890]   0-None                     (    0)
[ 70] [    16740825]   0-None                     (    0)
[ 71] [    16750746]   0-None                     (    0)
[ 72] [    16760682]   0-None                     (    0)
[ 73] [    16770620]   0-None                     (    0)
[ 74] [    16780556]   0-None                     (    0)
[ 75] [    16790494]   0-None                     (    0)
[ 76] [    16800430]   0-None                     (    0)
[ 77] [    16810366]   0-None                     (    0)
[ 78] [    16820283]   0-None                     (    0)
[ 79] [    16830221]   0-None                     (    0)
[ 80] [    16840161]   0-None                     (    0)
[ 81] [    16850092]   0-None                     (    0)
[ 82] [    16860032]   0-None                     (    0)
[ 83] [    16869968]   0-None                     (    0)
[ 84] [    16879909]   0-None                     (    0)
[ 85] [    16889846]   0-None                     (    0)
[ 86] [    16899780]   0-None                     (    0)
[ 87] [    16909718]   0-None                     (    0)
[ 88] [    16919658]   0-None                     (    0)
[ 89] [    16929595]   0-None                     (    0)
[ 90] [    16939536]   0-None                     (    0)
[ 91] [    16949472]   0-None                     (    0)
[ 92] [    16959406]   0-None                     (    0)
[ 93] [    16969344]   0-None                     (    0)
[ 94] [    16979282]   0-None                     (    0)
[ 95] [    16989200]   0-None                     (    0)
[ 96] [    16999138]   0-None                     (    0)
[ 97] [    17009071]   0-None                     (    0)
[ 98] [    17019015]   0-None                     (    0)
[ 99] [    17028948]   0-None                     (    0)
[100] [    17038886]   0-None                     (    0)
[101] [    17048820]   0-None                     (    0)
[102] [    17058742]   0-None                     (    0)
[103] [    17068678]   0-None                     (    0)
[104] [    17078596]   0-None                     (    0)
[105] [    17088529]   0-None                     (    0)
[106] [    17098468]   0-None                     (    0)
[107] [    17108386]   0-None                     (    0)
[108] [    17118319]   0-None                     (    0)
[109] [    17128262]   0-None                     (    0)
[110] [    17138175]   0-None                     (    0)
[111] [    17148113]   0-None                     (    0)
[112] [    17158030]   0-None                     (    0)
[113] [    17167967]   0-None                     (    0)
[114] [    17177908]   0-None                     (    0)
[115] [    17187817]   0-None                     (    0)
[116] [    17197755]   0-None                     (    0)
[117] [    17207678]   0-None                     (    0)
[118] [    17217614]   0-None                     (    0)
[119] [    17227528]   0-None                     (    0)
[120] [    17237466]   0-None                     (    0)
[121] [    17247404]   0-None                     (    0)
[122] [    17257341]   0-None                     (    0)
[123] [    17267275]   0-None                     (    0)
[124] [    17277194]   0-None                     (    0)
[125] [    17287133]   0-None                     (    0)
[126] [    17297067]   0-None                     (    0)
[127] [    17306988]   0-None                     (    0)
[128] [    17316924]   0-None                     (    0)
[129] [    17326839]   0-None                     (    0)
[130] [    17336777]   0-None                     (    0)
[131] [    17346715]   0-None                     (    0)
[132] [    17356629]   0-None                     (    0)
[133] [    17366565]   0-None                     (    0)
[134] [    17376487]   0-None                     (    0)
[135] [    17386423]   0-None                     (    0)
[136] [    17396360]   0-None                     (    0)
[137] [    17406296]   0-None                     (    0)
[138] [    17416213]   0-None                     (    0)
[139] [    17426152]   0-None                     (    0)
[140] [    17436070]   0-None                     (    0)
[141] [    17446006]   0-None                     (    0)
[142] [    17455945]   0-None                     (    0)
[143] [    17465882]   0-None                     (    0)
[144] [    17475796]   0-None                     (    0)
[145] [    17485731]   0-None                     (    0)
[146] [    17495669]   0-None                     (    0)
[147] [    17505586]   0-None                     (    0)
[148] [    17515524]   0-None                     (    0)
[149] [    17525462]   0-None                     (    0)
[150] [    17535379]   0-None                     (    0)
[151] [    17545313]   0-None                     (    0)
[152] [    17555254]   0-None                     (    0)
[153] [    17565168]   0-None                     (    0)
[154] [    17575102]   0-None                     (    0)
[155] [    17585047]   0-None                     (    0)
[156] [    17594983]   0-None                     (    0)
[157] [    17604898]   0-None                     (    0)
[158] [    17614836]   0-None                     (    0)
[159] [    17624756]   0-None                     (    0)
[160] [    17634690]   0-None                     (    0)
[161] [    17644627]   0-None                     (    0)
[162] [    17654562]   0-None                     (    0)
[163] [    17664485]   0-None                     (    0)
[164] [    17674421]   0-None                     (    0)
[165] [    17684358]   0-None                     (    0)
[166] [    17694294]   0-None                     (    0)
[167] [    17704211]   0-None                     (    0)
[168] [    17714145]   0-None                     (    0)
[169] [    17724084]   0-None                     (    0)
[170] [    17734024]   0-None                     (    0)
[171] [    17743955]   0-None                     (    0)
[172] [    17753895]   0-None                     (    0)
[173] [    17763832]   0-None                     (    0)
[174] [    17773750]   0-None                     (    0)
[175] [    17783692]   0-None                     (    0)
[176] [    17793629]   0-None                     (    0)
[177] [    17803563]   0-None                     (    0)
[178] [    17813500]   0-None                     (    0)
[179] [    17823435]   0-None                     (    0)
[180] [    17833356]   0-None                     (    0)
[181] [    17843293]   0-None                     (    0)
[182] [    17853230]   0-None                     (    0)
[183] [    17863145]   0-None                     (    0)
[184] [    17873082]   0-None                     (    0)
[185] [    17883023]   0-None                     (    0)
[186] [    17892960]   0-None                     (    0)
[187] [    17902893]   0-None                     (    0)
[188] [    17912831]   0-None                     (    0)
[189] [    17922750]   0-None                     (    0)
[190] [    17932683]   0-None                     (    0)
[191] [    17942625]   0-None                     (    0)
[192] [    17952558]   0-None                     (    0)
[193] [    17962482]   0-None                     (    0)
[194] [    17972418]   0-None                     (    0)
[195] [    17982353]   0-None                     (    0)
[196] [    17992290]   0-None                     (    0)
[197] [    18002208]   0-None                     (    0)
[198] [    18012163]   0-None                     (    0)
[199] [    18022079]   0-None                     (    0)
[200] [    18032019]   0-None                     (    0)
[201] [    18041971]   0-None                     (    0)
[202] [    18051896]   0-None                     (    0)
[203] [    18061846]   0-None                     (    0)
[204] [    18071791]   0-None                     (    0)
[205] [    18081726]   0-None                     (    0)
[206] [    18091663]   0-None                     (    0)
[207] [    18101597]   0-None                     (    0)
[208] [    18111535]   0-None                     (    0)
[209] [    18121469]   0-None                     (    0)
[210] [    18131414]   0-None                     (    0)
[211] [    18141351]   0-None                     (    0)
[212] [    18151287]   0-None                     (    0)
[213] [    18161243]   0-None                     (    0)
[214] [    18171179]   0-None                     (    0)
[215] [    18181101]   0-None                     (    0)
[216] [    18191037]   0-None                     (    0)
[217] [    18200975]   0-None                     (    0)
[218] [    18210911]   0-None                     (    0)
[219] [    18220830]   0-None                     (    0)
[220] [    18230764]   0-None                     (    0)
[221] [    18240701]   0-None                     (    0)
[222] [    18250639]   0-None                     (    0)
[223] [    18260557]   0-None                     (    0)
[224] [    18270495]   0-None                     (    0)
[225] [    18280428]   0-None                     (    0)
[226] [    18290370]   0-None                     (    0)
[227] [    18300304]   0-None                     (    0)
[228] [    18310247]   0-None                     (    0)
[229] [    18320181]   0-None                     (    0)
[230] [    18330120]   0-None                     (    0)
[231] [    18340052]   0-None                     (    0)
[232] [    18349976]   0-None                     (    0)
[233] [    18359932]   0-None                     (    0)
[234] [    18369867]   0-None                     (    0)
[235] [    18379801]   0-None                     (    0)
[236] [    18389724]   0-None                     (    0)
[237] [    18399661]   0-None                     (    0)
[238] [    18409614]   0-None                     (    0)
[239] [    18419557]   0-None                     (    0)
[240] [    18429474]   0-None                     (    0)
[241] [    18439431]   0-None                     (    0)
[242] [    18449369]   0-None                     (    0)
[243] [    18459304]   0-None                     (    0)
[244] [    18469242]   0-None                     (    0)
[245] [    18479176]   0-None                     (    0)
[246] [    18489097]   0-None                     (    0)
[247] [    18499032]   0-None                     (    0)
[248] [    18508968]   0-None                     (    0)
[249] [    18518905]   0-None                     (    0)
[250] [    18528839]   0-None                     (    0)
[251] [    18538783]   0-None                     (    0)
[252] [    18548720]   0-None                     (    0)
[253] [    18558656]   0-None                     (    0)
[254] [    18568592]   0-None                     (    0)
[255] [    18578507]   0-None                     (    0)
[  0] [    18588445]   0-None                     (    0)
[  1] [    18598384]   0-None                     (    0)
[  2] [    18608302]   0-None                     (    0)
[  3] [    18618239]   0-None                     (    0)
[  4] [    18628174]   0-None                     (    0)
[  5] [    18638115]   0-None                     (    0)
[  6] [    18648046]   0-None                     (    0)
[  7] [    18657991]   0-None                     (    0)
[  8] [    18667943]   0-None                     (    0)
[  9] [    18677882]   0-None                     (    0)
[ 10] [    18687818]   0-None                     (    0)
[ 11] [    18697758]   0-None                     (    0)
[ 12] [    18707696]   0-None                     (    0)
[ 13] [    18717638]   0-None                     (    0)
[ 14] [    18727586]   0-None                     (    0)
[ 15] [    18737530]   0-None                     (    0)
[ 16] [    18747468]   0-None                     (    0)
[ 17] [    18757404]   0-None                     (    0)
[ 18] [    18767342]   0-None                     (    0)
[ 19] [    18777279]   0-None                     (    0)
[ 20] [    18787217]   0-None                     (    0)
[ 21] [    18797153]   0-None                     (    0)
[ 22] [    18807092]   0-None                     (    0)
[ 23] [    18817028]   0-None                     (    0)
[ 24] [    18826966]   0-None                     (    0)
[ 25] [    18836903]   0-None                     (    0)
[ 26] [    18846841]   0-None                     (    0)
[ 27] [    18856777]   0-None                     (    0)
[ 28] [    18866716]   0-None                     (    0)
[ 29] [    18876652]   0-None                     (    0)
[ 30] [    18886591]   0-None                     (    0)
[ 31] [    18896527]   0-None                     (    0)
[ 32] [    18906445]   0-None                     (    0)
[ 33] [    18916379]   0-None                     (    0)
[ 34] [    18926317]   0-None                     (    0)
[ 35] [    18936259]   0-None                     (    0)
[ 36] [    18946190]   0-None                     (    0)
[ 37] [    18956130]   0-None                     (    0)
[ 38] [    18966069]   0-None                     (    0)
[ 39] [    18976008]   0-None                     (    0)
[ 40] [    18985938]   0-None                     (    0)
[ 41] [    18995878]   0-None                     (    0)
[ 42] [    19005815]   0-None                     (    0)
[ 43] [    19015756]   0-None                     (    0)
[ 44] [    19025694]   0-None                     (    0)
[ 45] [    19035629]   0-None                     (    0)
[ 46] [    19045566]   0-None                     (    0)
[ 47] [    19055507]   0-None                     (    0)
[ 48] [    19065457]   0-None                     (    0)
[ 49] [    19075401]   0-None                     (    0)
[ 50] [    19085338]   0-None                     (    0)
[ 51] [    19095274]   0-None                     (    0)
[ 52] [    19105205]   0-None                     (    0)
[ 53] [    19115151]   0-None                     (    0)
[ 54] [    19125087]   0-None                     (    0)
[ 55] [    19135024]   0-None                     (    0)
[ 56] [    19144962]   0-None                     (    0)
[ 57] [    19154919]   0-None                     (    0)
[ 58] [    19164857]   0-None                     (    0)
[ 59] [    19174791]   0-None                     (    0)
[ 60] [    19184733]   0-None                     (    0)
[ 61] [    19194686]   0-None                     (    0)
[ 62] [    19204626]   0-None                     (    0)
[ 63] [    19214564]   0-None                     (    0)
[ 64] [    19224505]   0-None                     (    0)
[ 65] [    19234454]   0-None                     (    0)
[ 66] [    19244381]   0-None                     (    0)
[ 67] [    19254311]   0-None                     (    0)
[ 68] [    19264250]   0-None                     (    0)
[ 69] [    19274190]   0-None                     (    0)
[ 70] [    19284142]   0-None                     (    0)
[ 71] [    19294079]   0-None                     (    0)
[ 72] [    19304023]   0-None                     (    0)
[ 73] [    19313960]   0-None                     (    0)
[ 74] [    19323917]   0-None                     (    0)
[ 75] [    19333855]   0-None                     (    0)
[ 76] [    19343809]   0-None                     (    0)
[ 77] [    19353749]   0-None                     (    0)
[ 78] [    19363706]   0-None                     (    0)
[ 79] [    19373643]   0-None                     (    0)
[ 80] [    19383597]   0-None                     (    0)
[ 81] [    19393539]   0-None                     (    0)
[ 82] [    19403482]   0-None                     (    0)
[ 83] [    19413416]   0-None                     (    0)
[ 84] [    19423373]   0-None                     (    0)
[ 85] [    19433311]   0-None                     (    0)
[ 86] [    19443251]   0-None                     (    0)
[ 87] [    19453208]   0-None                     (    0)
[ 88] [    19463144]   0-None                     (    0)
[ 89] [    19473100]   0-None                     (    0)
[ 90] [    19483042]   0-None                     (    0)
[ 91] [    19492980]   0-None                     (    0)
[ 92] [    19502934]   0-None                     (    0)
[ 93] [    19512872]   0-None                     (    0)
[ 94] [    19522811]   0-None                     (    0)
[ 95] [    19532744]   0-None                     (    0)
[ 96] [    19542704]   0-None                     (    0)
[ 97] [    19552647]   0-None                     (    0)
[ 98] [    19562579]   0-None                     (    0)
[ 99] [    19572517]   0-None                     (    0)
[100] [    19582471]   0-None                     (    0)
[101] [    19592412]   0-None                     (    0)
[102] [    19602349]   0-None                     (    0)
[103] [    19612289]   0-None                     (    0)
[104] [    19622227]   0-None                     (    0)
[105] [    19632180]   0-None                     (    0)
[106] [    19642120]   0-None                     (    0)
[107] [    19652057]   0-None                     (    0)
[108] [    19661996]   0-None                     (    0)
[109] [    19671934]   0-None                     (    0)
[110] [    19681867]   0-None                     (    0)
[111] [    19691807]   0-None                     (    0)
[112] [    19701744]   0-None                     (    0)
[113] [    19711682]   0-None                     (    0)
[114] [    19721622]   0-None                     (    0)
[115] [    19731539]   0-None                     (    0)
[116] [    19741476]   0-None                     (    0)
[117] [    19751429]   0-None                     (    0)
[118] [    19761369]   0-None                     (    0)
[119] [    19771306]   0-None                     (    0)
[120] [    19781243]   0-None                     (    0)
[121] [    19791180]   0-None                     (    0)
[122] [    19801119]   0-None                     (    0)
[123] [    19811056]   0-None                     (    0)
[124] [    19820990]   0-None                     (    0)
[125] [    19830930]   0-None                     (    0)
[126] [    19840868]   0-None                     (    0)
[127] [    19850806]   0-None                     (    0)
[128] [    19860724]   0-None                     (    0)
[129] [    19870656]   0-None                     (    0)
[130] [    19880599]   0-None                     (    0)
[131] [    19890533]   0-None                     (    0)
[132] [    19900468]   0-None                     (    0)
[133] [    19910409]   0-None                     (    0)
[134] [    19920346]   0-None                     (    0)
[135] [    19930280]   0-None                     (    0)
[136] [    19940202]   0-None                     (    0)
[137] [    19950139]   0-None                     (    0)
[138] [    19960076]   0-None                     (    0)
[139] [    19970012]   0-None                     (    0)
[140] [    19979951]   0-None                     (    0)
[141] [    19989887]   0-None                     (    0)
[142] [    19999818]   0-None                     (    0)
[143] [    20009742]   0-None                     (    0)
[144] [    20019680]   0-None                     (    0)
[145] [    20029615]   0-None                     (    0)
[146] [    20039554]   0-None                     (    0)
[147] [    20049487]   0-None                     (    0)
[148] [    20059427]   0-None                     (    0)
[149] [    20069365]   0-None                     (    0)
[150] [    20079304]   0-None                     (    0)
[151] [    20089260]   0-None                     (    0)
[152] [    20099197]   0-None                     (    0)
[153] [    20109133]   0-None                     (    0)
[154] [    20119069]   0-None                     (    0)
[155] [    20129007]   0-None                     (    0)
[156] [    20138942]   0-None                     (    0)
[157] [    20148869]   0-None                     (    0)
[158] [    20158819]   0-None                     (    0)
[159] [    20168757]   0-None                     (    0)
[160] [    20178696]   0-None                     (    0)
[161] [    20188635]   0-None                     (    0)
[162] [    20198570]   0-None                     (    0)
[163] [    20208508]   0-None                     (    0)
[164] [    20218442]   0-None                     (    0)
[165] [    20228387]   0-None                     (    0)
[166] [    20238335]   0-None                     (    0)
[167] [    20248277]   0-None                     (    0)
[168] [    20258200]   0-None                     (    0)
[169] [    20268137]   0-None                     (    0)
[170] [    20278084]   0-None                     (    0)
[171] [    20288028]   0-None                     (    0)
[172] [    20297986]   0-None                     (    0)
[173] [    20307924]   0-None                     (    0)
[174] [    20317859]   0-None                     (    0)
[175] [    20327798]   0-None                     (    0)
[176] [    20337736]   0-None                     (    0)
[177] [    20347675]   0-None                     (    0)
[178] [    20357608]   0-None                     (    0)
[179] [    20367547]   0-None                     (    0)
[180] [    20377507]   0-None                     (    0)
[181] [    20387445]   0-None                     (    0)
[182] [    20397381]   0-None                     (    0)
[183] [    20407320]   0-None                     (    0)
[184] [    20417257]   0-None                     (    0)
[185] [    20427207]   0-None                     (    0)
[186] [    20437150]   0-None                     (    0)
[187] [    20447092]   0-None                     (    0)
[188] [    20457026]   0-None                     (    0)
[189] [    20466963]   0-None                     (    0)
[190] [    20476904]   0-None                     (    0)
[191] [    20486840]   0-None                     (    0)
[192] [    20496775]   0-None                     (    0)
[193] [    20506713]   0-None                     (    0)
[194] [    20516647]   0-None                     (    0)
[195] [    20526586]   0-None                     (    0)
[196] [    20536521]   0-None                     (    0)
[197] [    20546464]   0-None                     (    0)
[198] [    20556397]   0-None                     (    0)
[199] [    20566339]   0-None                     (    0)
[200] [    20576272]   0-None                     (    0)
[201] [    20586214]   0-None                     (    0)
[202] [    20596149]   0-None                     (    0)
[203] [    20606087]   0-None                     (    0)
[204] [    20616021]   0-None                     (    0)
[205] [    20625963]   0-None                     (    0)
[206] [    20635917]   0-None                     (    0)
[207] [    20645836]   0-None                     (    0)
[208] [    20655791]   0-None                     (    0)
[209] [    20665711]   0-None                     (    0)
[210] [    20675645]   0-None                     (    0)
[211] [    20685587]   0-None                     (    0)
[212] [    20695520]   0-None                     (    0)
[213] [    20705444]   0-None                     (    0)
[214] [    20715381]   0-None                     (    0)
[215] [    20725335]   0-None                     (    0)
[216] [    20735270]   0-None                     (    0)
[217] [    20745212]   0-None                     (    0)
[218] [    20755145]   0-None                     (    0)
[219] [    20765082]   0-None                     (    0)
[220] [    20775022]   0-None                     (    0)
[221] [    20784980]   0-None                     (    0)
[222] [    20794918]   0-None                     (    0)
[223] [    20804857]   0-None                     (    0)
[224] [    20814786]   0-None                     (    0)
[225] [    20824728]   0-None                     (    0)
[226] [    20834666]   0-None                     (    0)
[227] [    20844604]   0-None                     (    0)
[228] [    20854562]   0-None                     (    0)
[229] [    20864498]   0-None                     (    0)
[230] [    20874433]   0-None                     (    0)
[231] [    20884377]   0-None                     (    0)
[232] [    20894313]   0-None                     (    0)
[233] [    20904249]   0-None                     (    0)
[234] [    20914188]   0-None                     (    0)
[235] [    20924144]   0-None                     (    0)
[236] [    20934082]   0-None                     (    0)
[237] [    20944017]   0-None                     (    0)
[238] [    20953959]   0-None                     (    0)
[239] [    20963892]   0-None                     (    0)
[240] [    20973835]   0-None                     (    0)
[241] [    20983769]   0-None                     (    0)
[242] [    20993707]   0-None                     (    0)
[243] [    21003641]   0-None                     (    0)
[244] [    21013582]   0-None                     (    0)
[245] [    21023516]   0-None                     (    0)
[246] [    21033459]   0-None                     (    0)
[247] [    21043394]   0-None                     (    0)
[248] [    21053333]   0-None                     (    0)
[249] [        9527]   0-None                     (    0)
[250] [       19466]   0-None                     (    0)
[251] [       29404]   0-None                     (    0)
[252] [       39344]   0-None                     (    0)
[253] [       49275]   0-None                     (    0)
[254] [       59216]   0-None                     (    0)
[255] [       69153]   0-None                     (    0)
[  0] [       79086]   0-None                     (    0)
[  1] [       89026]   0-None                     (    0)
[  2] [       98986]   0-None                     (    0)
[  3] [      108923]   0-None                     (    0)
[  4] [      118860]   0-None                     (    0)
[  5] [      128810]   0-None                     (    0)
[  6] [      138753]   0-None                     (    0)
[  7] [      148696]   0-None                     (    0)
[  8] [      158631]   0-None                     (    0)
[  9] [      168590]   0-None                     (    0)
[ 10] [      178520]   0-None                     (    0)
[ 11] [      188460]   0-None                     (    0)
[ 12] [      198399]   0-None                     (    0)
[ 13] [      208359]   0-None                     (    0)
[ 14] [      218309]   0-None                     (    0)
[ 15] [      228253]   0-None                     (    0)
[ 16] [      238192]   0-None                     (    0)
[ 17] [      248126]   0-None                     (    0)
[ 18] [      258082]   0-None                     (    0)
[ 19] [      268021]   0-None                     (    0)
[ 20] [      277961]   0-None                     (    0)
[ 21] [      287900]   0-None                     (    0)
[ 22] [      297834]   0-None                     (    0)
[ 23] [      307774]   0-None                     (    0)
[ 24] [      317714]   0-None                     (    0)
[ 25] [      327666]   0-None                     (    0)
[ 26] [      337606]   0-None                     (    0)
[ 27] [      347541]   0-None                     (    0)
[ 28] [      357486]   0-None                     (    0)
[ 29] [      367417]   0-None                     (    0)
[ 30] [      377355]   0-None                     (    0)
[ 31] [      387292]   0-None                     (    0)
[ 32] [      397207]   0-None                     (    0)
[ 33] [      407146]   0-None                     (    0)
[ 34] [      417087]   0-None                     (    0)
[ 35] [      427018]   0-None                     (    0)
[ 36] [      436958]   0-None                     (    0)
[ 37] [      446898]   0-None                     (    0)
[ 38] [      456832]   0-None                     (    0)
[ 39] [      466752]   0-None                     (    0)
[ 40] [      476690]   0-None                     (    0)
[ 41] [      486624]   0-None                     (    0)
[ 42] [      496563]   0-None                     (    0)
[ 43] [      506499]   0-None                     (    0)
[ 44] [      516418]   0-None                     (    0)
[ 45] [      526355]   0-None                     (    0)
[ 46] [      536285]   0-None                     (    0)
[ 47] [      546231]   0-None                     (    0)
[ 48] [      556160]   0-None                     (    0)
[ 49] [      566104]   0-None                     (    0)
[ 50] [      576034]   0-None                     (    0)
[ 51] [      585981]   0-None                     (    0)
[ 52] [      595917]   0-None                     (    0)
[ 53] [      605853]   0-None                     (    0)
[ 54] [      615785]   0-None                     (    0)
[ 55] [      625723]   0-None                     (    0)
[ 56] [      635662]   0-None                     (    0)
[ 57] [      645601]   0-None                     (    0)
[ 58] [      655537]   0-None                     (    0)
[ 59] [      665474]   0-None                     (    0)
[ 60] [      675409]   0-None                     (    0)
[ 61] [      685354]   0-None                     (    0)
[ 62] [      695283]   0-None                     (    0)
[ 63] [      705227]   0-None                     (    0)
[ 64] [      715177]   0-None                     (    0)
[ 65] [      725121]   0-None                     (    0)
[ 66] [      735059]   0-None                     (    0)
[ 67] [      744994]   0-None                     (    0)
[ 68] [      754937]   0-None                     (    0)
[ 69] [      764872]   0-None                     (    0)
[ 70] [      774811]   0-None                     (    0)
[ 71] [      784746]   0-None                     (    0)
[ 72] [      794686]   0-None                     (    0)
[ 73] [      804620]   0-None                     (    0)
[ 74] [      814559]   0-None                     (    0)
[ 75] [      824493]   0-None                     (    0)
[ 76] [      834429]   0-None                     (    0)
[ 77] [      844366]   0-None                     (    0)
[ 78] [      854309]   0-None                     (    0)
[ 79] [      864243]   0-None                     (    0)
[ 80] [      874186]   0-None                     (    0)
[ 81] [      884120]   0-None                     (    0)
[ 82] [      894059]   0-None                     (    0)
[ 83] [      903995]   0-None                     (    0)
[ 84] [      913936]   0-None                     (    0)
[ 85] [      923868]   0-None                     (    0)
[ 86] [      933792]   0-None                     (    0)
[ 87] [      943743]   0-None                     (    0)
[ 88] [      953678]   0-None                     (    0)
[ 89] [      963620]   0-None                     (    0)
[ 90] [      973558]   0-None                     (    0)
[ 91] [      983491]   0-None                     (    0)
[ 92] [      993431]   0-None                     (    0)
[ 93] [     1003365]   0-None                     (    0)
[ 94] [     1013289]   0-None                     (    0)
[ 95] [     1023218]   0-None                     (    0)
[ 96] [     1033154]   0-None                     (    0)
[ 97] [     1043099]   0-None                     (    0)
[ 98] [     1053028]   0-None                     (    0)
[ 99] [     1062951]   0-None                     (    0)
[100] [     1072870]   0-None                     (    0)
[101] [     1082806]   0-None                     (    0)
[102] [     1092741]   0-None                     (    0)
[103] [     1102660]   0-None                     (    0)
[104] [     1112599]   0-None                     (    0)
[105] [     1122547]   0-None                     (    0)
[106] [     1132471]   0-None                     (    0)
[107] [     1142402]   0-None                     (    0)
[108] [     1152349]   0-None                     (    0)
[109] [     1162276]   0-None                     (    0)
[110] [     1172201]   0-None                     (    0)
[111] [     1182151]   0-None                     (    0)
[112] [     1192076]   0-None                     (    0)
[113] [     1202026]   0-None                     (    0)
[114] [     1211951]   0-None                     (    0)
[115] [     1221881]   0-None                     (    0)
[116] [     1231823]   0-None                     (    0)
[117] [     1241762]   0-None                     (    0)
[118] [     1251695]   0-None                     (    0)
[119] [     1261612]   0-None                     (    0)
[120] [     1271550]   0-None                     (    0)
[121] [     1281485]   0-None                     (    0)
[122] [     1291424]   0-None                     (    0)
[123] [     1301381]   0-None                     (    0)
[124] [     1311322]   0-None                     (    0)
[125] [     1321255]   0-None                     (    0)
[126] [     1331195]   0-None                     (    0)
[127] [     1341136]   0-None                     (    0)
[128] [     1351072]   0-None                     (    0)
[129] [     1361004]   0-None                     (    0)
[130] [     1370945]   0-None                     (    0)
[131] [     1380885]   0-None                     (    0)
[132] [     1390842]   0-None                     (    0)
[133] [     1400773]   0-None                     (    0)
[134] [     1410720]   0-None                     (    0)
[135] [     1420668]   0-None                     (    0)
[136] [     1430592]   0-None                     (    0)
[137] [     1440542]   0-None                     (    0)
[138] [     1450486]   0-None                     (    0)
[139] [     1460427]   0-None                     (    0)
[140] [     1470362]   0-None                     (    0)
[141] [     1480321]   0-None                     (    0)
[142] [     1490252]   0-None                     (    0)
[143] [     1500193]   0-None                     (    0)
[144] [     1510152]   0-None                     (    0)
[145] [     1520089]   0-None                     (    0)
[146] [     1530047]   0-None                     (    0)
[147] [     1539988]   0-None                     (    0)
[148] [     1549925]   0-None                     (    0)
[149] [     1559859]   0-None                     (    0)
[150] [     1569798]   0-None                     (    0)
[151] [     1579751]   0-None                     (    0)
[152] [     1589694]   0-None                     (    0)
[153] [     1599632]   0-None                     (    0)
[154] [     1609588]   0-None                     (    0)
[155] [     1619526]   0-None                     (    0)
[156] [     1629484]   0-None                     (    0)
[157] [     1639443]   0-None                     (    0)
[158] [     1649375]   0-None                     (    0)
[159] [     1659336]   0-None                     (    0)
[160] [     1669272]   0-None                     (    0)
[161] [     1679230]   0-None                     (    0)
[162] [     1689173]   0-None                     (    0)
[163] [     1699108]   0-None                     (    0)
[164] [     1709047]   0-None                     (    0)
[165] [     1719001]   0-None                     (    0)
[166] [     1728941]   0-None                     (    0)
[167] [     1738880]   0-None                     (    0)
[168] [     1748836]   0-None                     (    0)
[169] [     1758773]   0-None                     (    0)
[170] [     1768709]   0-None                     (    0)
[171] [     1778665]   0-None                     (    0)
[172] [     1788607]   0-None                     (    0)
[173] [     1798547]   0-None                     (    0)
[174] [     1808481]   0-None                     (    0)
[175] [     1818420]   0-None                     (    0)
[176] [     1828353]   0-None                     (    0)
[177] [     1838298]   0-None                     (    0)
[178] [     1848232]   0-None                     (    0)
[179] [     1858168]   0-None                     (    0)
[180] [     1868105]   0-None                     (    0)
[181] [     1878062]   0-None                     (    0)
[182] [     1887979]   0-None                     (    0)
[183] [     1897918]   0-None                     (    0)
[184] [     1907853]   0-None                     (    0)
[185] [     1917796]   0-None                     (    0)
[186] [     1927750]   0-None                     (    0)
[187] [     1937689]   0-None                     (    0)
[188] [     1947620]   0-None                     (    0)
[189] [     1957582]   0-None                     (    0)
[190] [     1967516]   0-None                     (    0)
[191] [     1977461]   0-None                     (    0)
[192] [     1987410]   0-None                     (    0)
[193] [     1997354]   0-None                     (    0)
[194] [     2007292]   0-None                     (    0)
[195] [     2017247]   0-None                     (    0)
[196] [     2027187]   0-None                     (    0)
[197] [     2037126]   0-None                     (    0)
[198] [     2047081]   0-None                     (    0)
[199] [     2057017]   0-None                     (    0)
[200] [     2066974]   0-None                     (    0)
[201] [     2076917]   0-None                     (    0)
[202] [     2086871]   0-None                     (    0)
[203] [     2096811]   0-None                     (    0)
[204] [     2106750]   0-None                     (    0)
[205] [     2116705]   0-None                     (    0)
[206] [     2126641]   0-None                     (    0)
[207] [     2136584]   0-None                     (    0)
[208] [     2146532]   0-None                     (    0)
[209] [     2156475]   0-None                     (    0)
[210] [     2166411]   0-None                     (    0)
[211] [     2176352]   0-None                     (    0)
[212] [     2186308]   0-None                     (    0)
[213] [     2196246]   0-None                     (    0)
[214] [     2206187]   0-None                     (    0)
[215] [     2216117]   0-None                     (    0)
[216] [     2226057]   0-None                     (    0)
[217] [     2236016]   0-None                     (    0)
[218] [     2245953]   0-None                     (    0)
[219] [     2255889]   0-None                     (    0)
[220] [     2265834]   0-None                     (    0)
[221] [     2275761]   0-None                     (    0)
[222] [     2285706]   0-None                     (    0)
[223] [     2295636]   0-None                     (    0)
[224] [     2305582]   0-None                     (    0)
[225] [     2315530]   0-None                     (    0)
[226] [     2325474]   0-None                     (    0)
[227] [     2335413]   0-None                     (    0)
[228] [     2345348]   0-None                     (    0)
[229] [     2355290]   0-None                     (    0)
[230] [     2365225]   0-None                     (    0)
[231] [     2375164]   0-None                     (    0)
[232] [     2385099]   0-None                     (    0)
[233] [     2395039]   0-None                     (    0)
[234] [     2404974]   0-None                     (    0)
[235] [     2414913]   0-None                     (    0)
[236] [     2424868]   0-None                     (    0)
[237] [     2434808]   0-None                     (    0)
[238] [     2444740]   0-None                     (    0)
[239] [     2454658]   0-None                     (    0)
[240] [     2464600]   0-None                     (    0)
[241] [     2474535]   0-None                     (    0)
[242] [     2484490]   0-None                     (    0)
[243] [     2494432]   0-None                     (    0)
[244] [     2504371]   0-None                     (    0)
[245] [     2514306]   0-None                     (    0)
[246] [     2524238]   0-None                     (    0)
[247] [     2534179]   0-None                     (    0)
[248] [     2544119]   0-None                     (    0)
[249] [     2554053]   0-None                     (    0)
[250] [     2563994]   0-None                     (    0)
[251] [     2573928]   0-None                     (    0)
[252] [     2583867]   0-None                     (    0)
[253] [     2593802]   0-None                     (    0)
[254] [     2603741]   0-None                     (    0)
[255] [     2613661]   0-None                     (    0)
[  0] [     2623595]   0-None                     (    0)
[  1] [     2633534]   0-None                     (    0)
[  2] [     2643469]   0-None                     (    0)
[  3] [     2653404]   0-None                     (    0)
[  4] [     2663341]   0-None                     (    0)
[  5] [     2673264]   0-None                     (    0)
[  6] [     2683202]   0-None                     (    0)
[  7] [     2693131]   0-None                     (    0)
[  8] [     2703055]   0-None                     (    0)
[  9] [     2713005]   0-None                     (    0)
[ 10] [     2722930]   0-None                     (    0)
[ 11] [     2732868]   0-None                     (    0)
[ 12] [     2742826]   0-None                     (    0)
[ 13] [     2752756]   0-None                     (    0)
[ 14] [     2762701]   0-None                     (    0)
[ 15] [     2772655]   0-None                     (    0)
[ 16] [     2782592]   0-None                     (    0)
[ 17] [     2792530]   0-None                     (    0)
[ 18] [     2802464]   0-None                     (    0)
[ 19] [     2812408]   0-None                     (    0)
[ 20] [     2822343]   0-None                     (    0)
[ 21] [     2832283]   0-None                     (    0)
[ 22] [     2842217]   0-None                     (    0)
[ 23] [     2852156]   0-None                     (    0)
[ 24] [     2862091]   0-None                     (    0)
[ 25] [     2872013]   0-None                     (    0)
[ 26] [     2881963]   0-None                     (    0)
[ 27] [     2891907]   0-None                     (    0)
[ 28] [     2901841]   0-None                     (    0)
[ 29] [     2911780]   0-None                     (    0)
[ 30] [     2921715]   0-None                     (    0)
[ 31] [     2931658]   0-None                     (    0)
[ 32] [     2941593]   0-None                     (    0)
[ 33] [     2951551]   0-None                     (    0)
[ 34] [     2961482]   0-None                     (    0)
[ 35] [     2971422]   0-None                     (    0)
[ 36] [     2981381]   0-None                     (    0)
[ 37] [     2991318]   0-None                     (    0)
[ 38] [     3001254]   0-None                     (    0)
[ 39] [     3011211]   0-None                     (    0)
[ 40] [     3021134]   0-None                     (    0)
[ 41] [     3031072]   0-None                     (    0)
[ 42] [     3041026]   0-None                     (    0)
[ 43] [     3050947]   0-None                     (    0)
[ 44] [     3060883]   0-None                     (    0)
[ 45] [     3070820]   0-None                     (    0)
[ 46] [     3080775]   0-None                     (    0)
[ 47] [     3090717]   0-None                     (    0)
[ 48] [     3100654]   0-None                     (    0)
[ 49] [     3110608]   0-None                     (    0)
[ 50] [     3120547]   0-None                     (    0)
[ 51] [     3130486]   0-None                     (    0)
[ 52] [     3140442]   0-None                     (    0)
[ 53] [     3150379]   0-None                     (    0)
[ 54] [     3160336]   0-None                     (    0)
[ 55] [     3170279]   0-None                     (    0)
[ 56] [     3180213]   0-None                     (    0)
[ 57] [     3190173]   0-None                     (    0)
[ 58] [     3200103]   0-None                     (    0)
[ 59] [     3210065]   0-None                     (    0)
[ 60] [     3220001]   0-None                     (    0)
[ 61] [     3229940]   0-None                     (    0)
[ 62] [     3239875]   0-None                     (    0)
[ 63] [     3249820]   0-None                     (    0)
[ 64] [     3259767]   0-None                     (    0)
[ 65] [     3269690]   0-None                     (    0)
[ 66] [     3279647]   0-None                     (    0)
[ 67] [     3289584]   0-None                     (    0)
[ 68] [     3299526]   0-None                     (    0)
[ 69] [     3309461]   0-None                     (    0)
[ 70] [     3319399]   0-None                     (    0)
[ 71] [     3329354]   0-None                     (    0)
[ 72] [     3339295]   0-None                     (    0)
[ 73] [     3349246]   0-None                     (    0)
[ 74] [     3359193]   0-None                     (    0)
[ 75] [     3369143]   0-None                     (    0)
[ 76] [     3379066]   0-None                     (    0)
[ 77] [     3389022]   0-None                     (    0)
[ 78] [     3398956]   0-None                     (    0)
[ 79] [     3408896]   0-None                     (    0)
[ 80] [     3418831]   0-None                     (    0)
[ 81] [     3428773]   0-None                     (    0)
[ 82] [     3438728]   0-None                     (    0)
[ 83] [     3448667]   0-None                     (    0)
[ 84] [     3458606]   0-None                     (    0)
[ 85] [     3468541]   0-None                     (    0)
[ 86] [     3478481]   0-None                     (    0)
[ 87] [     3488416]   0-None                     (    0)
[ 88] [     3498355]   0-None                     (    0)
[ 89] [     3508289]   0-None                     (    0)
[ 90] [     3518228]   0-None                     (    0)
[ 91] [     3528168]   0-None                     (    0)
[ 92] [     3538099]   0-None                     (    0)
[ 93] [     3548039]   0-None                     (    0)
[ 94] [     3557978]   0-None                     (    0)
[ 95] [     3567919]   0-None                     (    0)
[ 96] [     3577849]   0-None                     (    0)
[ 97] [     3587791]   0-None                     (    0)
[ 98] [     3597730]   0-None                     (    0)
[ 99] [     3607666]   0-None                     (    0)
[100] [     3617598]   0-None                     (    0)
[101] [     3627538]   0-None                     (    0)
[102] [     3637477]   0-None                     (    0)
[103] [     3647418]   0-None                     (    0)
[104] [     3657350]   0-None                     (    0)
[105] [     3667290]   0-None                     (    0)
[106] [     3677228]   0-None                     (    0)
[107] [     3687182]   0-None                     (    0)
[108] [     3697118]   0-None                     (    0)
[109] [     3707041]   0-None                     (    0)
[110] [     3716992]   0-None                     (    0)
[111] [     3726916]   0-None                     (    0)
[112] [     3736874]   0-None                     (    0)
[113] [     3746813]   0-None                     (    0)
[114] [     3756741]   0-None                     (    0)
[115] [     3766687]   0-None                     (    0)
[116] [     3776635]   0-None                     (    0)
[117] [     3786579]   0-None                     (    0)
[118] [     3796518]   0-None                     (    0)
[119] [     3806454]   0-None                     (    0)
[120] [     3816394]   0-None                     (    0)
[121] [     3826329]   0-None                     (    0)
[122] [     3836269]   0-None                     (    0)
[123] [     3846224]   0-None                     (    0)
[124] [     3856163]   0-None                     (    0)
[125] [     3866094]   0-None                     (    0)
[126] [     3876035]   0-None                     (    0)
[127] [     3885976]   0-None                     (    0)
[128] [     3895931]   0-None                     (    0)
[129] [     3905868]   0-None                     (    0)
[130] [     3915825]   0-None                     (    0)
[131] [     3925749]   0-None                     (    0)
[132] [     3935699]   0-None                     (    0)
[133] [     3945645]   0-None                     (    0)
[134] [     3955579]   0-None                     (    0)
[135] [     3965537]   0-None                     (    0)
[136] [     3975470]   0-None                     (    0)
[137] [     3985409]   0-None                     (    0)
[138] [     3995348]   0-None                     (    0)
[139] [     4005280]   0-None                     (    0)
[140] [     4015220]   0-None                     (    0)
[141] [     4025159]   0-None                     (    0)
[142] [     4035099]   0-None                     (    0)
[143] [     4045054]   0-None                     (    0)
[144] [     4054991]   0-None                     (    0)
[145] [     4064928]   0-None                     (    0)
[146] [     4074864]   0-None                     (    0)
[147] [     4084808]   0-None                     (    0)
[148] [     4094736]   0-None                     (    0)
[149] [     4104681]   0-None                     (    0)
[150] [     4114611]   0-None                     (    0)
[151] [     4124534]   0-None                     (    0)
[152] [     4134465]   0-None                     (    0)
[153] [     4144428]   0-None                     (    0)
[154] [     4154363]   0-None                     (    0)
[155] [     4164307]   0-None                     (    0)
[156] [     4174255]   0-None                     (    0)
[157] [     4184199]   0-None                     (    0)
[158] [     4194137]   0-None                     (    0)
[159] [     4204072]   0-None                     (    0)
[160] [     4214028]   0-None                     (    0)
[161] [     4223967]   0-None                     (    0)
[162] [     4233906]   0-None                     (    0)
[163] [     4243845]   0-None                     (    0)
[164] [     4253786]   0-None                     (    0)
[165] [     4263719]   0-None                     (    0)
[166] [     4273681]   0-None                     (    0)
[167] [     4283615]   0-None                     (    0)
[168] [     4293551]   0-None                     (    0)
[169] [     4303488]   0-None                     (    0)
[170] [     4313446]   0-None                     (    0)
[171] [     4323385]   0-None                     (    0)
[172] [     4333320]   0-None                     (    0)
[173] [     4343256]   0-None                     (    0)
[174] [     4353193]   0-None                     (    0)
[175] [     4363136]   0-None                     (    0)
[176] [     4373090]   0-None                     (    0)
[177] [     4383030]   0-None                     (    0)
[178] [     4392962]   0-None                     (    0)
[179] [     4402902]   0-None                     (    0)
[180] [     4412821]   0-None                     (    0)
[181] [     4422761]   0-None                     (    0)
[182] [     4432715]   0-None                     (    0)
[183] [     4442653]   0-None                     (    0)
[184] [     4452593]   0-None                     (    0)
[185] [     4462527]   0-None                     (    0)
[186] [     4472468]   0-None                     (    0)
[187] [     4482402]   0-None                     (    0)
[188] [     4492342]   0-None                     (    0)
[189] [     4502277]   0-None                     (    0)
[190] [     4512217]   0-None                     (    0)
[191] [     4522153]   0-None                     (    0)
[192] [     4532085]   0-None                     (    0)
[193] [     4542028]   0-None                     (    0)
[194] [     4551980]   0-None                     (    0)
[195] [     4561906]   0-None                     (    0)
[196] [     4571856]   0-None                     (    0)
[197] [     4581802]   0-None                     (    0)
[198] [     4591734]   0-None                     (    0)
[199] [     4601672]   0-None                     (    0)
[200] [     4611607]   0-None                     (    0)
[201] [     4621564]   0-None                     (    0)
[202] [     4631488]   0-None                     (    0)
[203] [     4641419]   0-None                     (    0)
[204] [     4651356]   0-None                     (    0)
[205] [     4661293]   0-None                     (    0)
[206] [     4671231]   0-None                     (    0)
[207] [     4681169]   0-None                     (    0)
[208] [     4691105]   0-None                     (    0)
[209] [     4701043]   0-None                     (    0)
[210] [     4710960]   0-None                     (    0)
[211] [     4720900]   0-None                     (    0)
[212] [     4730840]   0-None                     (    0)
[213] [     4740775]   0-None                     (    0)
[214] [     4750708]   0-None                     (    0)
[215] [     4760649]   0-None                     (    0)
[216] [     4770588]   0-None                     (    0)
[217] [     4780523]   0-None                     (    0)
[218] [     4790463]   0-None                     (    0)
[219] [     4800399]   0-None                     (    0)
[220] [     4810332]   0-None                     (    0)
[221] [     4820273]   0-None                     (    0)
[222] [     4830213]   0-None                     (    0)
[223] [     4840170]   0-None                     (    0)
[224] [     4850101]   0-None                     (    0)
[225] [     4860047]   0-None                     (    0)
[226] [     4869982]   0-None                     (    0)
[227] [     4879920]   0-None                     (    0)
[228] [     4889858]   0-None                     (    0)
[229] [     4899799]   0-None                     (    0)
[230] [     4909751]   0-None                     (    0)
[231] [     4919686]   0-None                     (    0)
[232] [     4929610]   0-None                     (    0)
[233] [     4939560]   0-None                     (    0)
[234] [     4949503]   0-None                     (    0)
[235] [     4959439]   0-None                     (    0)
[236] [     4969379]   0-None                     (    0)
[237] [     4979313]   0-None                     (    0)
[238] [     4989254]   0-None                     (    0)
[239] [     4999188]   0-None                     (    0)
[240] [     5009128]   0-None                     (    0)
[241] [     5019063]   0-None                     (    0)
[242] [     5029002]   0-None                     (    0)
[243] [     5038938]   0-None                     (    0)
[244] [     5048877]   0-None                     (    0)
[245] [     5058812]   0-None                     (    0)
[246] [     5068751]   0-None                     (    0)
[247] [     5078706]   0-None                     (    0)
[248] [     5088626]   0-None                     (    0)
[249] [     5098561]   0-None                     (    0)
[250] [     5108501]   0-None                     (    0)
[251] [     5118437]   0-None                     (    0)
[252] [     5128376]   0-None                     (    0)
[253] [     5138311]   0-None                     (    0)
[254] [     5148231]   0-None                     (    0)
[255] [     5158163]   0-None                     (    0)
[  0] [     5168100]   0-None                     (    0)
[  1] [     5178039]   0-None                     (    0)
[  2] [     5187976]   0-None                     (    0)
[  3] [     5197895]   0-None                     (    0)
[  4] [     5207833]   0-None                     (    0)
[  5] [     5217767]   0-None                     (    0)
[  6] [     5227707]   0-None                     (    0)
[  7] [     5237643]   0-None                     (    0)
[  8] [     5247576]   0-None                     (    0)
[  9] [     5257496]   0-None                     (    0)
[ 10] [     5267434]   0-None                     (    0)
[ 11] [     5277373]   0-None                     (    0)
[ 12] [     5287307]   0-None                     (    0)
[ 13] [     5297223]   0-None                     (    0)
[ 14] [     5307161]   0-None                     (    0)
[ 15] [     5317077]   0-None                     (    0)
[ 16] [     5327017]   0-None                     (    0)
[ 17] [     5336949]   0-None                     (    0)
[ 18] [     5346890]   0-None                     (    0)
[ 19] [     5356829]   0-None                     (    0)
[ 20] [     5366764]   0-None                     (    0)
[ 21] [     5376683]   0-None                     (    0)
[ 22] [     5386623]   0-None                     (    0)
[ 23] [     5396558]   0-None                     (    0)
[ 24] [     5406478]   0-None                     (    0)
[ 25] [     5416408]   0-None                     (    0)
[ 26] [     5426345]   0-None                     (    0)
[ 27] [     5436283]   0-None                     (    0)
[ 28] [     5446218]   0-None                     (    0)
[ 29] [     5456145]   0-None                     (    0)
[ 30] [     5466098]   0-None                     (    0)
[ 31] [     5476035]   0-None                     (    0)
[ 32] [     5485974]   0-None                     (    0)
[ 33] [     5495933]   0-None                     (    0)
[ 34] [     5505870]   0-None                     (    0)
[ 35] [     5515806]   0-None                     (    0)
[ 36] [     5525742]   0-None                     (    0)
[ 37] [     5535698]   0-None                     (    0)
[ 38] [     5545639]   0-None                     (    0)
[ 39] [     5555571]   0-None                     (    0)
[ 40] [     5565512]   0-None                     (    0)
[ 41] [     5575452]   0-None                     (    0)
[ 42] [     5585387]   0-None                     (    0)
[ 43] [     5595327]   0-None                     (    0)
[ 44] [     5605262]   0-None                     (    0)
[ 45] [     5615202]   0-None                     (    0)
[ 46] [     5625137]   0-None                     (    0)
[ 47] [     5635077]   0-None                     (    0)
[ 48] [     5645011]   0-None                     (    0)
[ 49] [     5654952]   0-None                     (    0)
[ 50] [     5664887]   0-None                     (    0)
[ 51] [     5674827]   0-None                     (    0)
[ 52] [     5684784]   0-None                     (    0)
[ 53] [     5694715]   0-None                     (    0)
[ 54] [     5704661]   0-None                     (    0)
[ 55] [     5714589]   0-None                     (    0)
[ 56] [     5724536]   0-None                     (    0)
[ 57] [     5734485]   0-None                     (    0)
[ 58] [     5744428]   0-None                     (    0)
[ 59] [     5754369]   0-None                     (    0)
[ 60] [     5764302]   0-None                     (    0)
[ 61] [     5774240]   0-None                     (    0)
[ 62] [     5784175]   0-None                     (    0)
[ 63] [     5794112]   0-None                     (    0)
[ 64] [     5804049]   0-None                     (    0)
[ 65] [     5813986]   0-None                     (    0)
[ 66] [     5823929]   0-None                     (    0)
[ 67] [     5833847]   0-None                     (    0)
[ 68] [     5843785]   0-None                     (    0)
[ 69] [     5853733]   0-None                     (    0)
[ 70] [     5863656]   0-None                     (    0)
[ 71] [     5873607]   0-None                     (    0)
[ 72] [     5883531]   0-None                     (    0)
[ 73] [     5893482]   0-None                     (    0)
[ 74] [     5903406]   0-None                     (    0)
[ 75] [     5913337]   0-None                     (    0)
[ 76] [     5923283]   0-None                     (    0)
[ 77] [     5933212]   0-None                     (    0)
[ 78] [     5943152]   0-None                     (    0)
[ 79] [     5953088]   0-None                     (    0)
[ 80] [     5963027]   0-None                     (    0)
[ 81] [     5972963]   0-None                     (    0)
[ 82] [     5982880]   0-None                     (    0)
[ 83] [     5992820]   0-None                     (    0)
[ 84] [     6002761]   0-None                     (    0)
[ 85] [     6012693]   0-None                     (    0)
[ 86] [     6022633]   0-None                     (    0)
[ 87] [     6032565]   0-None                     (    0)
[ 88] [     6042506]   0-None                     (    0)
[ 89] [     6052446]   0-None                     (    0)
[ 90] [     6062383]   0-None                     (    0)
[ 91] [     6072316]   0-None                     (    0)
[ 92] [     6082256]   0-None                     (    0)
[ 93] [     6092191]   0-None                     (    0)
[ 94] [     6102133]   0-None                     (    0)
[ 95] [     6112063]   0-None                     (    0)
[ 96] [     6121985]   0-None                     (    0)
[ 97] [     6131920]   0-None                     (    0)
[ 98] [     6141856]   0-None                     (    0)
[ 99] [     6151801]   0-None                     (    0)
[100] [     6161739]   0-None                     (    0)
[101] [     6171672]   0-None                     (    0)
[102] [     6181611]   0-None                     (    0)
[103] [     6191545]   0-None                     (    0)
