[235] [    15836660] 1 | True  True 00 ( 1520, 1122)   6  1106  1400
[236] [    15846600] 1 | True  True 00 ( 1520, 1122)   6  1127  1400
[237] [    15856529] 1 | True  True 00 ( 1520, 1122)   6  1139  1352
[238] [    15866449] 1 | True  True 00 ( 1518, 1122)   7  1197  1260
[239] [    15876390] 1 | True  True 00 ( 1511, 1122)   4  1075  1564
[240] [    15886340] 1 | True  True 00 ( 1501, 1121)   5  1116  1792
[241] [    15896259] 1 | True  True 00 ( 1488, 1121)   5  1073  1892
[242] [    15906197] 1 | True  True 00 ( 1471, 1117)   8  1263  1792
[243] [    15916138] 1 | True  True 00 ( 1448, 1112)   6  1138  1512
[244] [    15926071] 1 | True  True 00 ( 1423, 1108)   6  1151  1540
[245] [    15935990] 1 | True  True 00 ( 1400, 1102)   6  1135  1868
[246] [    15945931] 1 | True  True 00 ( 1380, 1093)   6  1197  2124
[247] [    15955860] 1 | True  True 00 ( 1361, 1083)   6  1146  2080
[248] [    15965800] 1 | True  True 00 ( 1340, 1073)   6  1104  1916
[249] [    15975736] 1 | True  True 00 ( 1318, 1061)   7  1277  1636
[250] [    15985668] 1 | True  True 00 ( 1294, 1048)   5  1129  1260
[251] [    15995607] 1 | True  True 00 ( 1273, 1036)   6  1229  1224
[252] [    16005545] 1 | True  True 00 ( 1255, 1025)   5  1127  1492
[253] [    16015482] 1 | True  True 00 ( 1239, 1011)   7  1208  1804
[254] [    16025421] 1 | True  True 00 ( 1225,  993)   8  1277  2032
[255] [    16035358] 1 | True  True 00 ( 1211,  975)   7  1180  1968
[  0] [    16045278] 1 | True  True 00 ( 1196,  957)   6  1078  1780
[  1] [    16055232] 1 | True  True 00 ( 1181,  938)   6  1062  1324
[  2] [    16065170] 1 | True  True 00 ( 1161,  919)   5   954  1160
[  3] [    16075107] 1 | True  True 00 ( 1145,  896)   7  1002  1084
[  4] [    16085047] 1 | True  True 00 ( 1130,  875)   5   913  1288
[  5] [    16094984] 1 | True  True 00 ( 1119,  852)   5   985  1340
[  6] [    16104917] 1 | True  True 00 ( 1111,  829)   6  1001  1104
[  7] [    16114856] 1 | True  True 00 ( 1103,  807)   4   889   956
[  8] [    16124794] 1 | True  True 00 ( 1096,  785)   5   887  1320
[  9] [    16134730] 1 | True  True 00 ( 1089,  761)   6   980  1616
[ 10] [    16144668] 1 | True  True 00 ( 1085,  736)   6  1020  1440
[ 11] [    16154586] 1 | True  True 00 ( 1082,  711)   5   975  1500
[ 12] [    16164525] 1 | True  True 00 ( 1080,  687)   4   905  1068
[ 13] [    16174458] 1 | True  True 00 ( 1081,  664)   4   883  1284
[ 14] [    16184399] 1 | True  True 00 ( 1081,  640)   6   962  1420
[ 15] [    16194332] 1 | True  True 00 ( 1082,  613)   6   989  1456
[ 16] [    16204274] 1 | True  True 00 ( 1084,  588)   5   934  1224
[ 17] [    16214207] 1 | True  True 00 ( 1087,  564)   5   945   952
[ 18] [    16224151] 1 | True  True 00 ( 1090,  542)   4   872  1064
[ 19] [    16234084] 1 | True  True 00 ( 1100,  520)   6   974  1304
[ 20] [    16244020] 1 | True  True 00 ( 1112,  496)   5   902  1452
[ 21] [    16253940] 1 | True  True 00 ( 1127,  471)   6   997  1524
[ 22] [    16263875] 1 | True  True 00 ( 1145,  448)   5  1018  1564
[ 23] [    16273812] 1 | True  True 00 ( 1161,  426)   4   958  1324
[ 24] [    16283753] 1 | True  True 00 ( 1177,  407)   4   986  1380
[ 25] [    16293689] 1 | True  True 00 ( 1192,  390)   6  1042  1268
[ 26] [    16303606] 1 | True  True 00 ( 1206,  371)   6  1127  1420
[ 27] [    16313539] 1 | True  True 00 ( 1223,  353)   6  1143  1672
[ 28] [    16323477] 1 | True  True 00 ( 1239,  334)   6  1092  1792
[ 29] [    16333415] 1 | True  True 00 ( 1261,  318)   8  1331  2096
[ 30] [    16343352] 1 | True  True 00 ( 1282,  303)   5  1164  1956
[ 31] [    16353290] 1 | True  True 00 ( 1302,  291)   5  1160  1624
[ 32] [    16363227] 1 | True  True 00 ( 1320,  281)   4  1117  1224
[ 33] [    16373165] 1 | True  True 00 ( 1339,  271)   7  1300  1328
[ 34] [    16383082] 1 | True  True 00 ( 1361,  263)   7  1213  1508
[ 35] [    16393020] 1 | True  True 00 ( 1386,  256)   6  1176  1820
[ 36] [    16402974] 1 | True  True 00 ( 1410,  249)   6  1197  1900
[ 37] [    16412893] 1 | True  True 00 ( 1433,  243)   6  1277  1796
[ 38] [    16422828] 1 | True  True 00 ( 1453,  239)   5  1214  1560
[ 39] [    16432769] 1 | True  True 00 ( 1475,  235)   7  1304  1484
[ 40] [    16442703] 1 | True  True 00 ( 1500,  231)   6  1140  1760
[ 41] [    16452624] 1 | True  True 00 ( 1527,  229)   6  1251  2064
[ 42] [    16462560] 1 | True  True 00 ( 1553,  229)   6  1268  1888
[ 43] [    16472496] 1 | True  True 00 ( 1575,  230)   5  1166  1536
[ 44] [    16482433] 1 | True  True 00 ( 1596,  233)   5  1095  1228
[ 45] [    16492373] 1 | True  True 00 ( 1617,  237)   5  1065  1324
[ 46] [    16502309] 1 | True  True 00 ( 1644,  241)   6  1181  1596
[ 47] [    16512246] 1 | True  True 00 ( 1671,  247)   6  1158  1732
[ 48] [    16522181] 1 | True  True 00 ( 1697,  253)   4  1084  1648
[ 49] [    16532118] 1 | True  True 00 ( 1719,  260)   4  1063  1604
[ 50] [    16542056] 1 | True  True 00 ( 1739,  269)   7  1228  1456
[ 51] [    16551990] 1 | True  True 00 ( 1761,  281)   6  1151  1648
[ 52] [    16561936] 1 | True  True 00 ( 1781,  294)   6  1087  1764
[ 53] [    16571872] 1 | True  True 00 ( 1802,  310)   6  1172  1904
[ 54] [    16581808] 1 | True  True 00 ( 1821,  327)   7  1152  1720
[ 55] [    16591764] 1 | True  True 00 ( 1839,  343)   5  1120  1464
[ 56] [    16601706] 1 | True  True 00 ( 1855,  358)   4  1008  1528
[ 57] [    16611644] 1 | True  True 00 ( 1869,  374)   6  1106  1612
[ 58] [    16621578] 1 | True  True 00 ( 1883,  395)   7  1100  1444
[ 59] [    16631516] 1 | True  True 00 ( 1898,  420)   6  1095  1176
[ 60] [    16641471] 1 | True  True 00 ( 1911,  445)   6  1138  1192
[ 61] [    16651390] 1 | True  True 00 ( 1921,  469)   7  1136  1384
[ 62] [    16661325] 1 | True  True 00 ( 1933,  494)   7  1125  1600
[ 63] [    16671267] 1 | True  True 00 ( 1943,  516)   7  1100  1752
[ 64] [    16681200] 1 | True  True 00 ( 1951,  539)   6  1093  1816
[ 65] [    16691142] 1 | True  True 00 ( 1958,  564)   7  1116  1580
[ 66] [    16701075] 1 | True  True 00 ( 1965,  588)   6  1191  1804
[ 67] [    16711019] 1 | True  True 00 ( 1969,  613)   6  1114  1848
[ 68] [    16720953] 1 | True  True 00 ( 1972,  635)   6  1041  1804
[ 69] [    16730890] 1 | True  True 00 ( 1972,  660)   6  1080  1672
[ 70] [    16740825] 1 | True  True 00 ( 1973,  685)   6  1101  1760
[ 71] [    16750746] 1 | True  True 00 ( 1971,  709)   6  1031  1456
[ 72] [    16760682] 1 | True  True 00 ( 1968,  734)   6  1043  1656
[ 73] [    16770620] 1 | True  True 00 ( 1964,  757)   9  1190  1476
[ 74] [    16780556] 1 | True  True 00 ( 1955,  783)   8  1168  1252
[ 75] [    16790494] 1 | True  True 00 ( 1949,  810)   6  1117  1332
[ 76] [    16800430] 1 | True  True 00 ( 1943,  832)   7  1206  1112
[ 77] [    16810366] 1 | True  True 00 ( 1933,  855)   5   988  1316
[ 78] [    16820283] 1 | True  True 00 ( 1921,  877)   6  1094  1748
[ 79] [    16830221] 1 | True  True 00 ( 1912,  897)   8  1276  1900
[ 80] [    16840161] 1 | True  True 00 ( 1901,  919)   6  1104  1880
[ 81] [    16850092] 1 | True  True 00 ( 1888,  943)   5  1029  1772
[ 82] [    16860032] 1 | True  True 00 ( 1876,  963)   7  1165  1532
[ 83] [    16869968] 1 | True  True 00 ( 1858,  982)   7  1160  1460
[ 84] [    16879909] 1 | True  True 00 ( 1837, 1000)   5  1039  1388
[ 85] [    16889846] 1 | True  True 00 ( 1815, 1015)   6  1129  1608
[ 86] [    16899780] 1 | True  True 00 ( 1795, 1029)   6  1122  1904
[ 87] [    16909718] 1 | True  True 00 ( 1778, 1042)   7  1204  2040
[ 88] [    16919658] 1 | True  True 00 ( 1759, 1056)   6  1103  1972
[ 89] [    16929595] 1 | True  True 00 ( 1738, 1069)   5  1032  1676
[ 90] [    16939536] 1 | True  True 00 ( 1712, 1080)   7  1144  1404
[ 91] [    16949472] 1 | True  True 00 ( 1686, 1091)   5  1055  1544
[ 92] [    16959406] 1 | True  True 00 ( 1663, 1099)   4  1026  1804
[ 93] [    16969344] 1 | True  True 00 ( 1643, 1105)   5  1071  1804
[ 94] [    16979282] 1 | True  True 00 ( 1622, 1107)   7  1165  1732
[ 95] [    16989200] 1 | True  True 00 ( 1596, 1111)   5  1032  1496
[ 96] [    16999138] 1 | True  True 00 ( 1568, 1112)   6  1180  1360
[ 97] [    17009071] 1 | True  True 00 ( 1541, 1114)   5  1115  1664
[ 98] [    17019015] 1 | True  True 00 ( 1517, 1115)   5  1108  1892
[ 99] [    17028948] 1 | True  True 00 ( 1497, 1114)   6  1171  1992
[100] [    17038886] 1 | True  True 00 ( 1474, 1110)   8  1261  1792
[101] [    17048820] 1 | True  True 00 ( 1448, 1106)   7  1215  1540
[102] [    17058742] 1 | True  True 00 ( 1423, 1100)   6  1182  1564
[103] [    17068678] 1 | True  True 00 ( 1399, 1096)   6  1141  1892
[104] [    17078596] 1 | True  True 00 ( 1378, 1087)   6  1207  2124
[105] [    17088529] 1 | True  True 00 ( 1359, 1079)   7  1143  2124
[106] [    17098468] 1 | True  True 00 ( 1338, 1070)   6  1116  1868
[107] [    17108386] 1 | True  True 00 ( 1314, 1060)   5  1047  1516
[108] [    17118319] 1 | True  True 00 ( 1290, 1048)   6  1193  1260
[109] [    17128262] 1 | True  True 00 ( 1270, 1035)   6  1204  1200
[110] [    17138175] 1 | True  True 00 ( 1251, 1024)   4  1011  1468
[111] [    17148113] 1 | True  True 00 ( 1236, 1011)   7  1122  1700
[112] [    17158030] 1 | True  True 00 ( 1220,  995)   7  1046  1864
[113] [    17167967] 1 | True  True 00 ( 1206,  975)   6  1064  1804
[114] [    17177908] 1 | True  True 00 ( 1190,  955)   7  1008  1532
[115] [    17187817] 1 | True  True 00 ( 1171,  936)   7  1050  1284
[116] [    17197755] 1 | True  True 00 ( 1157,  917)   6  1006  1160
[117] [    17207678] 1 | True  True 00 ( 1144,  898)   5   864  1140
[118] [    17217614] 1 | True  True 00 ( 1131,  875)   4   834  1268
[119] [    17227528] 1 | True  True 00 ( 1118,  851)   7   981  1288
[120] [    17237466] 1 | True  True 00 ( 1108,  828)   5   910  1048
[121] [    17247404] 1 | True  True 00 ( 1102,  806)   5   969  1064
[122] [    17257341] 1 | True  True 00 ( 1097,  784)   5   964  1320
[123] [    17267275] 1 | True  True 00 ( 1091,  758)   6   969  1540
[124] [    17277194] 1 | True  True 00 ( 1084,  731)   4   868  1616
[125] [    17287133] 1 | True  True 00 ( 1080,  706)   4   924  1500
[126] [    17297067] 1 | True  True 00 ( 1079,  683)   5   936  1028
[127] [    17306988] 1 | True  True 00 ( 1080,  661)   4   891  1360
[128] [    17316924] 1 | True  True 00 ( 1082,  637)   6   975  1456
[129] [    17326839] 1 | True  True 00 ( 1084,  612)   6  1003  1380
[130] [    17336777] 1 | True  True 00 ( 1087,  587)   5   894  1088
[131] [    17346715] 1 | True  True 00 ( 1090,  563)   5   924  1008
[132] [    17356629] 1 | True  True 00 ( 1095,  541)   5   881  1064
[133] [    17366565] 1 | True  True 00 ( 1105,  517)   6  1019  1340
[134] [    17376487] 1 | True  True 00 ( 1117,  494)   5   910  1432
[135] [    17386423] 1 | True  True 00 ( 1131,  470)   7  1066  1656
[136] [    17396360] 1 | True  True 00 ( 1149,  447)   5   967  1524
[137] [    17406296] 1 | True  True 00 ( 1165,  426)   4   961  1304
[138] [    17416213] 1 | True  True 00 ( 1179,  407)   4   942  1344
[139] [    17426152] 1 | True  True 00 ( 1193,  389)   6  1066  1440
[140] [    17436070] 1 | True  True 00 ( 1207,  370)   7  1188  1440
[141] [    17446006] 1 | True  True 00 ( 1223,  352)   6  1114  1648
[142] [    17455945] 1 | True  True 00 ( 1241,  335)   6  1108  1792
[143] [    17465882] 1 | True  True 00 ( 1262,  318)   6  1209  2168
[144] [    17475796] 1 | True  True 00 ( 1283,  303)   5  1175  2004
[145] [    17485731] 1 | True  True 00 ( 1302,  290)   4  1164  1604
[146] [    17495669] 1 | True  True 00 ( 1320,  279)   4  1120  1176
[147] [    17505586] 1 | True  True 00 ( 1340,  268)   7  1226  1248
[148] [    17515524] 1 | True  True 00 ( 1364,  260)   7  1304  1536
[149] [    17525462] 1 | True  True 00 ( 1391,  252)   8  1346  1900
[150] [    17535379] 1 | True  True 00 ( 1416,  247)   6  1253  1872
[151] [    17545313] 1 | True  True 00 ( 1438,  242)   5  1223  1744
[152] [    17555254] 1 | True  True 00 ( 1458,  236)   5  1159  1432
[153] [    17565168] 1 | True  True 00 ( 1480,  232)   6  1259  1636
[154] [    17575102] 1 | True  True 00 ( 1506,  230)   7  1198  1760
[155] [    17585047] 1 | True  True 00 ( 1532,  230)   6  1241  1936
[156] [    17594983] 1 | True  True 00 ( 1556,  230)   5  1205  1812
[157] [    17604898] 1 | True  True 00 ( 1578,  232)   6  1200  1560
[158] [    17614836] 1 | True  True 00 ( 1598,  235)   6  1195  1228
[159] [    17624756] 1 | True  True 00 ( 1623,  238)   6  1195  1472
[160] [    17634690] 1 | True  True 00 ( 1651,  243)   6  1140  1548
[161] [    17644627] 1 | True  True 00 ( 1679,  247)   4  1129  1668
[162] [    17654562] 1 | True  True 00 ( 1703,  253)   4  1131  1668
[163] [    17664485] 1 | True  True 00 ( 1723,  259)   4  1042  1564
[164] [    17674421] 1 | True  True 00 ( 1742,  268)   6  1140  1464
[165] [    17684358] 1 | True  True 00 ( 1762,  279)   7  1179  1604
[166] [    17694294] 1 | True  True 00 ( 1783,  293)   5  1092  1812
[167] [    17704211] 1 | True  True 00 ( 1803,  307)   7  1196  1904
[168] [    17714145] 1 | True  True 00 ( 1823,  325)   5  1098  1696
[169] [    17724084] 1 | True  True 00 ( 1842,  342)   4  1084  1528
[170] [    17734024] 1 | True  True 00 ( 1857,  359)   4   975  1528
[171] [    17743955] 1 | True  True 00 ( 1870,  376)   8  1182  1676
[172] [    17753895] 1 | True  True 00 ( 1884,  397)   7  1108  1360
[173] [    17763832] 1 | True  True 00 ( 1896,  422)   7  1101  1136
[174] [    17773750] 1 | True  True 00 ( 1910,  446)   6  1105  1116
[175] [    17783692] 1 | True  True 00 ( 1921,  469)   6  1087  1428
[176] [    17793629] 1 | True  True 00 ( 1929,  491)   6  1004  1708
[177] [    17803563] 1 | True  True 00 ( 1939,  516)   5  1087  1860
[178] [    17813500] 1 | True  True 00 ( 1951,  542)   6  1026  1536
[179] [    17823435] 1 | True  True 00 ( 1960,  567)   6  1047  1556
[180] [    17833356] 1 | True  True 00 ( 1969,  592)   6  1130  1848
[181] [    17843293] 1 | True  True 00 ( 1973,  613)   6  1085  1692
[182] [    17853230] 1 | True  True 00 ( 1975,  636)   6  1088  1848
[183] [    17863145] 1 | True  True 00 ( 1977,  660)   5  1037  1936
[184] [    17873082] 1 | True  True 00 ( 1976,  684)   7  1160  1692
[185] [    17883023] 1 | True  True 00 ( 1973,  707)   6  1117  1536
[186] [    17892960] 1 | True  True 00 ( 1966,  732)   6  1068  1596
[187] [    17902893] 1 | True  True 00 ( 1963,  754)   5  1018  1516
[188] [    17912831] 1 | True  True 00 ( 1960,  781)   6   928  1352
[189] [    17922750] 1 | True  True 00 ( 1951,  808)   8  1118  1232
[190] [    17932683] 1 | True  True 00 ( 1940,  833)   5  1010   992
[191] [    17942625] 1 | True  True 00 ( 1932,  857)   5  1065  1316
[192] [    17952558] 1 | True  True 00 ( 1921,  878)   6  1054  1640
[193] [    17962482] 1 | True  True 00 ( 1909,  902)   6  1030  1836
[194] [    17972418] 1 | True  True 00 ( 1898,  925)   5  1018  1792
[195] [    17982353] 1 | True  True 00 ( 1888,  947)   5  1021  1708
[196] [    17992290] 1 | True  True 00 ( 1876,  966)   7  1196  1532
[197] [    18002208] 1 | True  True 00 ( 1859,  983)   7  1248  1484
[198] [    18012163] 1 | True  True 00 ( 1837, 1000)   5  1065  1364
[199] [    18022079] 1 | True  True 00 ( 1817, 1014)   5  1066  1564
[200] [    18032019] 1 | True  True 00 ( 1796, 1028)   6  1142  1924
[201] [    18041971] 1 | True  True 00 ( 1777, 1042)   6  1089  2060
[202] [    18051896] 1 | True  True 00 ( 1758, 1056)   5  1044  2016
[203] [    18061846] 1 | True  True 00 ( 1736, 1068)   6  1105  1700
[204] [    18071791] 1 | True  True 00 ( 1710, 1080)   7  1153  1352
[205] [    18081726] 1 | True  True 00 ( 1685, 1091)   4  1020  1592
[206] [    18091663] 1 | True  True 00 ( 1662, 1099)   6  1147  1756
[207] [    18101597] 1 | True  True 00 ( 1641, 1104)   5  1087  1852
[208] [    18111535] 1 | True  True 00 ( 1620, 1108)   7  1165  1712
[209] [    18121469] 1 | True  True 00 ( 1593, 1111)   7  1154  1496
[210] [    18131414] 1 | True  True 00 ( 1565, 1114)   4  1022  1336
[211] [    18141351] 1 | True  True 00 ( 1539, 1116)   4  1056  1664
[212] [    18151287] 1 | True  True 00 ( 1517, 1115)   6  1166  1868
[213] [    18161243] 1 | True  True 00 ( 1496, 1115)   6  1125  1968
[214] [    18171179] 1 | True  True 00 ( 1472, 1112)   7  1170  1792
[215] [    18181101] 1 | True  True 00 ( 1447, 1110)   6  1112  1488
[216] [    18191037] 1 | True  True 00 ( 1421, 1105)   6  1119  1564
[217] [    18200975] 1 | True  True 00 ( 1398, 1097)   6  1171  1892
[218] [    18210911] 1 | True  True 00 ( 1377, 1089)   6  1126  2124
[219] [    18220830] 1 | True  True 00 ( 1357, 1078)   6  1179  2124
[220] [    18230764] 1 | True  True 00 ( 1336, 1067)   7  1199  1820
[221] [    18240701] 1 | True  True 00 ( 1316, 1055)   7  1262  1540
[222] [    18250639] 1 | True  True 00 ( 1293, 1044)   5  1128  1236
[223] [    18260557] 1 | True  True 00 ( 1272, 1033)   6  1193  1200
[224] [    18270495] 1 | True  True 00 ( 1252, 1021)   5  1031  1428
[225] [    18280428] 1 | True  True 00 ( 1235, 1007)   7  1170  1824
[226] [    18290370] 1 | True  True 00 ( 1220,  988)   7  1190  2008
[227] [    18300304] 1 | True  True 00 ( 1203,  970)   6  1022  1764
[228] [    18310247] 1 | True  True 00 ( 1184,  951)   5  1028  1660
[229] [    18320181] 1 | True  True 00 ( 1170,  932)   7  1052  1244
[230] [    18330120] 1 | True  True 00 ( 1154,  912)   6   966  1200
[231] [    18340052] 1 | True  True 00 ( 1141,  894)   7   989  1160
[232] [    18349976] 1 | True  True 00 ( 1128,  871)   5   901  1304
[233] [    18359932] 1 | True  True 00 ( 1117,  847)   6  1063  1380
[234] [    18369867] 1 | True  True 00 ( 1108,  823)   4   871  1028
[235] [    18379801] 1 | True  True 00 ( 1101,  801)   5   978  1124
[236] [    18389724] 1 | True  True 00 ( 1095,  778)   5   941  1420
[237] [    18399661] 1 | True  True 00 ( 1089,  755)   6   982  1500
[238] [    18409614] 1 | True  True 00 ( 1084,  730)   7  1066  1540
[239] [    18419557] 1 | True  True 00 ( 1081,  705)   4   925  1300
[240] [    18429474] 1 | True  True 00 ( 1082,  682)   4   898  1088
[241] [    18439431] 1 | True  True 00 ( 1081,  660)   4   878  1340
[242] [    18449369] 1 | True  True 00 ( 1081,  637)   6   924  1420
[243] [    18459304] 1 | True  True 00 ( 1081,  610)   5   890  1320
[244] [    18469242] 1 | True  True 00 ( 1084,  584)   5   953  1164
[245] [    18479176] 1 | True  True 00 ( 1089,  559)   5   959  1024
[246] [    18489097] 1 | True  True 00 ( 1095,  537)   6   964  1140
[247] [    18499032] 1 | True  True 00 ( 1105,  513)   6   920  1304
[248] [    18508968] 1 | True  True 00 ( 1117,  490)   5   969  1472
[249] [    18518905] 1 | True  True 00 ( 1131,  467)   6   986  1508
[250] [    18528839] 1 | True  True 00 ( 1147,  445)   5   953  1544
[251] [    18538783] 1 | True  True 00 ( 1162,  425)   4   952  1340
[252] [    18548720] 1 | True  True 00 ( 1178,  406)   5  1023  1344
[253] [    18558656] 1 | True  True 00 ( 1194,  388)   5  1026  1380
[254] [    18568592] 1 | True  True 00 ( 1210,  370)   7  1126  1304
[255] [    18578507] 1 | True  True 00 ( 1226,  351)   6  1100  1604
[  0] [    18588445] 1 | True  True 00 ( 1241,  334)   6  1120  1884
[  1] [    18598384] 1 | True  True 00 ( 1262,  317)   6  1176  2052
[  2] [    18608302] 1 | True  True 00 ( 1282,  301)   4  1076  1860
[  3] [    18618239] 1 | True  True 00 ( 1302,  288)   4  1116  1532
[  4] [    18628174] 1 | True  True 00 ( 1321,  277)   4  1127  1180
[  5] [    18638115] 1 | True  True 00 ( 1342,  267)   7  1240  1404
[  6] [    18648046] 1 | True  True 00 ( 1364,  260)   7  1222  1640
[  7] [    18657991] 1 | True  True 00 ( 1390,  252)   7  1245  1924
[  8] [    18667943] 1 | True  True 00 ( 1415,  244)   6  1281  1900
[  9] [    18677882] 1 | True  True 00 ( 1438,  239)   5  1217  1716
[ 10] [    18687818] 1 | True  True 00 ( 1458,  234)   5  1196  1560
[ 11] [    18697758] 1 | True  True 00 ( 1480,  229)   7  1261  1584
[ 12] [    18707696] 1 | True  True 00 ( 1504,  227)   6  1184  1812
[ 13] [    18717638] 1 | True  True 00 ( 1529,  226)   6  1257  2064
[ 14] [    18727586] 1 | True  True 00 ( 1554,  226)   6  1274  1888
[ 15] [    18737530] 1 | True  True 00 ( 1576,  227)   6  1235  1636
[ 16] [    18747468] 1 | True  True 00 ( 1597,  230)   5  1121  1300
[ 17] [    18757404] 1 | True  True 00 ( 1621,  236)   7  1239  1496
[ 18] [    18767342] 1 | True  True 00 ( 1649,  242)   6  1199  1604
[ 19] [    18777279] 1 | True  True 00 ( 1677,  248)   4  1079  1712
[ 20] [    18787217] 1 | True  True 00 ( 1701,  255)   4  1090  1772
[ 21] [    18797153] 1 | True  True 00 ( 1722,  262)   4  1039  1604
[ 22] [    18807092] 1 | True  True 00 ( 1742,  270)   6  1092  1416
[ 23] [    18817028] 1 | True  True 00 ( 1764,  282)   6  1108  1624
[ 24] [    18826966] 1 | True  True 00 ( 1787,  296)   5  1059  1812
[ 25] [    18836903] 1 | True  True 00 ( 1810,  311)   6  1194  1996
[ 26] [    18846841] 1 | True  True 00 ( 1830,  328)   4   996  1648
[ 27] [    18856777] 1 | True  True 00 ( 1846,  345)   4  1026  1484
[ 28] [    18866716] 1 | True  True 00 ( 1860,  361)   4  1033  1592
[ 29] [    18876652] 1 | True  True 00 ( 1874,  379)   7  1154  1592
[ 30] [    18886591] 1 | True  True 00 ( 1887,  400)   7  1107  1380
[ 31] [    18896527] 1 | True  True 00 ( 1898,  426)   7  1159  1192
[ 32] [    18906445] 1 | True  True 00 ( 1909,  451)   5  1007  1188
[ 33] [    18916379] 1 | True  True 00 ( 1921,  475)   7  1176  1580
[ 34] [    18926317] 1 | True  True 00 ( 1933,  498)   7  1177  1772
[ 35] [    18936259] 1 | True  True 00 ( 1945,  520)   7  1107  1708
[ 36] [    18946190] 1 | True  True 00 ( 1953,  543)   6  1064  1644
[ 37] [    18956130] 1 | True  True 00 ( 1959,  568)   6  1096  1580
[ 38] [    18966069] 1 | True  True 00 ( 1964,  591)   6  1086  1672
[ 39] [    18976008] 1 | True  True 00 ( 1968,  614)   6  1073  1716
[ 40] [    18985938] 1 | True  True 00 ( 1972,  638)   5  1102  2048
[ 41] [    18995878] 1 | True  True 00 ( 1973,  664)   6  1065  1648
[ 42] [    19005815] 1 | True  True 00 ( 1975,  688)   6  1040  1516
[ 43] [    19015756] 1 | True  True 00 ( 1973,  712)   7  1211  1556
[ 44] [    19025694] 1 | True  True 00 ( 1970,  736)   6  1015  1576
[ 45] [    19035629] 1 | True  True 00 ( 1966,  759)   7  1156  1596
[ 46] [    19045566] 1 | True  True 00 ( 1960,  785)   7  1044  1312
[ 47] [    19055507] 1 | True  True 00 ( 1951,  810)   7  1246  1312
[ 48] [    19065457] 1 | True  True 00 ( 1940,  835)   5  1115  1172
[ 49] [    19075401] 1 | True  True 00 ( 1927,  858)   4   970  1448
[ 50] [    19085338] 1 | True  True 00 ( 1916,  879)   7  1098  1728
[ 51] [    19095274] 1 | True  True 00 ( 1905,  901)   6  1116  2008
[ 52] [    19105205] 1 | True  True 00 ( 1894,  923)   7  1182  1900
[ 53] [    19115151] 1 | True  True 00 ( 1884,  947)   5  1000  1664
[ 54] [    19125087] 1 | True  True 00 ( 1872,  968)   6  1120  1484
[ 55] [    19135024] 1 | True  True 00 ( 1855,  986)   7  1190  1460
[ 56] [    19144962] 1 | True  True 00 ( 1835, 1003)   4  1019  1412
[ 57] [    19154919] 1 | True  True 00 ( 1814, 1017)   5  1088  1632
[ 58] [    19164857] 1 | True  True 00 ( 1794, 1032)   6  1118  1948
[ 59] [    19174791] 1 | True  True 00 ( 1775, 1046)   7  1143  2060
[ 60] [    19184733] 1 | True  True 00 ( 1756, 1059)   7  1182  1948
[ 61] [    19194686] 1 | True  True 00 ( 1734, 1070)   7  1168  1632
[ 62] [    19204626] 1 | True  True 00 ( 1710, 1080)   6  1146  1336
[ 63] [    19214564] 1 | True  True 00 ( 1685, 1091)   4  1009  1616
[ 64] [    19224505] 1 | True  True 00 ( 1661, 1100)   4  1023  1756
[ 65] [    19234454] 1 | True  True 00 ( 1640, 1106)   6  1120  1828
[ 66] [    19244381] 1 | True  True 00 ( 1618, 1109)   7  1152  1688
[ 67] [    19254311] 1 | True  True 00 ( 1591, 1112)   5  1024  1424
[ 68] [    19264250] 1 | True  True 00 ( 1563, 1115)   4  1028  1360
[ 69] [    19274190] 1 | True  True 00 ( 1537, 1116)   5  1109  1688
[ 70] [    19284142] 1 | True  True 00 ( 1514, 1116)   4  1029  1916
[ 71] [    19294079] 1 | True  True 00 ( 1494, 1114)   6  1162  1992
[ 72] [    19304023] 1 | True  True 00 ( 1470, 1112)   6  1086  1740
[ 73] [    19313960] 1 | True  True 00 ( 1444, 1107)   7  1220  1488
[ 74] [    19323917] 1 | True  True 00 ( 1418, 1102)   6  1131  1636
[ 75] [    19333855] 1 | True  True 00 ( 1394, 1096)   6  1131  1964
[ 76] [    19343809] 1 | True  True 00 ( 1373, 1087)   6  1167  2148
[ 77] [    19353749] 1 | True  True 00 ( 1353, 1079)   6  1126  2104
[ 78] [    19363706] 1 | True  True 00 ( 1333, 1067)   8  1272  1820
[ 79] [    19373643] 1 | True  True 00 ( 1309, 1057)   5  1058  1472
[ 80] [    19383597] 1 | True  True 00 ( 1285, 1045)   6  1183  1152
[ 81] [    19393539] 1 | True  True 00 ( 1263, 1034)   4  1045  1264
[ 82] [    19403482] 1 | True  True 00 ( 1246, 1021)   7  1245  1636
[ 83] [    19413416] 1 | True  True 00 ( 1229, 1008)   5   967  1764
[ 84] [    19423373] 1 | True  True 00 ( 1216,  990)   7  1172  1948
[ 85] [    19433311] 1 | True  True 00 ( 1201,  971)   7  1160  1884
[ 86] [    19443251] 1 | True  True 00 ( 1184,  952)   6  1045  1492
[ 87] [    19453208] 1 | True  True 00 ( 1167,  933)   6  1111  1304
[ 88] [    19463144] 1 | True  True 00 ( 1149,  914)   5   999  1200
[ 89] [    19473100] 1 | True  True 00 ( 1134,  893)   5   997  1276
[ 90] [    19483042] 1 | True  True 00 ( 1122,  869)   6   906  1248
[ 91] [    19492980] 1 | True  True 00 ( 1110,  843)   4   835  1232
[ 92] [    19502934] 1 | True  True 00 ( 1102,  819)   4   887  1012
[ 93] [    19512872] 1 | True  True 00 ( 1097,  797)   5  1004  1164
[ 94] [    19522811] 1 | True  True 00 ( 1091,  776)   5   904  1500
[ 95] [    19532744] 1 | True  True 00 ( 1087,  749)   6   958  1460
[ 96] [    19542704] 1 | True  True 00 ( 1083,  723)   4   862  1520
[ 97] [    19552647] 1 | True  True 00 ( 1079,  699)   4   897  1360
[ 98] [    19562579] 1 | True  True 00 ( 1077,  676)   4   929  1204
[ 99] [    19572517] 1 | True  True 00 ( 1077,  655)   4   873  1380
[100] [    19582471] 1 | True  True 00 ( 1079,  631)   6   956  1476
[101] [    19592412] 1 | True  True 00 ( 1082,  606)   6   999  1360
[102] [    19602349] 1 | True  True 00 ( 1085,  581)   4   897  1128
[103] [    19612289] 1 | True  True 00 ( 1089,  557)   4   900   992
[104] [    19622227] 1 | True  True 00 ( 1097,  534)   6   951  1104
[105] [    19632180] 1 | True  True 00 ( 1108,  512)   5   880  1248
[106] [    19642120] 1 | True  True 00 ( 1122,  489)   5   943  1488
[107] [    19652057] 1 | True  True 00 ( 1138,  464)   6   965  1600
[108] [    19661996] 1 | True  True 00 ( 1155,  442)   5   984  1488
[109] [    19671934] 1 | True  True 00 ( 1171,  422)   4   967  1232
[110] [    19681867] 1 | True  True 00 ( 1185,  403)   5   991  1324
[111] [    19691807] 1 | True  True 00 ( 1198,  386)   6  1045  1440
[112] [    19701744] 1 | True  True 00 ( 1212,  367)   7  1116  1392
[113] [    19711682] 1 | True  True 00 ( 1228,  349)   6  1141  1672
[114] [    19721622] 1 | True  True 00 ( 1247,  331)   7  1148  1836
[115] [    19731539] 1 | True  True 00 ( 1269,  314)   5  1117  2072
[116] [    19741476] 1 | True  True 00 ( 1289,  300)   4  1090  1860
[117] [    19751429] 1 | True  True 00 ( 1308,  288)   4  1138  1508
[118] [    19761369] 1 | True  True 00 ( 1326,  277)   4  1053  1100
[119] [    19771306] 1 | True  True 00 ( 1344,  268)   5  1107  1456
[120] [    19781243] 1 | True  True 00 ( 1368,  260)   6  1207  1640
[121] [    19791180] 1 | True  True 00 ( 1395,  252)   7  1318  1900
[122] [    19801119] 1 | True  True 00 ( 1419,  246)   5  1183  1952
[123] [    19811056] 1 | True  True 00 ( 1440,  241)   5  1206  1796
[124] [    19820990] 1 | True  True 00 ( 1461,  237)   6  1289  1384
[125] [    19830930] 1 | True  True 00 ( 1484,  233)   6  1232  1584
[126] [    19840868] 1 | True  True 00 ( 1512,  231)   6  1154  1912
[127] [    19850806] 1 | True  True 00 ( 1539,  230)   5  1188  2012
[128] [    19860724] 1 | True  True 00 ( 1563,  228)   6  1304  1836
[129] [    19870656] 1 | True  True 00 ( 1583,  230)   5  1153  1508
[130] [    19880599] 1 | True  True 00 ( 1604,  233)   5  1129  1324
[131] [    19890533] 1 | True  True 00 ( 1628,  237)   6  1164  1496
[132] [    19900468] 1 | True  True 00 ( 1656,  241)   7  1210  1548
[133] [    19910409] 1 | True  True 00 ( 1683,  247)   4  1118  1772
[134] [    19920346] 1 | True  True 00 ( 1707,  254)   4  1112  1648
[135] [    19930280] 1 | True  True 00 ( 1727,  262)   4  1037  1604
[136] [    19940202] 1 | True  True 00 ( 1746,  272)   6  1118  1488
[137] [    19950139] 1 | True  True 00 ( 1767,  286)   5  1007  1648
[138] [    19960076] 1 | True  True 00 ( 1787,  300)   6  1133  1788
[139] [    19970012] 1 | True  True 00 ( 1809,  315)   6  1172  1952
[140] [    19979951] 1 | True  True 00 ( 1830,  333)   4  1053  1488
[141] [    19989887] 1 | True  True 00 ( 1848,  349)   4  1064  1548
[142] [    19999818] 1 | True  True 00 ( 1863,  365)   5  1087  1612
[143] [    20009742] 1 | True  True 00 ( 1875,  384)   6  1073  1568
[144] [    20019680] 1 | True  True 00 ( 1887,  407)   8  1183  1424
[145] [    20029615] 1 | True  True 00 ( 1901,  430)   6  1066  1156
[146] [    20039554] 1 | True  True 00 ( 1913,  453)   6  1053  1188
[147] [    20049487] 1 | True  True 00 ( 1925,  475)   6  1070  1472
[148] [    20059427] 1 | True  True 00 ( 1935,  496)   7  1055  1600
[149] [    20069365] 1 | True  True 00 ( 1946,  520)   7  1160  1816
[150] [    20079304] 1 | True  True 00 ( 1953,  544)   6  1078  1664
[151] [    20089260] 1 | True  True 00 ( 1960,  571)   6  1050  1404
[152] [    20099197] 1 | True  True 00 ( 1966,  595)   6  1088  1672
[153] [    20109133] 1 | True  True 00 ( 1971,  618)   8  1191  1892
[154] [    20119069] 1 | True  True 00 ( 1972,  641)   5   970  1692
[155] [    20129007] 1 | True  True 00 ( 1972,  665)   6  1086  1760
[156] [    20138942] 1 | True  True 00 ( 1971,  691)   6  1142  1628
[157] [    20148869] 1 | True  True 00 ( 1969,  716)   7  1125  1656
[158] [    20158819] 1 | True  True 00 ( 1966,  740)   5   999  1536
[159] [    20168757] 1 | True  True 00 ( 1961,  762)   7  1139  1596
[160] [    20178696] 1 | True  True 00 ( 1956,  786)   7  1186  1496
[161] [    20188635] 1 | True  True 00 ( 1947,  814)   5   949  1072
[162] [    20198570] 1 | True  True 00 ( 1938,  838)   5  1016  1040
[163] [    20208508] 1 | True  True 00 ( 1926,  860)   5  1064  1512
[164] [    20218442] 1 | True  True 00 ( 1915,  882)   6  1117  1856
[165] [    20228387] 1 | True  True 00 ( 1904,  905)   5  1037  1924
[166] [    20238335] 1 | True  True 00 ( 1894,  927)   7  1215  1924
[167] [    20248277] 1 | True  True 00 ( 1883,  949)   5  1026  1684
[168] [    20258200] 1 | True  True 00 ( 1868,  970)   7  1214  1492
[169] [    20268137] 1 | True  True 00 ( 1850,  988)   6  1137  1508
[170] [    20278084] 1 | True  True 00 ( 1829, 1004)   4  1007  1336
[171] [    20288028] 1 | True  True 00 ( 1809, 1017)   5  1140  1744
[172] [    20297986] 1 | True  True 00 ( 1790, 1031)   6  1149  1972
[173] [    20307924] 1 | True  True 00 ( 1770, 1045)   7  1127  2040
[174] [    20317859] 1 | True  True 00 ( 1750, 1058)   7  1175  1904
[175] [    20327798] 1 | True  True 00 ( 1728, 1070)   6  1142  1608
[176] [    20337736] 1 | True  True 00 ( 1702, 1082)   5  1044  1376
[177] [    20347675] 1 | True  True 00 ( 1678, 1093)   5  1061  1640
[178] [    20357608] 1 | True  True 00 ( 1656, 1100)   4  1019  1852
[179] [    20367547] 1 | True  True 00 ( 1636, 1106)   6  1122  1828
[180] [    20377507] 1 | True  True 00 ( 1613, 1110)   6  1090  1664
[181] [    20387445] 1 | True  True 00 ( 1585, 1112)   7  1168  1400
[182] [    20397381] 1 | True  True 00 ( 1557, 1114)   4  1032  1464
[183] [    20407320] 1 | True  True 00 ( 1532, 1116)   5  1122  1764
[184] [    20417257] 1 | True  True 00 ( 1510, 1115)   6  1162  1892
[185] [    20427207] 1 | True  True 00 ( 1489, 1113)   6  1121  1944
[186] [    20437150] 1 | True  True 00 ( 1465, 1109)   7  1191  1664
[187] [    20447092] 1 | True  True 00 ( 1439, 1104)   7  1214  1412
[188] [    20457026] 1 | True  True 00 ( 1414, 1099)   6  1148  1728
[189] [    20466963] 1 | True  True 00 ( 1391, 1092)   6  1173  2008
[190] [    20476904] 1 | True  True 00 ( 1371, 1082)   6  1159  2124
[191] [    20486840] 1 | True  True 00 ( 1353, 1073)   6  1137  1984
[192] [    20496775] 1 | True  True 00 ( 1331, 1065)   5  1005  1752
[193] [    20506713] 1 | True  True 00 ( 1307, 1054)   6  1185  1448
[194] [    20516647] 1 | True  True 00 ( 1284, 1043)   7  1197  1108
[195] [    20526586] 1 | True  True 00 ( 1265, 1031)   5  1125  1324
[196] [    20536521] 1 | True  True 00 ( 1246, 1019)   5  1034  1572
[197] [    20546464] 1 | True  True 00 ( 1230, 1004)   6  1111  1928
[198] [    20556397] 1 | True  True 00 ( 1215,  988)   7  1050  1908
[199] [    20566339] 1 | True  True 00 ( 1202,  968)   6  1118  1804
[200] [    20576272] 1 | True  True 00 ( 1183,  949)   5   918  1452
[201] [    20586214] 1 | True  True 00 ( 1165,  930)   6  1076  1284
[202] [    20596149] 1 | True  True 00 ( 1152,  909)   7  1075  1296
[203] [    20606087] 1 | True  True 00 ( 1139,  888)   6  1094  1276
[204] [    20616021] 1 | True  True 00 ( 1125,  865)   6  1006  1268
[205] [    20625963] 1 | True  True 00 ( 1113,  839)   4   872  1248
[206] [    20635917] 1 | True  True 00 ( 1106,  815)   5   951   968
[207] [    20645836] 1 | True  True 00 ( 1100,  792)   6  1019  1300
[208] [    20655791] 1 | True  True 00 ( 1095,  771)   6   997  1500
[209] [    20665711] 1 | True  True 00 ( 1089,  748)   7  1028  1580
[210] [    20675645] 1 | True  True 00 ( 1084,  722)   4   904  1616
[211] [    20685587] 1 | True  True 00 ( 1080,  698)   4   922  1244
[212] [    20695520] 1 | True  True 00 ( 1078,  674)   5   989  1284
[213] [    20705444] 1 | True  True 00 ( 1078,  653)   5   885  1360
[214] [    20715381] 1 | True  True 00 ( 1079,  628)   8  1061  1476
[215] [    20725335] 1 | True  True 00 ( 1080,  601)   4   859  1360
[216] [    20735270] 1 | True  True 00 ( 1084,  576)   4   916  1128
[217] [    20745212] 1 | True  True 00 ( 1088,  552)   5   959   964
[218] [    20755145] 1 | True  True 00 ( 1094,  530)   6   955  1140
[219] [    20765082] 1 | True  True 00 ( 1106,  507)   6   971  1304
[220] [    20775022] 1 | True  True 00 ( 1118,  484)   6   937  1508
[221] [    20784980] 1 | True  True 00 ( 1135,  460)   6  1023  1672
[222] [    20794918] 1 | True  True 00 ( 1152,  438)   5  1002  1488
[223] [    20804857] 1 | True  True 00 ( 1169,  418)   4   938  1248
[224] [    20814786] 1 | True  True 00 ( 1183,  400)   4   963  1400
[225] [    20824728] 1 | True  True 00 ( 1196,  383)   5   990  1420
[226] [    20834666] 1 | True  True 00 ( 1212,  364)   4   928  1436
[227] [    20844604] 1 | True  True 00 ( 1230,  346)   6  1129  1720
[228] [    20854562] 1 | True  True 00 ( 1249,  329)   7  1240  2004
[229] [    20864498] 1 | True  True 00 ( 1270,  312)   7  1232  2004
[230] [    20874433] 1 | True  True 00 ( 1289,  298)   4  1121  1884
[231] [    20884377] 1 | True  True 00 ( 1308,  286)   5  1198  1460
[232] [    20894313] 1 | True  True 00 ( 1327,  275)   5  1196  1200
[233] [    20904249] 1 | True  True 00 ( 1347,  265)   5  1118  1484
[234] [    20914188] 1 | True  True 00 ( 1372,  258)   7  1243  1664
[235] [    20924144] 1 | True  True 00 ( 1397,  252)   5  1188  2004
[236] [    20934082] 1 | True  True 00 ( 1422,  245)   6  1299  1900
[237] [    20944017] 1 | True  True 00 ( 1443,  239)   5  1223  1768
[238] [    20953959] 1 | True  True 00 ( 1463,  235)   5  1170  1404
[239] [    20963892] 1 | True  True 00 ( 1486,  232)   6  1276  1712
[240] [    20973835] 1 | True  True 00 ( 1514,  229)   6  1227  1988
[241] [    20983769] 1 | True  True 00 ( 1541,  229)   5  1137  1912
[242] [    20993707] 1 | True  True 00 ( 1563,  229)   6  1243  1784
[243] [    21003641] 1 | True  True 00 ( 1583,  231)   4  1111  1484
[244] [    21013582] 1 | True  True 00 ( 1606,  234)   6  1166  1400
[245] [    21023516] 1 | True  True 00 ( 1631,  238)   6  1129  1596
[246] [    21033459] 1 | True  True 00 ( 1661,  244)   5  1081  1520
[247] [    21043394] 1 | True  True 00 ( 1687,  249)   4  1121  1688
[248] [    21053333] 1 | True  True 00 ( 1709,  255)   4  1051  1688
[249] [        9527] 1 | True  True 00 ( 1730,  263)   6  1161  1456
[250] [       19466] 1 | True  True 00 ( 1751,  273)   6  1152  1556
[251] [       29404] 1 | True  True 00 ( 1775,  287)   5  1075  1696
[252] [       39344] 1 | True  True 00 ( 1796,  301)   6  1140  1952
[253] [       49275] 1 | True  True 00 ( 1817,  317)   6  1161  1860
[254] [       59216] 1 | True  True 00 ( 1835,  335)   4  1044  1556
[255] [       69153] 1 | True  True 00 ( 1851,  350)   4  1048  1528
[  0] [       79086] 1 | True  True 00 ( 1865,  366)   5  1020  1548
[  1] [       89026] 1 | True  True 00 ( 1877,  386)   6  1118  1632
[  2] [       98986] 1 | True  True 00 ( 1888,  408)   6  1076  1340
[  3] [      108923] 1 | True  True 00 ( 1902,  432)   6  1094  1192
[  4] [      118860] 1 | True  True 00 ( 1914,  456)   6  1074  1232
[  5] [      128810] 1 | True  True 00 ( 1926,  482)   7  1160  1536
[  6] [      138753] 1 | True  True 00 ( 1937,  505)   6  1057  1728
[  7] [      148696] 1 | True  True 00 ( 1946,  529)   6  1091  1708
[  8] [      158631] 1 | True  True 00 ( 1955,  555)   7  1141  1664
[  9] [      168590] 1 | True  True 00 ( 1963,  579)   6  1167  1604
[ 10] [      178520] 1 | True  True 00 ( 1968,  602)   6  1127  1760
[ 11] [      188460] 1 | True  True 00 ( 1970,  623)   7  1133  1936
[ 12] [      198399] 1 | True  True 00 ( 1972,  646)   5  1030  1956
[ 13] [      208359] 1 | True  True 00 ( 1973,  671)   6  1055  1516
[ 14] [      218309] 1 | True  True 00 ( 1973,  697)   6  1076  1408
[ 15] [      228253] 1 | True  True 00 ( 1970,  721)   5   965  1516
[ 16] [      238192] 1 | True  True 00 ( 1963,  745)   4   907  1476
[ 17] [      248126] 1 | True  True 00 ( 1955,  767)   6  1025  1332
[ 18] [      258082] 1 | True  True 00 ( 1948,  795)   7  1131  1372
[ 19] [      268021] 1 | True  True 00 ( 1939,  822)   5   980  1052
[ 20] [      277961] 1 | True  True 00 ( 1931,  845)   5  1122  1192
[ 21] [      287900] 1 | True  True 00 ( 1921,  865)   5  1042  1532
[ 22] [      297834] 1 | True  True 00 ( 1912,  886)   6  1074  1728
[ 23] [      307774] 1 | True  True 00 ( 1904,  907)   6  1097  1836
[ 24] [      317714] 1 | True  True 00 ( 1895,  930)   7  1160  1836
[ 25] [      327666] 1 | True  True 00 ( 1884,  952)   7  1114  1492
[ 26] [      337606] 1 | True  True 00 ( 1868,  972)   6  1151  1508
[ 27] [      347541] 1 | True  True 00 ( 1849,  991)   6  1088  1460
[ 28] [      357486] 1 | True  True 00 ( 1827, 1007)   6  1111  1404
[ 29] [      367417] 1 | True  True 00 ( 1806, 1021)   6  1152  1788
[ 30] [      377355] 1 | True  True 00 ( 1787, 1035)   6  1112  2016
[ 31] [      387292] 1 | True  True 00 ( 1770, 1048)   7  1185  2040
[ 32] [      397207] 1 | True  True 00 ( 1750, 1062)   6  1093  1856
[ 33] [      407146] 1 | True  True 00 ( 1726, 1075)   6  1095  1516
[ 34] [      417087] 1 | True  True 00 ( 1700, 1087)   5  1070  1424
[ 35] [      427018] 1 | True  True 00 ( 1675, 1096)   5  1083  1688
[ 36] [      436958] 1 | True  True 00 ( 1654, 1102)   6  1135  1804
[ 37] [      446898] 1 | True  True 00 ( 1633, 1108)   5  1076  1900
[ 38] [      456832] 1 | True  True 00 ( 1609, 1110)   7  1176  1664
[ 39] [      466752] 1 | True  True 00 ( 1582, 1113)   6  1128  1376
[ 40] [      476690] 1 | True  True 00 ( 1555, 1114)   6  1164  1436
[ 41] [      486624] 1 | True  True 00 ( 1530, 1113)   6  1194  1792
[ 42] [      496563] 1 | True  True 00 ( 1508, 1114)   4  1023  1916
[ 43] [      506499] 1 | True  True 00 ( 1486, 1114)   6  1105  1968
[ 44] [      516418] 1 | True  True 00 ( 1461, 1111)   6  1113  1616
[ 45] [      526355] 1 | True  True 00 ( 1435, 1106)   7  1214  1412
[ 46] [      536285] 1 | True  True 00 ( 1411, 1099)   6  1213  1752
[ 47] [      546231] 1 | True  True 00 ( 1389, 1091)   6  1212  2056
[ 48] [      556160] 1 | True  True 00 ( 1368, 1081)   6  1187  2172
[ 49] [      566104] 1 | True  True 00 ( 1348, 1072)   7  1217  2080
[ 50] [      576034] 1 | True  True 00 ( 1325, 1063)   5  1031  1704
[ 51] [      585981] 1 | True  True 00 ( 1302, 1052)   6  1145  1400
[ 52] [      595917] 1 | True  True 00 ( 1279, 1042)   5  1069  1152
[ 53] [      605853] 1 | True  True 00 ( 1259, 1031)   5  1108  1324
[ 54] [      615785] 1 | True  True 00 ( 1243, 1019)   6  1108  1636
[ 55] [      625723] 1 | True  True 00 ( 1226, 1002)   7  1172  1992
[ 56] [      635662] 1 | True  True 00 ( 1212,  985)   8  1155  1968
[ 57] [      645601] 1 | True  True 00 ( 1198,  964)   7  1082  1676
[ 58] [      655537] 1 | True  True 00 ( 1181,  945)   8  1069  1408
[ 59] [      665474] 1 | True  True 00 ( 1164,  925)   5   977  1236
[ 60] [      675409] 1 | True  True 00 ( 1146,  905)   5   979  1216
[ 61] [      685354] 1 | True  True 00 ( 1131,  884)   7   958  1212
[ 62] [      695283] 1 | True  True 00 ( 1119,  859)   5   886  1268
[ 63] [      705227] 1 | True  True 00 ( 1110,  835)   4   896  1248
[ 64] [      715177] 1 | True  True 00 ( 1101,  813)   4   920  1084
[ 65] [      725121] 1 | True  True 00 ( 1096,  791)   7  1068  1320
[ 66] [      735059] 1 | True  True 00 ( 1090,  767)   7  1051  1600
[ 67] [      744994] 1 | True  True 00 ( 1084,  742)   6   975  1656
[ 68] [      754937] 1 | True  True 00 ( 1079,  716)   4   896  1560
[ 69] [      764872] 1 | True  True 00 ( 1078,  693)   4   925  1144
[ 70] [      774811] 1 | True  True 00 ( 1077,  670)   4   865  1244
[ 71] [      784746] 1 | True  True 00 ( 1078,  649)   5   907  1420
[ 72] [      794686] 1 | True  True 00 ( 1079,  623)   5   916  1456
[ 73] [      804620] 1 | True  True 00 ( 1083,  598)   5   962  1284
[ 74] [      814559] 1 | True  True 00 ( 1086,  573)   4   879  1012
[ 75] [      824493] 1 | True  True 00 ( 1091,  550)   5   920   992
[ 76] [      834429] 1 | True  True 00 ( 1099,  528)   6  1014  1232
[ 77] [      844366] 1 | True  True 00 ( 1111,  505)   5   932  1472
[ 78] [      854309] 1 | True  True 00 ( 1125,  481)   7  1082  1564
[ 79] [      864243] 1 | True  True 00 ( 1141,  457)   6  1026  1616
[ 80] [      874186] 1 | True  True 00 ( 1157,  435)   4   948  1524
[ 81] [      884120] 1 | True  True 00 ( 1171,  416)   4   958  1304
[ 82] [      894059] 1 | True  True 00 ( 1186,  398)   6  1064  1344
[ 83] [      903995] 1 | True  True 00 ( 1200,  381)   6  1091  1496
[ 84] [      913936] 1 | True  True 00 ( 1214,  361)   6  1064  1368
[ 85] [      923868] 1 | True  True 00 ( 1231,  343)   6  1128  1720
[ 86] [      933792] 1 | True  True 00 ( 1251,  326)   6  1211  1980
[ 87] [      943743] 1 | True  True 00 ( 1273,  309)   5  1145  2144
[ 88] [      953678] 1 | True  True 00 ( 1293,  295)   4  1160  1792
[ 89] [      963620] 1 | True  True 00 ( 1312,  283)   4  1096  1344
[ 90] [      973558] 1 | True  True 00 ( 1330,  272)   5  1199  1248
[ 91] [      983491] 1 | True  True 00 ( 1352,  263)   6  1192  1456
[ 92] [      993431] 1 | True  True 00 ( 1376,  255)   8  1270  1692
[ 93] [     1003365] 1 | True  True 00 ( 1402,  248)   5  1160  2004
[ 94] [     1013289] 1 | True  True 00 ( 1426,  244)   6  1201  1716
[ 95] [     1023218] 1 | True  True 00 ( 1447,  239)   5  1242  1692
[ 96] [     1033154] 1 | True  True 00 ( 1470,  235)   6  1236  1408
[ 97] [     1043099] 1 | True  True 00 ( 1493,  232)   7  1218  1636
[ 98] [     1053028] 1 | True  True 00 ( 1519,  230)   7  1243  1888
[ 99] [     1062951] 1 | True  True 00 ( 1544,  228)   6  1225  2012
[100] [     1072870] 1 | True  True 00 ( 1566,  227)   6  1225  1736
[101] [     1082806] 1 | True  True 00 ( 1586,  230)   5  1117  1384
[102] [     1092741] 1 | True  True 00 ( 1608,  234)   5  1116  1376
[103] [     1102660] 1 | True  True 00 ( 1633,  239)   6  1128  1548
[104] [     1112599] 1 | True  True 00 ( 1662,  244)   5  1143  1712
[105] [     1122547] 1 | True  True 00 ( 1689,  250)   5  1154  1648
[106] [     1132471] 1 | True  True 00 ( 1711,  256)   4  1110  1688
[107] [     1142402] 1 | True  True 00 ( 1731,  263)   5  1144  1584
[108] [     1152349] 1 | True  True 00 ( 1749,  274)   5  1069  1508
[109] [     1162276] 1 | True  True 00 ( 1771,  287)   6  1160  1836
[110] [     1172201] 1 | True  True 00 ( 1792,  302)   7  1116  1928
[111] [     1182151] 1 | True  True 00 ( 1815,  319)   5  1054  1812
[112] [     1192076] 1 | True  True 00 ( 1835,  336)   5  1105  1488
[113] [     1202026] 1 | True  True 00 ( 1851,  352)   4  1049  1612
[114] [     1211951] 1 | True  True 00 ( 1865,  368)   5  1047  1652
[115] [     1221881] 1 | True  True 00 ( 1879,  388)   6  1100  1528
[116] [     1231823] 1 | True  True 00 ( 1893,  412)   7  1082  1176
[117] [     1241762] 1 | True  True 00 ( 1905,  436)   6  1099  1156
[118] [     1251695] 1 | True  True 00 ( 1916,  460)   6  1124  1428
[119] [     1261612] 1 | True  True 00 ( 1927,  483)   6  1066  1644
[120] [     1271550] 1 | True  True 00 ( 1941,  506)   8  1196  1796
[121] [     1281485] 1 | True  True 00 ( 1950,  527)   6  1042  1840
[122] [     1291424] 1 | True  True 00 ( 1957,  550)   6  1122  1752
[123] [     1301381] 1 | True  True 00 ( 1961,  575)   6  1091  1448
[124] [     1311322] 1 | True  True 00 ( 1966,  599)   6  1134  1868
[125] [     1321255] 1 | True  True 00 ( 1970,  624)   6  1074  1736
[126] [     1331195] 1 | True  True 00 ( 1973,  648)   6  1096  2000
[127] [     1341136] 1 | True  True 00 ( 1975,  673)   6  1108  1804
[128] [     1351072] 1 | True  True 00 ( 1974,  698)   6  1057  1364
[129] [     1361004] 1 | True  True 00 ( 1972,  723)   6  1023  1656
[130] [     1370945] 1 | True  True 00 ( 1966,  745)   6  1004  1476
[131] [     1380885] 1 | True  True 00 ( 1957,  768)   6  1046  1416
[132] [     1390842] 1 | True  True 00 ( 1949,  794)   5   952  1272
[133] [     1400773] 1 | True  True 00 ( 1939,  822)   4   996  1128
[134] [     1410720] 1 | True  True 00 ( 1929,  846)   4   977  1144
[135] [     1420668] 1 | True  True 00 ( 1919,  868)   5  1112  1684
[136] [     1430592] 1 | True  True 00 ( 1909,  890)   7  1064  1684
[137] [     1440542] 1 | True  True 00 ( 1899,  913)   6  1089  1944
[138] [     1450486] 1 | True  True 00 ( 1889,  935)   7  1200  1880
[139] [     1460427] 1 | True  True 00 ( 1880,  957)   6  1076  1512
[140] [     1470362] 1 | True  True 00 ( 1862,  978)   7  1133  1436
[141] [     1480321] 1 | True  True 00 ( 1842,  994)   4  1026  1388
[142] [     1490252] 1 | True  True 00 ( 1822, 1008)   5  1102  1428
[143] [     1500193] 1 | True  True 00 ( 1802, 1022)   6  1131  1812
[144] [     1510152] 1 | True  True 00 ( 1783, 1036)   6  1111  2060
[145] [     1520089] 1 | True  True 00 ( 1764, 1049)   6  1100  2084
[146] [     1530047] 1 | True  True 00 ( 1744, 1062)   5  1055  1812
[147] [     1539988] 1 | True  True 00 ( 1720, 1073)   7  1174  1472
[148] [     1549925] 1 | True  True 00 ( 1695, 1085)   5  1068  1496
[149] [     1559859] 1 | True  True 00 ( 1672, 1095)   4  1014  1688
[150] [     1569798] 1 | True  True 00 ( 1651, 1101)   6  1159  1876
[151] [     1579751] 1 | True  True 00 ( 1629, 1107)   5  1049  1804
[152] [     1589694] 1 | True  True 00 ( 1605, 1111)   6  1086  1616
[153] [     1599632] 1 | True  True 00 ( 1578, 1113)   6  1146  1328
[154] [     1609588] 1 | True  True 00 ( 1551, 1114)   5  1107  1540
[155] [     1619526] 1 | True  True 00 ( 1526, 1114)   6  1212  1840
[156] [     1629484] 1 | True  True 00 ( 1505, 1113)   7  1206  2020
[157] [     1639443] 1 | True  True 00 ( 1483, 1111)   6  1138  1868
[158] [     1649375] 1 | True  True 00 ( 1457, 1109)   6  1109  1616
[159] [     1659336] 1 | True  True 00 ( 1430, 1106)   5  1048  1448
[160] [     1669272] 1 | True  True 00 ( 1406, 1101)   6  1142  1820
[161] [     1679230] 1 | True  True 00 ( 1384, 1092)   6  1197  2080
[162] [     1689173] 1 | True  True 00 ( 1364, 1082)   6  1151  2104
[163] [     1699108] 1 | True  True 00 ( 1345, 1073)   6  1119  2008
[164] [     1709047] 1 | True  True 00 ( 1324, 1062)   6  1181  1612
[165] [     1719001] 1 | True  True 00 ( 1300, 1050)   5  1148  1356
[166] [     1728941] 1 | True  True 00 ( 1277, 1038)   5  1155  1152
[167] [     1738880] 1 | True  True 00 ( 1259, 1027)   5  1120  1304
[168] [     1748836] 1 | True  True 00 ( 1240, 1014)   6  1126  1740
[169] [     1758773] 1 | True  True 00 ( 1226,  999)   7  1172  1968
[170] [     1768709] 1 | True  True 00 ( 1211,  979)   7  1123  1884
[171] [     1778665] 1 | True  True 00 ( 1197,  960)   7  1146  1720
[172] [     1788607] 1 | True  True 00 ( 1177,  941)   6  1043  1388
[173] [     1798547] 1 | True  True 00 ( 1158,  922)   6   969  1056
[174] [     1808481] 1 | True  True 00 ( 1143,  902)   7  1018  1236
[175] [     1818420] 1 | True  True 00 ( 1130,  883)   7  1054  1288
[176] [     1828353] 1 | True  True 00 ( 1119,  859)   6  1016  1324
[177] [     1838298] 1 | True  True 00 ( 1109,  836)   4   892  1248
[178] [     1848232] 1 | True  True 00 ( 1100,  812)   4   950  1064
[179] [     1858168] 1 | True  True 00 ( 1094,  790)   5  1020  1400
[180] [     1868105] 1 | True  True 00 ( 1090,  768)   6  1019  1480
[181] [     1878062] 1 | True  True 00 ( 1085,  741)   6   932  1600
[182] [     1887979] 1 | True  True 00 ( 1081,  714)   5   968  1460
[183] [     1897918] 1 | True  True 00 ( 1079,  689)   4   885  1044
[184] [     1907853] 1 | True  True 00 ( 1078,  667)   4   894  1244
[185] [     1917796] 1 | True  True 00 ( 1078,  643)   7  1022  1476
[186] [     1927750] 1 | True  True 00 ( 1078,  617)   6   956  1456
[187] [     1937689] 1 | True  True 00 ( 1081,  592)   4   902  1284
[188] [     1947620] 1 | True  True 00 ( 1085,  568)   5   947  1048
[189] [     1957582] 1 | True  True 00 ( 1091,  546)   5   906   972
[190] [     1967516] 1 | True  True 00 ( 1099,  524)   6   979  1268
[191] [     1977461] 1 | True  True 00 ( 1111,  500)   5   890  1340
[192] [     1987410] 1 | True  True 00 ( 1124,  477)   5   890  1580
[193] [     1997354] 1 | True  True 00 ( 1140,  454)   5   946  1580
[194] [     2007292] 1 | True  True 00 ( 1158,  433)   5  1022  1396
[195] [     2017247] 1 | True  True 00 ( 1173,  413)   4   942  1304
[196] [     2027187] 1 | True  True 00 ( 1188,  393)   6  1065  1440
[197] [     2037126] 1 | True  True 00 ( 1201,  375)   6  1084  1344
[198] [     2047081] 1 | True  True 00 ( 1218,  356)   6  1135  1556
[199] [     2057017] 1 | True  True 00 ( 1235,  339)   6  1131  1672
[200] [     2066974] 1 | True  True 00 ( 1257,  321)   7  1176  1884
[201] [     2076917] 1 | True  True 00 ( 1278,  306)   5  1138  2052
[202] [     2086871] 1 | True  True 00 ( 1297,  293)   4  1100  1696
[203] [     2096811] 1 | True  True 00 ( 1315,  281)   4  1123  1296
[204] [     2106750] 1 | True  True 00 ( 1332,  271)   4  1155  1300
[205] [     2116705] 1 | True  True 00 ( 1352,  263)   8  1366  1536
[206] [     2126641] 1 | True  True 00 ( 1376,  255)   7  1266  1820
[207] [     2136584] 1 | True  True 00 ( 1403,  248)   5  1195  1980
[208] [     2146532] 1 | True  True 00 ( 1428,  241)   7  1371  1952
[209] [     2156475] 1 | True  True 00 ( 1450,  237)   5  1196  1612
[210] [     2166411] 1 | True  True 00 ( 1471,  233)   6  1235  1408
[211] [     2176352] 1 | True  True 00 ( 1494,  229)   7  1220  1712
[212] [     2186308] 1 | True  True 00 ( 1520,  228)   6  1127  1936
[213] [     2196246] 1 | True  True 00 ( 1545,  227)   6  1248  1960
[214] [     2206187] 1 | True  True 00 ( 1568,  228)   6  1190  1636
[215] [     2216117] 1 | True  True 00 ( 1591,  232)   6  1240  1276
[216] [     2226057] 1 | True  True 00 ( 1613,  235)   5  1092  1348
[217] [     2236016] 1 | True  True 00 ( 1641,  241)   6  1166  1496
[218] [     2245953] 1 | True  True 00 ( 1670,  246)   4  1047  1624
[219] [     2255889] 1 | True  True 00 ( 1696,  252)   4  1112  1712
[220] [     2265834] 1 | True  True 00 ( 1717,  259)   4  1052  1604
[221] [     2275761] 1 | True  True 00 ( 1736,  267)   6  1153  1456
[222] [     2285706] 1 | True  True 00 ( 1755,  279)   6  1085  1532
[223] [     2295636] 1 | True  True 00 ( 1777,  293)   6  1117  1740
[224] [     2305582] 1 | True  True 00 ( 1797,  308)   6  1083  1880
[225] [     2315530] 1 | True  True 00 ( 1819,  325)   5  1096  1764
[226] [     2325474] 1 | True  True 00 ( 1838,  341)   4  1063  1488
[227] [     2335413] 1 | True  True 00 ( 1855,  357)   4  1048  1592
[228] [     2345348] 1 | True  True 00 ( 1869,  373)   7  1131  1592
[229] [     2355290] 1 | True  True 00 ( 1882,  394)   7  1116  1592
[230] [     2365225] 1 | True  True 00 ( 1895,  419)   6  1058  1172
[231] [     2375164] 1 | True  True 00 ( 1908,  443)   5  1049  1212
[232] [     2385099] 1 | True  True 00 ( 1918,  465)   6  1067  1404
[233] [     2395039] 1 | True  True 00 ( 1928,  488)   7  1142  1580
[234] [     2404974] 1 | True  True 00 ( 1938,  509)   6  1032  1752
[235] [     2414913] 1 | True  True 00 ( 1946,  532)   6  1105  1752
[236] [     2424868] 1 | True  True 00 ( 1955,  557)   7  1119  1472
[237] [     2434808] 1 | True  True 00 ( 1961,  581)   6  1098  1496
[238] [     2444740] 1 | True  True 00 ( 1966,  606)   7  1216  1980
[239] [     2454658] 1 | True  True 00 ( 1971,  629)   7  1145  1760
[240] [     2464600] 1 | True  True 00 ( 1973,  652)   5  1045  2048
[241] [     2474535] 1 | True  True 00 ( 1974,  678)   7  1153  1736
[242] [     2484490] 1 | True  True 00 ( 1975,  704)   6  1029  1384
[243] [     2494432] 1 | True  True 00 ( 1972,  727)   6  1068  1616
[244] [     2504371] 1 | True  True 00 ( 1967,  751)   6   973  1516
[245] [     2514306] 1 | True  True 00 ( 1961,  776)   7  1209  1516
[246] [     2524238] 1 | True  True 00 ( 1951,  802)   5  1072  1252
[247] [     2534179] 1 | True  True 00 ( 1942,  828)   5  1053  1092
[248] [     2544119] 1 | True  True 00 ( 1931,  851)   4  1043  1276
[249] [     2554053] 1 | True  True 00 ( 1921,  871)   5  1030  1556
[250] [     2563994] 1 | True  True 00 ( 1910,  891)   6  1126  1924
[251] [     2573928] 1 | True  True 00 ( 1900,  914)   6  1096  1880
[252] [     2583867] 1 | True  True 00 ( 1890,  937)   5  1024  1792
[253] [     2593802] 1 | True  True 00 ( 1876,  958)   7  1216  1664
[254] [     2603741] 1 | True  True 00 ( 1859,  978)   7  1188  1484
[255] [     2613661] 1 | True  True 00 ( 1838,  995)   4  1021  1388
[  0] [     2623595] 1 | True  True 00 ( 1818, 1010)   5  1082  1516
[  1] [     2633534] 1 | True  True 00 ( 1798, 1025)   6  1076  1856
[  2] [     2643469] 1 | True  True 00 ( 1781, 1039)   6  1113  2016
[  3] [     2653404] 1 | True  True 00 ( 1762, 1054)   6  1068  2016
[  4] [     2663341] 1 | True  True 00 ( 1741, 1067)   6  1105  1720
[  5] [     2673264] 1 | True  True 00 ( 1717, 1079)   6  1102  1404
[  6] [     2683202] 1 | True  True 00 ( 1692, 1088)   6  1133  1520
[  7] [     2693131] 1 | True  True 00 ( 1668, 1096)   6  1153  1756
[  8] [     2703055] 1 | True  True 00 ( 1646, 1102)   5  1062  1852
[  9] [     2713005] 1 | True  True 00 ( 1626, 1107)   6  1117  1780
[ 10] [     2722930] 1 | True  True 00 ( 1601, 1111)   5  1048  1520
[ 11] [     2732868] 1 | True  True 00 ( 1573, 1113)   7  1188  1304
[ 12] [     2742826] 1 | True  True 00 ( 1546, 1115)   4  1037  1564
[ 13] [     2752756] 1 | True  True 00 ( 1522, 1117)   5  1084  1792
[ 14] [     2762701] 1 | True  True 00 ( 1501, 1116)   6  1128  1892
[ 15] [     2772655] 1 | True  True 00 ( 1479, 1113)   8  1238  1868
[ 16] [     2782592] 1 | True  True 00 ( 1454, 1111)   6  1089  1564
[ 17] [     2792530] 1 | True  True 00 ( 1427, 1107)   6  1095  1496
[ 18] [     2802464] 1 | True  True 00 ( 1403, 1100)   6  1159  1844
[ 19] [     2812408] 1 | True  True 00 ( 1381, 1091)   6  1180  2080
[ 20] [     2822343] 1 | True  True 00 ( 1361, 1081)   6  1180  2172
[ 21] [     2832283] 1 | True  True 00 ( 1343, 1070)   6  1182  1984
[ 22] [     2842217] 1 | True  True 00 ( 1321, 1059)   6  1185  1660
[ 23] [     2852156] 1 | True  True 00 ( 1296, 1049)   4  1011  1284
[ 24] [     2862091] 1 | True  True 00 ( 1273, 1037)   5  1130  1136
[ 25] [     2872013] 1 | True  True 00 ( 1253, 1027)   5  1059  1408
[ 26] [     2881963] 1 | True  True 00 ( 1235, 1013)   6  1119  1720
[ 27] [     2891907] 1 | True  True 00 ( 1221,  998)   7  1066  1844
[ 28] [     2901841] 1 | True  True 00 ( 1205,  979)   6  1132  1992
[ 29] [     2911780] 1 | True  True 00 ( 1189,  959)   6  1066  1700
[ 30] [     2921715] 1 | True  True 00 ( 1172,  940)   6  1018  1304
[ 31] [     2931658] 1 | True  True 00 ( 1157,  921)   6   981  1084
[ 32] [     2941593] 1 | True  True 00 ( 1146,  901)   8  1138  1124
[ 33] [     2951551] 1 | True  True 00 ( 1131,  878)   6   919  1304
[ 34] [     2961482] 1 | True  True 00 ( 1118,  855)   7  1029  1304
[ 35] [     2971422] 1 | True  True 00 ( 1108,  831)   6  1016  1104
[ 36] [     2981381] 1 | True  True 00 ( 1100,  807)   4   908  1084
[ 37] [     2991318] 1 | True  True 00 ( 1094,  785)   5   953  1300
[ 38] [     3001254] 1 | True  True 00 ( 1089,  762)   6   984  1656
[ 39] [     3011211] 1 | True  True 00 ( 1085,  737)   6  1004  1656
[ 40] [     3021134] 1 | True  True 00 ( 1083,  712)   4   931  1360
[ 41] [     3031072] 1 | True  True 00 ( 1082,  689)   4   928  1084
[ 42] [     3041026] 1 | True  True 00 ( 1081,  666)   4   887  1320
[ 43] [     3050947] 1 | True  True 00 ( 1080,  642)   7  1008  1496
[ 44] [     3060883] 1 | True  True 00 ( 1080,  617)   6  1009  1496
[ 45] [     3070820] 1 | True  True 00 ( 1082,  592)   5   921  1204
[ 46] [     3080775] 1 | True  True 00 ( 1086,  568)   6   962   952
[ 47] [     3090717] 1 | True  True 00 ( 1091,  545)   6   977  1012
[ 48] [     3100654] 1 | True  True 00 ( 1098,  521)   6   949  1212
[ 49] [     3110608] 1 | True  True 00 ( 1110,  498)   5   914  1416
[ 50] [     3120547] 1 | True  True 00 ( 1127,  475)   6  1023  1656
[ 51] [     3130486] 1 | True  True 00 ( 1147,  450)   5   989  1508
[ 52] [     3140442] 1 | True  True 00 ( 1163,  428)   4   917  1324
[ 53] [     3150379] 1 | True  True 00 ( 1178,  409)   4   926  1324
[ 54] [     3160336] 1 | True  True 00 ( 1191,  392)   5  1009  1420
[ 55] [     3170279] 1 | True  True 00 ( 1205,  374)   6  1093  1364
[ 56] [     3180213] 1 | True  True 00 ( 1221,  355)   6  1087  1460
[ 57] [     3190173] 1 | True  True 00 ( 1240,  337)   7  1190  1792
[ 58] [     3200103] 1 | True  True 00 ( 1261,  321)   6  1130  2072
[ 59] [     3210065] 1 | True  True 00 ( 1281,  306)   5  1178  2096
[ 60] [     3220001] 1 | True  True 00 ( 1300,  292)   5  1170  1604
[ 61] [     3229940] 1 | True  True 00 ( 1317,  281)   4  1097  1296
[ 62] [     3239875] 1 | True  True 00 ( 1335,  271)   6  1170  1172
[ 63] [     3249820] 1 | True  True 00 ( 1357,  262)   7  1303  1560
[ 64] [     3259767] 1 | True  True 00 ( 1384,  254)   7  1265  1848
[ 65] [     3269690] 1 | True  True 00 ( 1409,  248)   5  1189  1900
[ 66] [     3279647] 1 | True  True 00 ( 1432,  243)   5  1192  1872
[ 67] [     3289584] 1 | True  True 00 ( 1452,  239)   5  1178  1536
[ 68] [     3299526] 1 | True  True 00 ( 1473,  235)   7  1225  1432
[ 69] [     3309461] 1 | True  True 00 ( 1498,  230)   7  1280  1784
[ 70] [     3319399] 1 | True  True 00 ( 1525,  229)   6  1181  2012
[ 71] [     3329354] 1 | True  True 00 ( 1550,  229)   5  1151  1912
[ 72] [     3339295] 1 | True  True 00 ( 1572,  230)   6  1261  1608
[ 73] [     3349246] 1 | True  True 00 ( 1593,  234)   4  1047  1156
[ 74] [     3359193] 1 | True  True 00 ( 1617,  238)   6  1157  1424
[ 75] [     3369143] 1 | True  True 00 ( 1644,  243)   6  1190  1564
[ 76] [     3379066] 1 | True  True 00 ( 1672,  247)   4  1076  1668
[ 77] [     3389022] 1 | True  True 00 ( 1697,  252)   4  1100  1732
[ 78] [     3398956] 1 | True  True 00 ( 1718,  260)   4  1056  1648
[ 79] [     3408896] 1 | True  True 00 ( 1739,  269)   7  1195  1476
[ 80] [     3418831] 1 | True  True 00 ( 1759,  280)   7  1113  1556
[ 81] [     3428773] 1 | True  True 00 ( 1780,  294)   5  1032  1696
[ 82] [     3438728] 1 | True  True 00 ( 1802,  310)   6  1108  1860
[ 83] [     3448667] 1 | True  True 00 ( 1823,  327)   4  1034  1740
[ 84] [     3458606] 1 | True  True 00 ( 1841,  343)   4  1061  1488
[ 85] [     3468541] 1 | True  True 00 ( 1857,  359)   4  1052  1568
[ 86] [     3478481] 1 | True  True 00 ( 1872,  376)   8  1235  1612
[ 87] [     3488416] 1 | True  True 00 ( 1884,  397)   7  1118  1380
[ 88] [     3498355] 1 | True  True 00 ( 1897,  420)   7  1138  1152
[ 89] [     3508289] 1 | True  True 00 ( 1907,  444)   7  1122  1192
[ 90] [     3518228] 1 | True  True 00 ( 1918,  466)   6  1080  1428
[ 91] [     3528168] 1 | True  True 00 ( 1929,  488)   6  1050  1688
[ 92] [     3538099] 1 | True  True 00 ( 1939,  510)   6  1060  1772
[ 93] [     3548039] 1 | True  True 00 ( 1947,  536)   6  1077  1664
[ 94] [     3557978] 1 | True  True 00 ( 1955,  562)   6  1075  1664
[ 95] [     3567919] 1 | True  True 00 ( 1962,  588)   6  1105  1716
[ 96] [     3577849] 1 | True  True 00 ( 1967,  610)   7  1228  1936
[ 97] [     3587791] 1 | True  True 00 ( 1971,  633)   6  1108  2024
[ 98] [     3597730] 1 | True  True 00 ( 1971,  658)   6  1081  1780
[ 99] [     3607666] 1 | True  True 00 ( 1972,  683)   7  1117  1540
[100] [     3617598] 1 | True  True 00 ( 1971,  707)   6  1070  1472
[101] [     3627538] 1 | True  True 00 ( 1970,  729)   7  1128  1536
[102] [     3637477] 1 | True  True 00 ( 1966,  754)   7   995  1456
[103] [     3647418] 1 | True  True 00 ( 1959,  780)   7  1073  1272
[104] [     3657350] 1 | True  True 00 ( 1950,  804)   5  1087  1312
[105] [     3667290] 1 | True  True 00 ( 1938,  830)   4   976  1040
[106] [     3677228] 1 | True  True 00 ( 1930,  853)   5  1095  1360
[107] [     3687182] 1 | True  True 00 ( 1921,  875)   6  1091  1640
[108] [     3697118] 1 | True  True 00 ( 1912,  897)   6  1147  1944
[109] [     3707041] 1 | True  True 00 ( 1901,  921)   5  1029  1880
[110] [     3716992] 1 | True  True 00 ( 1889,  944)   5  1029  1728
[111] [     3726916] 1 | True  True 00 ( 1875,  965)   6  1128  1556
[112] [     3736874] 1 | True  True 00 ( 1859,  983)   6  1153  1460
[113] [     3746813] 1 | True  True 00 ( 1838,  999)   4   995  1364
[114] [     3756741] 1 | True  True 00 ( 1816, 1013)   4  1047  1608
[115] [     3766687] 1 | True  True 00 ( 1797, 1026)   6  1116  1880
[116] [     3776635] 1 | True  True 00 ( 1780, 1039)   6  1124  2016
[117] [     3786579] 1 | True  True 00 ( 1760, 1055)   6  1080  1972
[118] [     3796518] 1 | True  True 00 ( 1738, 1068)   5  1021  1652
[119] [     3806454] 1 | True  True 00 ( 1714, 1079)   7  1172  1404
[120] [     3816394] 1 | True  True 00 ( 1689, 1090)   4   987  1544
[121] [     3826329] 1 | True  True 00 ( 1666, 1098)   5  1109  1756
[122] [     3836269] 1 | True  True 00 ( 1645, 1104)   6  1140  1876
[123] [     3846224] 1 | True  True 00 ( 1624, 1109)   6  1049  1712
[124] [     3856163] 1 | True  True 00 ( 1598, 1110)   7  1177  1520
[125] [     3866094] 1 | True  True 00 ( 1569, 1113)   5  1069  1336
[126] [     3876035] 1 | True  True 00 ( 1542, 1115)   4  1035  1640
[127] [     3885976] 1 | True  True 00 ( 1518, 1116)   5  1085  1840
[128] [     3895931] 1 | True  True 00 ( 1497, 1114)   6  1144  1992
[129] [     3905868] 1 | True  True 00 ( 1476, 1111)   8  1203  1764
[130] [     3915825] 1 | True  True 00 ( 1451, 1108)   6  1107  1488
[131] [     3925749] 1 | True  True 00 ( 1425, 1102)   6  1191  1588
[132] [     3935699] 1 | True  True 00 ( 1400, 1095)   6  1195  1916
[133] [     3945645] 1 | True  True 00 ( 1379, 1086)   6  1183  2124
[134] [     3955579] 1 | True  True 00 ( 1359, 1076)   6  1180  2124
[135] [     3965537] 1 | True  True 00 ( 1339, 1067)   6  1122  1868
[136] [     3975470] 1 | True  True 00 ( 1316, 1058)   5  1077  1564
[137] [     3985409] 1 | True  True 00 ( 1291, 1047)   4  1041  1236
[138] [     3995348] 1 | True  True 00 ( 1268, 1037)   4  1037  1160
[139] [     4005280] 1 | True  True 00 ( 1250, 1026)   4  1044  1532
[140] [     4015220] 1 | True  True 00 ( 1234, 1010)   6  1161  1864
[141] [     4025159] 1 | True  True 00 ( 1219,  995)   6  1028  1864
[142] [     4035099] 1 | True  True 00 ( 1206,  975)   6  1135  1948
[143] [     4045054] 1 | True  True 00 ( 1194,  955)   7  1142  1676
[144] [     4054991] 1 | True  True 00 ( 1177,  936)   6   970  1304
[145] [     4064928] 1 | True  True 00 ( 1159,  917)   6  1063  1276
[146] [     4074864] 1 | True  True 00 ( 1144,  900)   7  1006  1124
[147] [     4084808] 1 | True  True 00 ( 1128,  876)   6   954  1304
[148] [     4094736] 1 | True  True 00 ( 1117,  852)   6  1041  1324
[149] [     4104681] 1 | True  True 00 ( 1108,  827)   4   884  1064
[150] [     4114611] 1 | True  True 00 ( 1099,  804)   4   885  1084
[151] [     4124534] 1 | True  True 00 ( 1091,  783)   4   891  1500
[152] [     4134465] 1 | True  True 00 ( 1086,  757)   6   945  1520
[153] [     4144428] 1 | True  True 00 ( 1082,  730)   5   890  1600
[154] [     4154363] 1 | True  True 00 ( 1080,  705)   4   946  1340
[155] [     4164307] 1 | True  True 00 ( 1079,  682)   4   901  1108
[156] [     4174255] 1 | True  True 00 ( 1079,  660)   4   911  1436
[157] [     4184199] 1 | True  True 00 ( 1081,  636)   6   961  1476
[158] [     4194137] 1 | True  True 00 ( 1082,  611)   5   902  1400
[159] [     4204072] 1 | True  True 00 ( 1086,  587)   7  1085  1204
[160] [     4214028] 1 | True  True 00 ( 1090,  563)   5   948   988
[161] [     4223967] 1 | True  True 00 ( 1095,  541)   6   968  1028
[162] [     4233906] 1 | True  True 00 ( 1104,  518)   6  1039  1304
[163] [     4243845] 1 | True  True 00 ( 1113,  494)   5   875  1452
[164] [     4253786] 1 | True  True 00 ( 1128,  469)   6   999  1580
[165] [     4263719] 1 | True  True 00 ( 1147,  446)   4   910  1524
[166] [     4273681] 1 | True  True 00 ( 1164,  425)   4   977  1324
[167] [     4283615] 1 | True  True 00 ( 1179,  406)   5  1027  1364
[168] [     4293551] 1 | True  True 00 ( 1195,  387)   6  1074  1400
[169] [     4303488] 1 | True  True 00 ( 1209,  368)   5  1063  1436
[170] [     4313446] 1 | True  True 00 ( 1225,  351)   5  1047  1556
[171] [     4323385] 1 | True  True 00 ( 1243,  334)   7  1239  1860
[172] [     4333320] 1 | True  True 00 ( 1263,  318)   6  1148  2120
[173] [     4343256] 1 | True  True 00 ( 1283,  304)   4  1095  2028
[174] [     4353193] 1 | True  True 00 ( 1301,  292)   4  1072  1604
[175] [     4363136] 1 | True  True 00 ( 1319,  281)   4  1124  1200
[176] [     4373090] 1 | True  True 00 ( 1340,  270)   6  1211  1328
[177] [     4383030] 1 | True  True 00 ( 1364,  260)   7  1271  1640
[178] [     4392962] 1 | True  True 00 ( 1389,  253)   7  1216  1848
[179] [     4402902] 1 | True  True 00 ( 1413,  247)   6  1197  1820
[180] [     4412821] 1 | True  True 00 ( 1435,  241)   6  1253  1796
[181] [     4422761] 1 | True  True 00 ( 1456,  235)   6  1339  1588
[182] [     4432715] 1 | True  True 00 ( 1478,  231)   6  1177  1636
[183] [     4442653] 1 | True  True 00 ( 1504,  229)   7  1257  1784
[184] [     4452593] 1 | True  True 00 ( 1531,  229)   6  1201  2036
[185] [     4462527] 1 | True  True 00 ( 1555,  229)   6  1232  1812
[186] [     4472468] 1 | True  True 00 ( 1576,  232)   4  1063  1460
[187] [     4482402] 1 | True  True 00 ( 1597,  236)   5  1137  1300
[188] [     4492342] 1 | True  True 00 ( 1621,  239)   6  1172  1348
[189] [     4502277] 1 | True  True 00 ( 1647,  242)   6  1166  1540
[190] [     4512217] 1 | True  True 00 ( 1676,  247)   5  1195  1712
[191] [     4522153] 1 | True  True 00 ( 1701,  254)   5  1137  1732
[192] [     4532085] 1 | True  True 00 ( 1721,  261)   5  1061  1540
[193] [     4542028] 1 | True  True 00 ( 1741,  269)   6  1116  1392
[194] [     4551980] 1 | True  True 00 ( 1763,  281)   6  1152  1764
[195] [     4561906] 1 | True  True 00 ( 1785,  295)   5  1034  1880
[196] [     4571856] 1 | True  True 00 ( 1806,  311)   6  1135  1928
[197] [     4581802] 1 | True  True 00 ( 1826,  328)   4  1048  1764
[198] [     4591734] 1 | True  True 00 ( 1844,  344)   4  1003  1380
[199] [     4601672] 1 | True  True 00 ( 1860,  360)   4  1030  1568
[200] [     4611607] 1 | True  True 00 ( 1873,  378)   7  1117  1652
[201] [     4621564] 1 | True  True 00 ( 1886,  398)   7  1121  1380
[202] [     4631488] 1 | True  True 00 ( 1898,  422)   6  1075  1192
[203] [     4641419] 1 | True  True 00 ( 1910,  446)   6  1125  1176
[204] [     4651356] 1 | True  True 00 ( 1922,  469)   6  1123  1448
[205] [     4661293] 1 | True  True 00 ( 1934,  493)   7  1152  1688
[206] [     4671231] 1 | True  True 00 ( 1943,  517)   6  1037  1816
[207] [     4681169] 1 | True  True 00 ( 1952,  541)   8  1243  1772
[208] [     4691105] 1 | True  True 00 ( 1960,  566)   6  1083  1556
[209] [     4701043] 1 | True  True 00 ( 1965,  590)   6  1104  1604
[210] [     4710960] 1 | True  True 00 ( 1969,  614)   7  1153  1980
[211] [     4720900] 1 | True  True 00 ( 1972,  636)   6  1075  2024
[212] [     4730840] 1 | True  True 00 ( 1974,  660)   6  1111  1912
[213] [     4740775] 1 | True  True 00 ( 1976,  686)   6  1042  1560
[214] [     4750708] 1 | True  True 00 ( 1977,  711)   6  1094  1496
[215] [     4760649] 1 | True  True 00 ( 1974,  736)   8  1126  1456
[216] [     4770588] 1 | True  True 00 ( 1966,  762)   7  1117  1616
[217] [     4780523] 1 | True  True 00 ( 1962,  786)   7  1166  1416
[218] [     4790463] 1 | True  True 00 ( 1952,  812)   6  1082  1192
[219] [     4800399] 1 | True  True 00 ( 1942,  837)   5  1060  1128
[220] [     4810332] 1 | True  True 00 ( 1933,  860)   5  1044  1252
[221] [     4820273] 1 | True  True 00 ( 1923,  879)   7  1176  1708
[222] [     4830213] 1 | True  True 00 ( 1912,  899)   6  1162  1944
[223] [     4840170] 1 | True  True 00 ( 1901,  920)   6  1202  2008
[224] [     4850101] 1 | True  True 00 ( 1888,  943)   5  1053  1748
[225] [     4860047] 1 | True  True 00 ( 1874,  966)   6  1110  1484
[226] [     4869982] 1 | True  True 00 ( 1857,  985)   6  1127  1484
[227] [     4879920] 1 | True  True 00 ( 1836, 1001)   6  1153  1364
[228] [     4889858] 1 | True  True 00 ( 1815, 1016)   5  1056  1700
[229] [     4899799] 1 | True  True 00 ( 1795, 1029)   6  1187  2016
[230] [     4909751] 1 | True  True 00 ( 1777, 1043)   6  1118  2084
[231] [     4919686] 1 | True  True 00 ( 1758, 1057)   7  1152  1992
[232] [     4929610] 1 | True  True 00 ( 1736, 1069)   5  1049  1676
[233] [     4939560] 1 | True  True 00 ( 1710, 1082)   5  1023  1336
[234] [     4949503] 1 | True  True 00 ( 1685, 1091)   6  1138  1592
[235] [     4959439] 1 | True  True 00 ( 1662, 1100)   4  1007  1756
[236] [     4969379] 1 | True  True 00 ( 1641, 1106)   5  1036  1828
[237] [     4979313] 1 | True  True 00 ( 1618, 1108)   7  1184  1712
[238] [     4989254] 1 | True  True 00 ( 1593, 1111)   6  1113  1496
[239] [     4999188] 1 | True  True 00 ( 1565, 1113)   4  1002  1336
[240] [     5009128] 1 | True  True 00 ( 1538, 1115)   5  1105  1664
[241] [     5019063] 1 | True  True 00 ( 1515, 1115)   5  1110  1916
[242] [     5029002] 1 | True  True 00 ( 1494, 1113)   7  1188  1892
[243] [     5038938] 1 | True  True 00 ( 1471, 1111)   6  1099  1764
[244] [     5048877] 1 | True  True 00 ( 1446, 1108)   6  1106  1488
[245] [     5058812] 1 | True  True 00 ( 1419, 1104)   6  1107  1636
[246] [     5068751] 1 | True  True 00 ( 1396, 1098)   6  1154  2008
[247] [     5078706] 1 | True  True 00 ( 1373, 1090)   6  1115  2172
[248] [     5088626] 1 | True  True 00 ( 1354, 1080)   6  1167  2124
[249] [     5098561] 1 | True  True 00 ( 1334, 1069)   6  1114  1820
[250] [     5108501] 1 | True  True 00 ( 1312, 1058)   7  1215  1540
[251] [     5118437] 1 | True  True 00 ( 1289, 1046)   5  1137  1172
[252] [     5128376] 1 | True  True 00 ( 1267, 1035)   5  1085  1180
[253] [     5138311] 1 | True  True 00 ( 1247, 1024)   5  1039  1512
[254] [     5148231] 1 | True  True 00 ( 1229, 1010)   6  1089  1928
[255] [     5158163] 1 | True  True 00 ( 1215,  994)   7  1053  1864
[  0] [     5168100] 1 | True  True 00 ( 1200,  974)   7  1141  1884
[  1] [     5178039] 1 | True  True 00 ( 1186,  953)   7  1103  1556
[  2] [     5187976] 1 | True  True 00 ( 1170,  934)   6  1034  1244
[  3] [     5197895] 1 | True  True 00 ( 1154,  915)   5   904  1104
[  4] [     5207833] 1 | True  True 00 ( 1138,  893)   5   923  1180
[  5] [     5217767] 1 | True  True 00 ( 1125,  873)   8  1128  1396
[  6] [     5227707] 1 | True  True 00 ( 1117,  850)   6  1061  1268
[  7] [     5237643] 1 | True  True 00 ( 1108,  825)   4   904  1120
[  8] [     5247576] 1 | True  True 00 ( 1101,  801)   4   928  1124
[  9] [     5257496] 1 | True  True 00 ( 1093,  777)   5   889  1480
[ 10] [     5267434] 1 | True  True 00 ( 1088,  753)   6   976  1480
[ 11] [     5277373] 1 | True  True 00 ( 1084,  727)   5   921  1580
[ 12] [     5287307] 1 | True  True 00 ( 1082,  703)   5  1020  1320
[ 13] [     5297223] 1 | True  True 00 ( 1079,  679)   5   950  1204
[ 14] [     5307161] 1 | True  True 00 ( 1078,  656)   4   838  1436
[ 15] [     5317077] 1 | True  True 00 ( 1080,  632)   6   958  1420
[ 16] [     5327017] 1 | True  True 00 ( 1082,  607)   5   958  1436
[ 17] [     5336949] 1 | True  True 00 ( 1085,  582)   5   944  1108
[ 18] [     5346890] 1 | True  True 00 ( 1090,  559)   6  1001   988
[ 19] [     5356829] 1 | True  True 00 ( 1096,  536)   6   956  1064
[ 20] [     5366764] 1 | True  True 00 ( 1105,  514)   6   967  1288
[ 21] [     5376683] 1 | True  True 00 ( 1118,  490)   6  1012  1544
[ 22] [     5386623] 1 | True  True 00 ( 1133,  465)   7  1054  1616
[ 23] [     5396558] 1 | True  True 00 ( 1152,  443)   4   931  1488
[ 24] [     5406478] 1 | True  True 00 ( 1168,  422)   4   977  1268
[ 25] [     5416408] 1 | True  True 00 ( 1183,  404)   6  1060  1364
[ 26] [     5426345] 1 | True  True 00 ( 1198,  386)   5  1028  1364
[ 27] [     5436283] 1 | True  True 00 ( 1211,  367)   6  1064  1368
[ 28] [     5446218] 1 | True  True 00 ( 1226,  350)   6  1074  1648
[ 29] [     5456145] 1 | True  True 00 ( 1245,  333)   6  1083  1768
[ 30] [     5466098] 1 | True  True 00 ( 1266,  317)   7  1281  2120
[ 31] [     5476035] 1 | True  True 00 ( 1286,  302)   4  1103  1956
[ 32] [     5485974] 1 | True  True 00 ( 1306,  289)   5  1236  1580
[ 33] [     5495933] 1 | True  True 00 ( 1325,  277)   5  1188  1172
[ 34] [     5505870] 1 | True  True 00 ( 1344,  267)   5  1108  1380
[ 35] [     5515806] 1 | True  True 00 ( 1365,  258)   7  1253  1692
[ 36] [     5525742] 1 | True  True 00 ( 1392,  251)   6  1184  1744
[ 37] [     5535698] 1 | True  True 00 ( 1417,  245)   6  1292  2004
[ 38] [     5545639] 1 | True  True 00 ( 1439,  239)   6  1240  1716
[ 39] [     5555571] 1 | True  True 00 ( 1459,  235)   5  1189  1484
[ 40] [     5565512] 1 | True  True 00 ( 1481,  232)   6  1240  1608
[ 41] [     5575452] 1 | True  True 00 ( 1506,  230)   7  1257  1888
[ 42] [     5585387] 1 | True  True 00 ( 1533,  229)   5  1152  1912
[ 43] [     5595327] 1 | True  True 00 ( 1555,  229)   6  1213  1860
[ 44] [     5605262] 1 | True  True 00 ( 1577,  230)   5  1157  1584
[ 45] [     5615202] 1 | True  True 00 ( 1600,  233)   6  1120  1204
[ 46] [     5625137] 1 | True  True 00 ( 1623,  236)   7  1197  1472
[ 47] [     5635077] 1 | True  True 00 ( 1649,  241)   6  1135  1520
[ 48] [     5645011] 1 | True  True 00 ( 1677,  247)   4  1073  1688
[ 49] [     5654952] 1 | True  True 00 ( 1702,  254)   4  1065  1624
[ 50] [     5664887] 1 | True  True 00 ( 1723,  261)   4  1025  1500
[ 51] [     5674827] 1 | True  True 00 ( 1745,  272)   6  1130  1580
[ 52] [     5684784] 1 | True  True 00 ( 1767,  283)   5  1080  1740
[ 53] [     5694715] 1 | True  True 00 ( 1787,  297)   5  1094  1812
[ 54] [     5704661] 1 | True  True 00 ( 1808,  313)   6  1174  1976
[ 55] [     5714589] 1 | True  True 00 ( 1829,  330)   5  1116  1672
[ 56] [     5724536] 1 | True  True 00 ( 1846,  347)   4  1037  1508
[ 57] [     5734485] 1 | True  True 00 ( 1860,  363)   4   968  1632
[ 58] [     5744428] 1 | True  True 00 ( 1874,  380)   7  1148  1548
[ 59] [     5754369] 1 | True  True 00 ( 1887,  402)   7  1161  1400
[ 60] [     5764302] 1 | True  True 00 ( 1901,  425)   6  1094  1176
[ 61] [     5774240] 1 | True  True 00 ( 1911,  450)   5   971  1144
[ 62] [     5784175] 1 | True  True 00 ( 1922,  473)   7  1124  1448
[ 63] [     5794112] 1 | True  True 00 ( 1934,  495)   7  1100  1664
[ 64] [     5804049] 1 | True  True 00 ( 1944,  519)   7  1133  1728
[ 65] [     5813986] 1 | True  True 00 ( 1952,  542)   7  1114  1772
[ 66] [     5823929] 1 | True  True 00 ( 1959,  568)   6  1103  1536
[ 67] [     5833847] 1 | True  True 00 ( 1965,  592)   6  1092  1604
[ 68] [     5843785] 1 | True  True 00 ( 1969,  615)   6  1051  1736
[ 69] [     5853733] 1 | True  True 00 ( 1972,  638)   7  1138  1868
[ 70] [     5863656] 1 | True  True 00 ( 1973,  662)   5   976  1736
[ 71] [     5873607] 1 | True  True 00 ( 1972,  687)   7  1055  1428
[ 72] [     5883531] 1 | True  True 00 ( 1972,  712)   6  1103  1516
[ 73] [     5893482] 1 | True  True 00 ( 1970,  737)   7  1170  1760
[ 74] [     5903406] 1 | True  True 00 ( 1964,  760)   6   981  1416
[ 75] [     5913337] 1 | True  True 00 ( 1959,  787)   7  1112  1396
[ 76] [     5923283] 1 | True  True 00 ( 1953,  813)   7  1138  1192
[ 77] [     5933212] 1 | True  True 00 ( 1945,  837)   6  1152  1172
[ 78] [     5943152] 1 | True  True 00 ( 1933,  860)   4  1036  1492
[ 79] [     5953088] 1 | True  True 00 ( 1920,  880)   6  1152  1856
[ 80] [     5963027] 1 | True  True 00 ( 1908,  903)   6  1080  1880
[ 81] [     5972963] 1 | True  True 00 ( 1896,  926)   5  1073  1964
[ 82] [     5982880] 1 | True  True 00 ( 1885,  949)   5  1016  1748
[ 83] [     5992820] 1 | True  True 00 ( 1869,  969)   8  1205  1436
[ 84] [     6002761] 1 | True  True 00 ( 1850,  987)   5  1106  1436
[ 85] [     6012693] 1 | True  True 00 ( 1830, 1002)   4  1039  1388
[ 86] [     6022633] 1 | True  True 00 ( 1810, 1016)   5  1044  1676
[ 87] [     6032565] 1 | True  True 00 ( 1792, 1030)   6  1150  1948
[ 88] [     6042506] 1 | True  True 00 ( 1775, 1044)   6  1136  2108
[ 89] [     6052446] 1 | True  True 00 ( 1756, 1058)   7  1136  1948
[ 90] [     6062383] 1 | True  True 00 ( 1733, 1071)   6  1077  1632
[ 91] [     6072316] 1 | True  True 00 ( 1707, 1082)   5  1076  1400
[ 92] [     6082256] 1 | True  True 00 ( 1682, 1090)   6  1145  1616
[ 93] [     6092191] 1 | True  True 00 ( 1659, 1098)   4  1008  1804
[ 94] [     6102133] 1 | True  True 00 ( 1639, 1104)   5  1058  1828
[ 95] [     6112063] 1 | True  True 00 ( 1617, 1108)   7  1144  1664
[ 96] [     6121985] 1 | True  True 00 ( 1592, 1111)   5  1032  1520
[ 97] [     6131920] 1 | True  True 00 ( 1570, 1114)   6  1107  1424
[ 98] [     6141856] 1 | True  True 00 ( 1554, 1115)   7  1187  1448
[ 99] [     6151801] 1 | True  True 00 ( 1544, 1115)   7  1196  1376
[100] [     6161739] 1 | True  True 00 ( 1537, 1115)   6  1109  1400
[101] [     6171672] 1 | True  True 00 ( 1534, 1115)   6  1149  1424
[102] [     6181611] 1 |False  True 00 ( 1534, 1115)   6  1149  1424
[103] [     6191545] 0 
