[  0] [    10200470]   0-None                     (    0)
[  1] [    10210307]   0-None                     (    0)
[  2] [    10220238]   0-None                     (    0)
[  3] [    10230158]   0-None                     (    0)
[  4] [    10240097]   0-None                     (    0)
[  5] [    10250014]   0-None                     (    0)
[  6] [    10259930]   0-None                     (    0)
[  7] [    10269862]   0-None                     (    0)
[  8] [    10279803]   0-None                     (    0)
[  9] [    10289721]   0-None                     (    0)
[ 10] [    10299648]   0-None                     (    0)
[ 11] [    10309590]   0-None                     (    0)
[ 12] [    10319504]   0-None                     (    0)
[ 13] [    10329443]   0-None                     (    0)
[ 14] [    10339360]   0-None                     (    0)
[ 15] [    10349291]   0-None                     (    0)
[ 16] [    10359210]   0-None                     (    0)
[ 17] [    10369152]   0-None                     (    0)
[ 18] [    10379063]   0-None                     (    0)
[ 19] [    10389003]   0-None                     (    0)
[ 20] [    10398919]   0-None                     (    0)
[ 21] [    10408851]   0-None                     (    0)
[ 22] [    10418791]   0-None                     (    0)
[ 23] [    10428707]   0-None                     (    0)
[ 24] [    10438650]   0-None                     (    0)
[ 25] [    10448561]   0-None                     (    0)
[ 26] [    10458506]   0-None                     (    0)
[ 27] [    10468422]   0-None                     (    0)
[ 28] [    10478353]   0-None                     (    0)
[ 29] [    10488293]   0-None                     (    0)
[ 30] [    10498211]   0-None                     (    0)
[ 31] [    10508147]   0-None                     (    0)
[ 32] [    10518080]   0-None                     (    0)
[ 33] [    10528004]   0-None                     (    0)
[ 34] [    10537940]   0-None                     (    0)
[ 35] [    10547873]   0-None                     (    0)
[ 36] [    10557811]   0-None                     (    0)
[ 37] [    10567747]   0-None                     (    0)
[ 38] [    10577666]   0-None                     (    0)
[ 39] [    10587601]   0-None                     (    0)
[ 40] [    10597518]   0-None                     (    0)
[ 41] [    10607453]   0-None                     (    0)
[ 42] [    10617376]   0-None                     (    0)
[ 43] [    10627314]   0-None                     (    0)
[ 44] [    10637246]   0-None                     (    0)
[ 45] [    10647164]   0-None                     (    0)
[ 46] [    10657104]   0-None                     (    0)
[ 47] [    10667043]   0-None                     (    0)
[ 48] [    10676976]   0-None                     (    0)
[ 49] [    10686895]   0-None                     (    0)
[ 50] [    10696833]   0-None                     (    0)
[ 51] [    10706767]   0-None                     (    0)
[ 52] [    10716725]   0-None                     (    0)
[ 53] [    10726664]   0-None                     (    0)
[ 54] [    10736583]   0-None                     (    0)
[ 55] [    10746519]   0-None                     (    0)
[ 56] [    10756452]   0-None                     (    0)
[ 57] [    10766395]   0-None                     (    0)
[ 58] [    10776329]   0-None                     (    0)
[ 59] [    10786244]   0-None                     (    0)
[ 60] [    10796202]   0-None                     (    0)
[ 61] [    10806124]   0-None                     (    0)
[ 62] [    10816061]   0-None                     (    0)
[ 63] [    10825998]   0-None                     (    0)
[ 64] [    10835936]   0-None                     (    0)
[ 65] [    10845869]   0-None                     (    0)
[ 66] [    10855807]   0-None                     (    0)
[ 67] [    10865723]   0-None                     (    0)
[ 68] [    10875664]   0-None                     (    0)
[ 69] [    10885597]   0-None                     (    0)
[ 70] [    10895535]   0-None                     (    0)
[ 71] [    10905452]   0-None                     (    0)
[ 72] [    10915387]   0-None                     (    0)
[ 73] [    10925329]   0-None                     (    0)
[ 74] [    10935262]   0-None                     (    0)
[ 75] [    10945185]   0-None                     (    0)
[ 76] [    10955119]   0-None                     (    0)
[ 77] [    10965053]   0-None                     (    0)
[ 78] [    10974992]   0-None                     (    0)
[ 79] [    10984909]   0-None                     (    0)
[ 80] [    10994848]   0-None                     (    0)
[ 81] [    11004789]   0-None                     (    0)
[ 82] [    11014718]   0-None                     (    0)
[ 83] [    11024636]   0-None                     (    0)
[ 84] [    11034579]   0-None                     (    0)
[ 85] [    11044514]   0-None                     (    0)
[ 86] [    11054447]   0-None                     (    0)
[ 87] [    11064390]   0-None                     (    0)
[ 88] [    11074322]   0-None                     (    0)
[ 89] [    11084246]   0-None                     (    0)
[ 90] [    11094182]   0-None                     (    0)
[ 91] [    11104115]   0-None                     (    0)
[ 92] [    11114054]   0-None                     (    0)
[ 93] [    11123990]   0-None                     (    0)
[ 94] [    11133928]   0-None                     (    0)
[ 95] [    11143865]   0-None                     (    0)
[ 96] [    11153804]   0-None                     (    0)
[ 97] [    11163742]   0-None                     (    0)
[ 98] [    11173679]   0-None                     (    0)
[ 99] [    11183615]   0-None                     (    0)
[100] [    11193552]   0-None                     (    0)
[101] [    11203476]   0-None                     (    0)
[102] [    11213429]   0-None                     (    0)
[103] [    11223345]   0-None                     (    0)
[104] [    11233285]   0-None                     (    0)
[105] [    11243217]   0-None                     (    0)
[106] [    11253156]   0-None                     (    0)
[107] [    11263092]   0-None                     (    0)
[108] [    11273009]   0-None                     (    0)
[109] [    11282950]   0-None                     (    0)
[110] [    11292864]   0-None                     (    0)
[111] [    11302802]   0-None                     (    0)
[112] [    11312741]   0-None                     (    0)
[113] [    11322656]   0-None                     (    0)
[114] [    11332593]   0-None                     (    0)
[115] [    11342532]   0-None                     (    0)
[116] [    11352464]   0-None                     (    0)
[117] [    11362403]   0-None                     (    0)
[118] [    11372320]   0-None                     (    0)
[119] [    11382256]   0-None                     (    0)
[120] [    11392197]   0-None                     (    0)
[121] [    11402131]   0-None                     (    0)
[122] [    11412072]   0-None                     (    0)
[123] [    11421985]   0-None                     (    0)
[124] [    11431924]   0-None                     (    0)
[125] [    11441860]   0-None                     (    0)
[126] [    11451779]   0-None                     (    0)
[127] [    11461715]   0-None                     (    0)
[128] [    11471655]   0-None                     (    0)
[129] [    11481573]   0-None                     (    0)
[130] [    11491508]   0-None                     (    0)
[131] [    11501422]   0-None                     (    0)
[132] [    11511359]   0-None                     (    0)
[133] [    11521277]   0-None                     (    0)
[134] [    11531213]   0-None                     (    0)
[135] [    11541152]   0-None                     (    0)
[136] [    11551068]   0-None                     (    0)
[137] [    11560991]   0-None                     (    0)
[138] [    11570927]   0-None                     (    0)
[139] [    11580860]   0-None                     (    0)
[140] [    11590795]   0-None                     (    0)
[141] [    11600720]   0-None                     (    0)
[142] [    11610652]   0-None                     (    0)
[143] [    11630507]   0-None                     (    0)
[144] [    11640434]   0-None                     (    0)
[145] [    11650366]   0-None                     (    0)
[146] [    11660291]   0-None                     (    0)
[147] [    11670220]   0-None                     (    0)
[148] [    11680154]   0-None                     (    0)
[149] [    11690094]   0-None                     (    0)
[150] [    11700014]   0-None                     (    0)
[151] [    11709945]   0-None                     (    0)
[152] [    11719860]   0-None                     (    0)
[153] [    11729799]   0-None                     (    0)
[154] [    11739717]   0-None                     (    0)
[155] [    11749649]   0-None                     (    0)
[156] [    11759565]   0-None                     (    0)
[157] [    11769508]   0-None                     (    0)
[158] [    11779440]   0-None                     (    0)
[159] [    11789375]   0-None                     (    0)
[160] [    11799317]   0-None                     (    0)
[161] [    11809250]   0-None                     (    0)
[162] [    11819172]   0-None                     (    0)
[163] [    11829109]   0-None                     (    0)
[164] [    11839047]   0-None                     (    0)
[165] [    11848986]   0-None                     (    0)
[166] [    11858923]   0-None                     (    0)
[167] [    11868857]   0-None                     (    0)
[168] [    11878795]   0-None                     (    0)
[169] [    11888732]   0-None                     (    0)
[170] [    11898666]   0-None                     (    0)
[171] [    11908604]   0-None                     (    0)
[172] [    11918522]   0-None                     (    0)
[173] [    11928460]   0-None                     (    0)
[174] [    11938401]   0-None                     (    0)
[175] [    11948351]   0-None                     (    0)
[176] [    11958274]   0-None                     (    0)
[177] [    11968225]   0-None                     (    0)
[178] [    11978149]   0-None                     (    0)
[179] [    11988086]   0-None                     (    0)
[180] [    11998025]   0-None                     (    0)
[181] [    12007977]   0-None                     (    0)
[182] [    12017895]   0-None                     (    0)
[183] [    12027832]   0-None                     (    0)
[184] [    12037770]   0-None                     (    0)
[185] [    12047707]   0-None                     (    0)
[186] [    12057645]   0-None                     (    0)
[187] [    12067581]   0-None                     (    0)
[188] [    12077521]   0-None                     (    0)
[189] [    12087458]   0-None                     (    0)
[190] [    12097398]   0-None                     (    0)
[191] [    12107331]   0-None                     (    0)
[192] [    12117249]   0-None                     (    0)
[193] [    12127183]   0-None                     (    0)
[194] [    12137125]   0-None                     (    0)
[195] [    12147059]   0-None                     (    0)
[196] [    12157002]   0-None                     (    0)
[197] [    12166934]   0-None                     (    0)
[198] [    12176856]   0-None                     (    0)
[199] [    12186793]   0-None                     (    0)
[200] [    12196728]   0-None                     (    0)
[201] [    12206665]   0-None                     (    0)
[202] [    12216603]   0-None                     (    0)
[203] [    12226525]   0-None                     (    0)
[204] [    12236457]   0-None                     (    0)
[205] [    12246399]   0-None                     (    0)
[206] [    12256328]   0-None                     (    0)
[207] [    12266246]   0-None                     (    0)
[208] [    12276186]   0-None                     (    0)
[209] [    12286102]   0-None                     (    0)
[210] [    12296039]   0-None                     (    0)
[211] [    12305976]   0-None                     (    0)
[212] [    12315914]   0-None                     (    0)
[213] [    12325851]   0-None                     (    0)
[214] [    12335789]   0-None                     (    0)
[215] [    12345726]   0-None                     (    0)
[216] [    12355663]   0-None                     (    0)
[217] [    12365600]   0-None                     (    0)
[218] [    12375538]   0-None                     (    0)
[219] [    12385475]   0-None                     (    0)
[220] [    12395413]   0-None                     (    0)
[221] [    12405349]   0-None                     (    0)
[222] [    12415286]   0-None                     (    0)
[223] [    12425223]   0-None                     (    0)
[224] [    12435161]   0-None                     (    0)
[225] [    12445077]   0-None                     (    0)
[226] [    12455018]   0-None                     (    0)
[227] [    12464951]   0-None                     (    0)
[228] [    12474890]   0-None                     (    0)
[229] [    12484806]   0-None                     (    0)
[230] [    12494741]   0-None                     (    0)
[231] [    12504663]   0-None                     (    0)
[232] [    12514602]   0-None                     (    0)
[233] [    12524517]   0-None                     (    0)
[234] [    12534450]   0-None                     (    0)
[235] [    12544390]   0-None                     (    0)
[236] [    12554307]   0-None                     (    0)
[237] [    12564241]   0-None                     (    0)
[238] [    12574181]   0-None                     (    0)
[239] [    12584101]   0-None                     (    0)
[240] [    12594037]   0-None                     (    0)
[241] [    12603954]   0-None                     (    0)
[242] [    12613893]   0-None                     (    0)
[243] [    12623824]   0-None                     (    0)
[244] [    12633741]   0-None                     (    0)
[245] [    12643662]   0-None                     (    0)
[246] [    12653595]   0-None                     (    0)
[247] [    12663532]   0-None                     (    0)
[248] [    12673477]   0-None                     (    0)
[249] [    12683392]   0-None                     (    0)
[250] [    12693323]   0-None                     (    0)
[251] [    12703241]   0-None                     (    0)
[252] [    12713175]   0-None                     (    0)
[253] [    12723094]   0-None                     (    0)
[254] [    12733011]   0-None                     (    0)
[255] [    12742947]   0-None                     (    0)
[  0] [    12762803]   0-None                     (    0)
[  1] [    12772728]   0-None                     (    0)
[  2] [    12782663]   0-None                     (    0)
[  3] [    12792598]   0-None                     (    0)
[  4] [    12802543]   0-None                     (    0)
[  5] [    12812477]   0-None                     (    0)
[  6] [    12822399]   0-None                     (    0)
[  7] [    12832327]   0-None                     (    0)
[  8] [    12842263]   0-None                     (    0)
[  9] [    12852194]   0-None                     (    0)
[ 10] [    12862113]   0-None                     (    0)
[ 11] [    12872052]   0-None                     (    0)
[ 12] [    12881987]   0-None                     (    0)
[ 13] [    12891925]   0-None                     (    0)
[ 14] [    12901861]   0-None                     (    0)
[ 15] [    12911784]   0-None                     (    0)
[ 16] [    12921716]   0-None                     (    0)
[ 17] [    12931654]   0-None                     (    0)
[ 18] [    12941571]   0-None                     (    0)
[ 19] [    12951511]   0-None                     (    0)
[ 20] [    12961443]   0-None                     (    0)
[ 21] [    12971382]   0-None                     (    0)
[ 22] [    12981299]   0-None                     (    0)
[ 23] [    12991241]   0-None                     (    0)
[ 24] [    13001173]   0-None                     (    0)
[ 25] [    13011095]   0-None                     (    0)
[ 26] [    13021032]   0-None                     (    0)
[ 27] [    13030965]   0-None                     (    0)
[ 28] [    13040883]   0-None                     (    0)
[ 29] [    13050818]   0-None                     (    0)
[ 30] [    13060735]   0-None                     (    0)
[ 31] [    13070670]   0-None                     (    0)
[ 32] [    13080593]   0-None                     (    0)
[ 33] [    13090531]   0-None                     (    0)
[ 34] [    13100451]   0-None                     (    0)
[ 35] [    13110383]   0-None                     (    0)
[ 36] [    13120321]   0-None                     (    0)
[ 37] [    13130239]   0-None                     (    0)
[ 38] [    13140171]   0-None                     (    0)
[ 39] [    13150114]   0-None                     (    0)
[ 40] [    13160027]   0-None                     (    0)
[ 41] [    13169965]   0-None                     (    0)
[ 42] [    13179902]   0-None                     (    0)
[ 43] [    13189820]   0-None                     (    0)
[ 44] [    13199759]   0-None                     (    0)
[ 45] [    13209690]   0-None                     (    0)
[ 46] [    13219631]   0-None                     (    0)
[ 47] [    13229568]   0-None                     (    0)
[ 48] [    13239507]   0-None                     (    0)
[ 49] [    13249445]   0-None                     (    0)
[ 50] [    13259383]   0-None                     (    0)
[ 51] [    13269315]   0-None                     (    0)
[ 52] [    13279255]   0-None                     (    0)
[ 53] [    13289190]   0-None                     (    0)
[ 54] [    13299130]   0-None                     (    0)
[ 55] [    13309085]   0-None                     (    0)
[ 56] [    13319022]   0-None                     (    0)
[ 57] [    13328960]   0-None                     (    0)
[ 58] [    13338898]   0-None                     (    0)
[ 59] [    13348835]   0-None                     (    0)
[ 60] [    13358774]   0-None                     (    0)
[ 61] [    13368710]   0-None                     (    0)
[ 62] [    13378648]   0-None                     (    0)
[ 63] [    13388585]   0-None                     (    0)
[ 64] [    13398523]   0-None                     (    0)
[ 65] [    13408447]   0-None                     (    0)
[ 66] [    13418379]   0-None                     (    0)
[ 67] [    13428337]   0-None                     (    0)
[ 68] [    13438256]   0-None                     (    0)
[ 69] [    13448208]   0-None                     (    0)
[ 70] [    13458151]   0-None                     (    0)
[ 71] [    13468089]   0-None                     (    0)
[ 72] [    13478023]   0-None                     (    0)
[ 73] [    13487962]   0-None                     (    0)
[ 74] [    13497900]   0-None                     (    0)
[ 75] [    13507819]   0-None                     (    0)
[ 76] [    13517772]   0-None                     (    0)
[ 77] [    13527709]   0-None                     (    0)
[ 78] [    13537646]   0-None                     (    0)
[ 79] [    13547583]   0-None                     (    0)
[ 80] [    13557521]   0-None                     (    0)
[ 81] [    13567445]   0-None                     (    0)
[ 82] [    13577377]   0-None                     (    0)
[ 83] [    13587315]   0-None                     (    0)
[ 84] [    13597253]   0-None                     (    0)
[ 85] [    13607184]   0-None                     (    0)
[ 86] [    13617123]   0-None                     (    0)
[ 87] [    13627040]   0-None                     (    0)
[ 88] [    13636983]   0-None                     (    0)
[ 89] [    13646915]   0-None                     (    0)
[ 90] [    13656850]   0-None                     (    0)
[ 91] [    13666792]   0-None                     (    0)
[ 92] [    13676725]   0-None                     (    0)
[ 93] [    13686647]   0-None                     (    0)
[ 94] [    13696585]   0-None                     (    0)
[ 95] [    13706523]   0-None                     (    0)
[ 96] [    13716443]   0-None                     (    0)
[ 97] [    13726375]   0-None                     (    0)
[ 98] [    13736293]   0-None                     (    0)
[ 99] [    13746228]   0-None                     (    0)
[100] [    13756162]   0-None                     (    0)
[101] [    13766084]   0-None                     (    0)
[102] [    13776018]   0-None                     (    0)
[103] [    13785937]   0-None                     (    0)
[104] [    13795857]   0-None                     (    0)
[105] [    13805769]   0-None                     (    0)
[106] [    13815689]   0-None                     (    0)
[107] [    13825620]   0-None                     (    0)
[108] [    13835540]   0-None                     (    0)
[109] [    13845456]   0-None                     (    0)
[110] [    13855393]   0-None                     (    0)
[111] [    13865330]   0-None                     (    0)
[112] [    13875246]   0-None                     (    0)
[113] [    13885182]   0-None                     (    0)
[114] [    13895120]   0-None                     (    0)
[115] [    13905036]   0-None                     (    0)
[116] [    13914979]   0-None                     (    0)
[117] [    13924890]   0-None                     (    0)
[118] [    13934827]   0-None                     (    0)
[119] [    13944745]   0-None                     (    0)
[120] [    13954681]   0-None                     (    0)
[121] [    13964599]   0-None                     (    0)
[122] [    13974534]   0-None                     (    0)
[123] [    13984457]   0-None                     (    0)
[124] [    13994395]   0-None                     (    0)
[125] [    14004329]   0-None                     (    0)
[126] [    14014245]   0-None                     (    0)
[127] [    14024181]   0-None                     (    0)
[128] [    14034120]   0-None                     (    0)
[129] [    14044057]   0-None                     (    0)
[130] [    14053975]   0-None                     (    0)
[131] [    14063908]   0-None                     (    0)
[132] [    14073854]   0-None                     (    0)
[133] [    14083787]   0-None                     (    0)
[134] [    14093722]   0-None                     (    0)
[135] [    14103661]   0-None                     (    0)
[136] [    14113581]   0-None                     (    0)
[137] [    14123518]   0-None                     (    0)
[138] [    14133457]   0-None                     (    0)
[139] [    14143392]   0-None                     (    0)
[140] [    14153324]   0-None                     (    0)
[141] [    14163262]   0-None                     (    0)
[142] [    14173200]   0-None                     (    0)
[143] [    14183117]   0-None                     (    0)
[144] [    14193053]   0-None                     (    0)
[145] [    14202993]   0-None                     (    0)
[146] [    14212911]   0-None                     (    0)
[147] [    14222846]   0-None                     (    0)
[148] [    14232781]   0-None                     (    0)
[149] [    14242703]   0-None                     (    0)
[150] [    14252640]   0-None                     (    0)
[151] [    14262577]   0-None                     (    0)
[152] [    14272515]   0-None                     (    0)
[153] [    14282435]   0-None                     (    0)
[154] [    14292387]   0-None                     (    0)
[155] [    14302325]   0-None                     (    0)
[156] [    14312262]   0-None                     (    0)
[157] [    14322199]   0-None                     (    0)
[158] [    14332117]   0-None                     (    0)
[159] [    14342055]   0-None                     (    0)
[160] [    14351994]   0-None                     (    0)
[161] [    14361925]   0-None                     (    0)
[162] [    14371842]   0-None                     (    0)
[163] [    14381785]   0-None                     (    0)
[164] [    14391719]   0-None                     (    0)
[165] [    14401652]   0-None                     (    0)
[166] [    14411574]   0-None                     (    0)
[167] [    14421512]   0-None                     (    0)
[168] [    14431450]   0-None                     (    0)
[169] [    14441367]   0-None                     (    0)
[170] [    14451298]   0-None                     (    0)
[171] [    14461237]   0-None                     (    0)
[172] [    14471174]   0-None                     (    0)
[173] [    14481092]   0-None                     (    0)
[174] [    14491026]   0-None                     (    0)
[175] [    14500966]   0-None                     (    0)
[176] [    14510901]   0-None                     (    0)
[177] [    14520844]   0-None                     (    0)
[178] [    14530757]   0-None                     (    0)
[179] [    14540694]   0-None                     (    0)
[180] [    14550633]   0-None                     (    0)
[181] [    14560569]   0-None                     (    0)
[182] [    14570487]   0-None                     (    0)
[183] [    14580423]   0-None                     (    0)
[184] [    14590361]   0-None                     (    0)
[185] [    14600277]   0-None                     (    0)
[186] [    14610213]   0-None                     (    0)
[187] [    14620154]   0-None                     (    0)
[188] [    14630087]   0-None                     (    0)
[189] [    14640009]   0-None                     (    0)
[190] [    14649947]   0-None                     (    0)
[191] [    14659885]   0-None                     (    0)
[192] [    14669818]   0-None                     (    0)
[193] [    14679756]   0-None                     (    0)
[194] [    14689692]   0-None                     (    0)
[195] [    14699631]   0-None                     (    0)
[196] [    14709549]   0-None                     (    0)
[197] [    14719488]   0-None                     (    0)
[198] [    14729440]   0-None                     (    0)
[199] [    14739364]   0-None                     (    0)
[200] [    14749294]   0-None                     (    0)
[201] [    14759232]   0-None                     (    0)
[202] [    14769153]   0-None                     (    0)
[203] [    14779089]   0-None                     (    0)
[204] [    14789023]   0-None                     (    0)
[205] [    14798946]   0-None                     (    0)
[206] [    14808883]   0-None                     (    0)
[207] [    14818816]   0-None                     (    0)
[208] [    14828734]   0-None                     (    0)
[209] [    14838670]   0-None                     (    0)
[210] [    14848588]   0-None                     (    0)
[211] [    14858522]   0-None                     (    0)
[212] [    14868445]   0-None                     (    0)
[213] [    14878382]   0-None                     (    0)
[214] [    14888314]   0-None                     (    0)
[215] [    14898233]   0-None                     (    0)
[216] [    14908169]   0-None                     (    0)
[217] [    14918108]   0-None                     (    0)
[218] [    14928043]   0-None                     (    0)
[219] [    14937983]   0-None                     (    0)
[220] [    14947898]   0-None                     (    0)
[221] [    14957833]   0-None                     (    0)
[222] [    14967756]   0-None                     (    0)
[223] [    14977689]   0-None                     (    0)
[224] [    14987627]   0-None                     (    0)
[225] [    14997543]   0-None                     (    0)
[226] [    15007483]   0-None                     (    0)
[227] [    15017415]   0-None                     (    0)
[228] [    15027355]   0-None                     (    0)
[229] [    15037292]   0-None                     (    0)
[230] [    15047234]   0-None                     (    0)
[231] [    15057164]   0-None                     (    0)
[232] [    15067104]   0-None                     (    0)
[233] [    15077043]   0-None                     (    0)
[234] [    15086981]   0-None                     (    0)
[235] [    15096896]   0-None                     (    0)
[236] [    15106831]   0-None                     (    0)
[237] [    15116753]   0-None                     (    0)
[238] [    15126690]   0-None                     (    0)
[239] [    15136628]   0-None                     (    0)
[240] [    15146561]   0-None                     (    0)
[241] [    15156500]   0-None                     (    0)
[242] [    15166423]   0-None                     (    0)
[243] [    15176355]   0-None                     (    0)
[244] [    15186293]   0-None                     (    0)
[245] [    15196233]   0-None                     (    0)
[246] [    15206165]   0-None                     (    0)
[247] [    15216083]   0-None                     (    0)
[248] [    15226017]   0-None                     (    0)
[249] [    15235961]   0-None                     (    0)
[250] [    15245892]   0-None                     (    0)
[251] [    15255835]   0-None                     (    0)
[252] [    15265768]   0-None                     (    0)
[253] [    15275710]   0-None                     (    0)
[254] [    15285642]   0-None                     (    0)
[255] [    15295565]   0-None                     (    0)
[  0] [    15305502]   0-None                     (    0)
[  1] [    15315436]   0-None                     (    0)
[  2] [    15325372]   0-None                     (    0)
[  3] [    15335311]   0-None                     (    0)
[  4] [    15345265]   0-None                     (    0)
[  5] [    15355187]   0-None                     (    0)
[  6] [    15365123]   0-None                     (    0)
[  7] [    15375063]   0-None                     (    0)
[  8] [    15384999]   0-None                     (    0)
[  9] [    15394939]   0-None                     (    0)
[ 10] [    15404875]   0-None                     (    0)
[ 11] [    15414808]   0-None                     (    0)
[ 12] [    15424746]   0-None                     (    0)
[ 13] [    15434703]   0-None                     (    0)
[ 14] [    15444645]   0-None                     (    0)
[ 15] [    15454581]   0-None                     (    0)
[ 16] [    15464514]   0-None                     (    0)
[ 17] [    15474458]   0-None                     (    0)
[ 18] [    15484389]   0-None                     (    0)
[ 19] [    15494332]   0-None                     (    0)
[ 20] [    15504264]   0-None                     (    0)
[ 21] [    15514207]   0-None                     (    0)
[ 22] [    15524159]   0-None                     (    0)
[ 23] [    15534076]   0-None                     (    0)
[ 24] [    15544019]   0-None                     (    0)
[ 25] [    15553975]   0-None                     (    0)
[ 26] [    15563914]   0-None                     (    0)
[ 27] [    15573853]   0-None                     (    0)
[ 28] [    15583804]   0-None                     (    0)
[ 29] [    15593743]   0-None                     (    0)
[ 30] [    15603680]   0-None                     (    0)
[ 31] [    15613618]   0-None                     (    0)
[ 32] [    15623555]   0-None                     (    0)
[ 33] [    15633493]   0-None                     (    0)
[ 34] [    15643431]   0-None                     (    0)
[ 35] [    15653366]   0-None                     (    0)
[ 36] [    15663305]   0-None                     (    0)
[ 37] [    15673243]   0-None                     (    0)
[ 38] [    15683182]   0-None                     (    0)
[ 39] [    15693118]   0-None                     (    0)
[ 40] [    15703057]   0-None                     (    0)
[ 41] [    15712995]   0-None                     (    0)
[ 42] [    15722951]   0-None                     (    0)
[ 43] [    15732885]   0-None                     (    0)
[ 44] [    15742829]   0-None                     (    0)
[ 45] [    15752781]   0-None                     (    0)
[ 46] [    15762720]   0-None                     (    0)
[ 47] [    15772656]   0-None                     (    0)
[ 48] [    15782595]   0-None                     (    0)
[ 49] [    15792531]   0-None                     (    0)
[ 50] [    15802490]   0-None                     (    0)
[ 51] [    15812415]   0-None                     (    0)
[ 52] [    15822367]   0-None                     (    0)
[ 53] [    15832304]   0-None                     (    0)
[ 54] [    15842242]   0-None                     (    0)
[ 55] [    15852179]   0-None                     (    0)
[ 56] [    15862136]   0-None                     (    0)
[ 57] [    15872071]   0-None                     (    0)
[ 58] [    15882015]   0-None                     (    0)
[ 59] [    15891949]   0-None                     (    0)
[ 60] [    15901884]   0-None                     (    0)
[ 61] [    15911826]   0-None                     (    0)
[ 62] [    15921759]   0-None                     (    0)
[ 63] [    15931701]   0-None                     (    0)
[ 64] [    15941634]   0-None                     (    0)
[ 65] [    15951576]   0-None                     (    0)
[ 66] [    15961530]   0-None                     (    0)
[ 67] [    15971470]   0-None                     (    0)
[ 68] [    15981407]   0-None                     (    0)
[ 69] [    15991347]   0-None                     (    0)
[ 70] [    16001278]   0-None                     (    0)
[ 71] [    16011216]   0-None                     (    0)
[ 72] [    16021174]   0-None                     (    0)
[ 73] [    16031114]   0-None                     (    0)
[ 74] [    16041051]   0-None                     (    0)
[ 75] [    16050989]   0-None                     (    0)
[ 76] [    16060925]   0-None                     (    0)
[ 77] [    16070862]   0-None                     (    0)
[ 78] [    16080799]   0-None                     (    0)
[ 79] [    16090757]   0-None                     (    0)
[ 80] [    16100699]   0-None                     (    0)
[ 81] [    16110631]   0-None                     (    0)
[ 82] [    16120573]   0-None                     (    0)
[ 83] [    16130505]   0-None                     (    0)
[ 84] [    16140449]   0-None                     (    0)
[ 85] [    16150400]   0-None                     (    0)
[ 86] [    16160339]   0-None                     (    0)
[ 87] [    16170256]   0-None                     (    0)
[ 88] [    16180192]   0-None                     (    0)
[ 89] [    16190134]   0-None                     (    0)
[ 90] [    16200089]   0-None                     (    0)
[ 91] [    16210025]   0-None                     (    0)
[ 92] [    16219964]   0-None                     (    0)
[ 93] [    16229901]   0-None                     (    0)
[ 94] [    16239839]   0-None                     (    0)
[ 95] [    16249775]   0-None                     (    0)
[ 96] [    16259719]   0-None                     (    0)
[ 97] [    16269652]   0-None                     (    0)
[ 98] [    16279592]   0-None                     (    0)
[ 99] [    16289524]   0-None                     (    0)
[100] [    16299463]   0-None                     (    0)
[101] [    16309401]   0-None                     (    0)
[102] [    16329280]   0-None                     (    0)
[103] [    16339222]   0-None                     (    0)
[104] [    16349159]   0-None                     (    0)
[105] [    16359094]   0-None                     (    0)
[106] [    16369032]   0-None                     (    0)
[107] [    16378974]   0-None                     (    0)
[108] [    16388912]   0-None                     (    0)
[109] [    16398866]   0-None                     (    0)
[110] [    16408799]   0-None                     (    0)
[111] [    16418736]   0-None                     (    0)
[112] [    16428669]   0-None                     (    0)
[113] [    16438607]   0-None                     (    0)
[114] [    16448544]   0-None                     (    0)
[115] [    16458462]   0-None                     (    0)
[116] [    16468398]   0-None                     (    0)
[117] [    16478338]   0-None                     (    0)
[118] [    16488270]   0-None                     (    0)
[119] [    16498188]   0-None                     (    0)
[120] [    16508131]   0-None                     (    0)
[121] [    16518087]   0-None                     (    0)
[122] [    16528025]   0-None                     (    0)
[123] [    16537964]   0-None                     (    0)
[124] [    16547896]   0-None                     (    0)
[125] [    16557813]   0-None                     (    0)
[126] [    16567754]   0-None                     (    0)
[127] [    16577688]   0-None                     (    0)
[128] [    16587625]   0-None                     (    0)
[129] [    16597545]   0-None                     (    0)
[130] [    16607483]   0-None                     (    0)
[131] [    16617420]   0-None                     (    0)
[132] [    16627376]   0-None                     (    0)
[133] [    16637298]   0-None                     (    0)
[134] [    16647254]   0-None                     (    0)
[135] [    16657190]   0-None                     (    0)
[136] [    16667123]   0-None                     (    0)
[137] [    16677067]   0-None                     (    0)
[138] [    16686998]   0-None                     (    0)
[139] [    16696921]   0-None                     (    0)
[140] [    16706858]   0-None                     (    0)
[141] [    16716811]   0-None                     (    0)
[142] [    16726733]   0-None                     (    0)
[143] [    16736666]   0-None                     (    0)
[144] [    16746603]   0-None                     (    0)
[145] [    16756540]   0-None                     (    0)
[146] [    16766478]   0-None                     (    0)
[147] [    16776422]   0-None                     (    0)
[148] [    16786351]   0-None                     (    0)
[149] [    16796289]   0-None                     (    0)
[150] [    16806207]   0-None                     (    0)
[151] [    16816143]   0-None                     (    0)
[152] [    16826083]   0-None                     (    0)
[153] [    16836019]   0-None                     (    0)
[154] [    16845959]   0-None                     (    0)
[155] [    16855891]   0-None                     (    0)
[156] [    16865830]   0-None                     (    0)
[157] [    16875747]   0-None                     (    0)
[158] [    16885688]   0-None                     (    0)
[159] [    16895621]   0-None                     (    0)
[160] [    16905564]   0-None                     (    0)
[161] [    16915497]   0-None                     (    0)
[162] [    16925420]   0-None                     (    0)
[163] [    16935370]   0-None                     (    0)
[164] [    16945292]   0-None                     (    0)
[165] [    16955229]   0-None                     (    0)
[166] [    16965166]   0-None                     (    0)
[167] [    16975124]   0-None                     (    0)
[168] [    16985060]   0-None                     (    0)
[169] [    16994993]   0-None                     (    0)
[170] [    17004916]   0-None                     (    0)
[171] [    17014874]   0-None                     (    0)
[172] [    17024789]   0-None                     (    0)
[173] [    17034728]   0-None                     (    0)
[174] [    17044661]   0-None                     (    0)
[175] [    17054599]   0-None                     (    0)
[176] [    17064535]   0-None                     (    0)
[177] [    17074474]   0-None                     (    0)
[178] [    17084398]   0-None                     (    0)
[179] [    17094350]   0-None                     (    0)
[180] [    17104286]   0-None                     (    0)
[181] [    17114223]   0-None                     (    0)
[182] [    17124160]   0-None                     (    0)
[183] [    17134098]   0-None                     (    0)
[184] [    17144014]   0-None                     (    0)
[185] [    17153955]   0-None                     (    0)
[186] [    17163888]   0-None                     (    0)
[187] [    17173827]   0-None                     (    0)
[188] [    17183763]   0-None                     (    0)
[189] [    17193702]   0-None                     (    0)
[190] [    17203635]   0-None                     (    0)
[191] [    17213576]   0-None                     (    0)
[192] [    17223513]   0-None                     (    0)
[193] [    17233451]   0-None                     (    0)
[194] [    17243390]   0-None                     (    0)
[195] [    17253330]   0-None                     (    0)
[196] [    17263280]   0-None                     (    0)
[197] [    17273219]   0-None                     (    0)
[198] [    17283137]   0-None                     (    0)
[199] [    17293076]   0-None                     (    0)
[200] [    17303012]   0-None                     (    0)
[201] [    17312951]   0-None                     (    0)
[202] [    17322887]   0-None                     (    0)
[203] [    17332826]   0-None                     (    0)
[204] [    17342761]   0-None                     (    0)
[205] [    17352701]   0-None                     (    0)
[206] [    17362636]   0-None                     (    0)
[207] [    17372575]   0-None                     (    0)
[208] [    17382511]   0-None                     (    0)
[209] [    17392450]   0-None                     (    0)
[210] [    17402385]   0-None                     (    0)
[211] [    17412325]   0-None                     (    0)
[212] [    17422241]   0-None                     (    0)
[213] [    17432175]   0-None                     (    0)
[214] [    17442118]   0-None                     (    0)
[215] [    17452053]   0-None                     (    0)
[216] [    17461988]   0-None                     (    0)
[217] [    17471911]   0-None                     (    0)
[218] [    17481828]   0-None                     (    0)
[219] [    17491759]   0-None                     (    0)
[220] [    17501697]   0-None                     (    0)
[221] [    17511636]   0-None                     (    0)
[222] [    17521575]   0-None                     (    0)
[223] [    17531506]   0-None                     (    0)
[224] [    17541454]   0-None                     (    0)
[225] [    17551384]   0-None                     (    0)
[226] [    17561301]   0-None                     (    0)
[227] [    17571240]   0-None                     (    0)
[228] [    17581174]   0-None                     (    0)
[229] [    17591116]   0-None                     (    0)
[230] [    17601052]   0-None                     (    0)
[231] [    17610986]   0-None                     (    0)
[232] [    17620909]   0-None                     (    0)
[233] [    17630846]   0-None                     (    0)
[234] [    17640780]   0-None                     (    0)
[235] [    17650718]   0-None                     (    0)
[236] [    17660656]   0-None                     (    0)
[237] [    17670595]   0-None                     (    0)
[238] [    17680527]   0-None                     (    0)
[239] [    17690465]   0-None                     (    0)
[240] [    17700410]   0-None                     (    0)
[241] [    17710358]   0-None                     (    0)
[242] [    17720278]   0-None                     (    0)
[243] [    17730215]   0-None                     (    0)
[244] [    17740172]   0-None                     (    0)
[245] [    17750094]   0-None                     (    0)
[246] [    17760026]   0-None                     (    0)
[247] [    17769964]   0-None                     (    0)
[248] [    17779901]   0-None                     (    0)
[249] [    17789839]   0-None                     (    0)
[250] [    17799776]   0-None                     (    0)
[251] [    17809714]   0-None                     (    0)
[252] [    17819653]   0-None                     (    0)
[253] [    17829588]   0-None                     (    0)
[254] [    17839546]   0-None                     (    0)
[255] [    17849486]   0-None                     (    0)
[  0] [    17859420]   0-None                     (    0)
[  1] [    17869359]   0-None                     (    0)
[  2] [    17879295]   0-None                     (    0)
[  3] [    17889237]   0-None                     (    0)
[  4] [    17899194]   0-None                     (    0)
[  5] [    17909132]   0-None                     (    0)
[  6] [    17919071]   0-None                     (    0)
[  7] [    17929002]   0-None                     (    0)
[  8] [    17938941]   0-None                     (    0)
[  9] [    17948878]   0-None                     (    0)
[ 10] [    17958816]   0-None                     (    0)
[ 11] [    17968752]   0-None                     (    0)
[ 12] [    17978691]   0-None                     (    0)
[ 13] [    17988627]   0-None                     (    0)
[ 14] [    17998567]   0-None                     (    0)
[ 15] [    18008502]   0-None                     (    0)
[ 16] [    18018442]   0-None                     (    0)
[ 17] [    18028377]   0-None                     (    0)
[ 18] [    18038295]   0-None                     (    0)
[ 19] [    18048250]   0-None                     (    0)
[ 20] [    18058189]   0-None                     (    0)
[ 21] [    18068126]   0-None                     (    0)
[ 22] [    18078066]   0-None                     (    0)
[ 23] [    18088003]   0-None                     (    0)
[ 24] [    18097943]   0-None                     (    0)
[ 25] [    18107895]   0-None                     (    0)
[ 26] [    18117834]   0-None                     (    0)
[ 27] [    18127772]   0-None                     (    0)
[ 28] [    18137709]   0-None                     (    0)
[ 29] [    18147647]   0-None                     (    0)
[ 30] [    18157584]   0-None                     (    0)
[ 31] [    18167521]   0-None                     (    0)
[ 32] [    18177464]   0-None                     (    0)
[ 33] [    18187403]   0-None                     (    0)
[ 34] [    18197331]   0-None                     (    0)
[ 35] [    18207270]   0-None                     (    0)
[ 36] [    18217208]   0-None                     (    0)
[ 37] [    18227145]   0-None                     (    0)
[ 38] [    18237083]   0-None                     (    0)
[ 39] [    18247020]   0-None                     (    0)
[ 40] [    18256958]   0-None                     (    0)
[ 41] [    18266894]   0-None                     (    0)
[ 42] [    18276833]   0-None                     (    0)
[ 43] [    18286769]   0-None                     (    0)
[ 44] [    18296687]   0-None                     (    0)
[ 45] [    18306623]   0-None                     (    0)
[ 46] [    18316561]   0-None                     (    0)
[ 47] [    18326497]   0-None                     (    0)
[ 48] [    18336414]   0-None                     (    0)
[ 49] [    18346336]   0-None                     (    0)
[ 50] [    18356269]   0-None                     (    0)
[ 51] [    18366206]   0-None                     (    0)
[ 52] [    18376143]   0-None                     (    0)
[ 53] [    18386081]   0-None                     (    0)
[ 54] [    18395998]   0-None                     (    0)
[ 55] [    18405938]   0-None                     (    0)
[ 56] [    18415872]   0-None                     (    0)
[ 57] [    18425811]   0-None                     (    0)
[ 58] [    18435728]   0-None                     (    0)
[ 59] [    18445663]   0-None                     (    0)
[ 60] [    18455606]   0-None                     (    0)
[ 61] [    18465539]   0-None                     (    0)
[ 62] [    18475478]   0-None                     (    0)
[ 63] [    18485400]   0-None                     (    0)
[ 64] [    18495330]   0-None                     (    0)
[ 65] [    18505270]   0-None                     (    0)
[ 66] [    18515206]   0-None                     (    0)
[ 67] [    18525124]   0-None                     (    0)
[ 68] [    18535063]   0-None                     (    0)
[ 69] [    18544995]   0-None                     (    0)
[ 70] [    18554932]   0-None                     (    0)
[ 71] [    18564849]   0-None                     (    0)
[ 72] [    18574785]   0-None                     (    0)
[ 73] [    18584706]   0-None                     (    0)
[ 74] [    18594644]   0-None                     (    0)
[ 75] [    18604562]   0-None                     (    0)
[ 76] [    18614494]   0-None                     (    0)
[ 77] [    18624411]   0-None                     (    0)
[ 78] [    18634352]   0-None                     (    0)
[ 79] [    18644287]   0-None                     (    0)
[ 80] [    18654201]   0-None                     (    0)
[ 81] [    18664139]   0-None                     (    0)
[ 82] [    18674077]   0-None                     (    0)
[ 83] [    18684014]   0-None                     (    0)
[ 84] [    18693952]   0-None                     (    0)
[ 85] [    18703889]   0-None                     (    0)
[ 86] [    18713807]   0-None                     (    0)
[ 87] [    18723742]   0-None                     (    0)
[ 88] [    18733681]   0-None                     (    0)
[ 89] [    18743617]   0-None                     (    0)
[ 90] [    18753555]   0-None                     (    0)
[ 91] [    18763476]   0-None                     (    0)
[ 92] [    18773409]   0-None                     (    0)
[ 93] [    18783350]   0-None                     (    0)
[ 94] [    18793283]   0-None                     (    0)
[ 95] [    18803222]   0-None                     (    0)
[ 96] [    18813144]   0-None                     (    0)
[ 97] [    18823080]   0-None                     (    0)
[ 98] [    18832993]   0-None                     (    0)
[ 99] [    18842933]   0-None                     (    0)
[100] [    18852846]   0-None                     (    0)
[101] [    18862781]   0-None                     (    0)
[102] [    18872704]   0-None                     (    0)
[103] [    18882637]   0-None                     (    0)
[104] [    18892574]   0-None                     (    0)
[105] [    18902511]   0-None                     (    0)
[106] [    18912429]   0-None                     (    0)
[107] [    18922365]   0-None                     (    0)
[108] [    18932303]   0-None                     (    0)
[109] [    18942239]   0-None                     (    0)
[110] [    18952156]   0-None                     (    0)
[111] [    18962098]   0-None                     (    0)
[112] [    18972014]   0-None                     (    0)
[113] [    18981952]   0-None                     (    0)
[114] [    18991870]   0-None                     (    0)
[115] [    19001802]   0-None                     (    0)
[116] [    19011738]   0-None                     (    0)
[117] [    19021655]   0-None                     (    0)
[118] [    19031597]   0-None                     (    0)
[119] [    19041512]   0-None                     (    0)
[120] [    19051449]   0-None                     (    0)
[121] [    19061367]   0-None                     (    0)
[122] [    19071306]   0-None                     (    0)
[123] [    19081218]   0-None                     (    0)
[124] [    19091140]   0-None                     (    0)
[125] [    19101069]   0-None                     (    0)
[126] [    19110994]   0-None                     (    0)
[127] [    19120925]   0-None                     (    0)
[128] [    19130865]   0-None                     (    0)
[129] [    19140803]   0-None                     (    0)
[130] [    19150717]   0-None                     (    0)
[131] [    19160652]   0-None                     (    0)
[132] [    19170574]   0-None                     (    0)
[133] [    19180511]   0-None                     (    0)
[134] [    19190449]   0-None                     (    0)
[135] [    19200370]   0-None                     (    0)
[136] [    19210301]   0-None                     (    0)
[137] [    19220239]   0-None                     (    0)
[138] [    19230157]   0-None                     (    0)
[139] [    19240089]   0-None                     (    0)
[140] [    19250012]   0-None                     (    0)
[141] [    19259929]   0-None                     (    0)
[142] [    19269860]   0-None                     (    0)
[143] [    19279798]   0-None                     (    0)
[144] [    19289735]   0-None                     (    0)
[145] [    19299673]   0-None                     (    0)
[146] [    19309589]   0-None                     (    0)
[147] [    19319525]   0-None                     (    0)
[148] [    19329466]   0-None                     (    0)
[149] [    19339387]   0-None                     (    0)
[150] [    19349323]   0-None                     (    0)
[151] [    19359257]   0-None                     (    0)
[152] [    19369194]   0-None                     (    0)
[153] [    19379133]   0-None                     (    0)
[154] [    19389048]   0-None                     (    0)
[155] [    19398985]   0-None                     (    0)
[156] [    19408905]   0-None                     (    0)
[157] [    19418836]   0-None                     (    0)
[158] [    19428757]   0-None                     (    0)
[159] [    19438692]   0-None                     (    0)
[160] [    19448630]   0-None                     (    0)
[161] [    19458567]   0-None                     (    0)
[162] [    19468483]   0-None                     (    0)
[163] [    19478422]   0-None                     (    0)
[164] [    19488358]   0-None                     (    0)
[165] [    19498275]   0-None                     (    0)
[166] [    19508210]   0-None                     (    0)
[167] [    19518153]   0-None                     (    0)
[168] [    19528085]   0-None                     (    0)
[169] [    19538008]   0-None                     (    0)
[170] [    19557876]   0-None                     (    0)
[171] [    19567825]   0-None                     (    0)
[172] [    19577738]   0-None                     (    0)
[173] [    19587679]   0-None                     (    0)
[174] [    19597596]   0-None                     (    0)
[175] [    19607548]   0-None                     (    0)
[176] [    19617468]   0-None                     (    0)
[177] [    19627405]   0-None                     (    0)
[178] [    19637326]   0-None                     (    0)
[179] [    19647256]   0-None                     (    0)
[180] [    19657193]   0-None                     (    0)
[181] [    19667113]   0-None                     (    0)
[182] [    19677045]   0-None                     (    0)
[183] [    19686977]   0-None                     (    0)
[184] [    19696903]   0-None                     (    0)
[185] [    19706837]   0-None                     (    0)
[186] [    19716772]   0-None                     (    0)
[187] [    19726691]   0-None                     (    0)
[188] [    19736630]   0-None                     (    0)
[189] [    19746566]   0-None                     (    0)
[190] [    19756499]   0-None                     (    0)
[191] [    19766418]   0-None                     (    0)
[192] [    19776354]   0-None                     (    0)
[193] [    19786293]   0-None                     (    0)
[194] [    19796229]   0-None                     (    0)
[195] [    19806168]   0-None                     (    0)
[196] [    19816086]   0-None                     (    0)
[197] [    19826022]   0-None                     (    0)
[198] [    19835956]   0-None                     (    0)
[199] [    19845878]   0-None                     (    0)
[200] [    19855815]   0-None                     (    0)
[201] [    19865752]   0-None                     (    0)
[202] [    19875689]   0-None                     (    0)
[203] [    19885627]   0-None                     (    0)
[204] [    19895544]   0-None                     (    0)
[205] [    19905476]   0-None                     (    0)
[206] [    19915415]   0-None                     (    0)
[207] [    19925351]   0-None                     (    0)
[208] [    19935268]   0-None                     (    0)
[209] [    19945190]   0-None                     (    0)
[210] [    19955122]   0-None                     (    0)
[211] [    19965060]   0-None                     (    0)
[212] [    19974977]   0-None                     (    0)
[213] [    19984917]   0-None                     (    0)
[214] [    19994829]   0-None                     (    0)
[215] [    20004771]   0-None                     (    0)
[216] [    20014706]   0-None                     (    0)
[217] [    20024625]   0-None                     (    0)
[218] [    20034562]   0-None                     (    0)
[219] [    20044481]   0-None                     (    0)
[220] [    20054413]   0-None                     (    0)
[221] [    20064333]   0-None                     (    0)
[222] [    20074269]   0-None                     (    0)
[223] [    20084202]   0-None                     (    0)
[224] [    20094125]   0-None                     (    0)
[225] [    20104043]   0-None                     (    0)
[226] [    20113974]   0-None                     (    0)
[227] [    20123893]   0-None                     (    0)
[228] [    20133826]   0-None                     (    0)
[229] [    20143749]   0-None                     (    0)
[230] [    20153686]   0-None                     (    0)
[231] [    20163619]   0-None                     (    0)
[232] [    20173557]   0-None                     (    0)
[233] [    20183474]   0-None                     (    0)
[234] [    20193413]   0-None                     (    0)
[235] [    20203348]   0-None                     (    0)
[236] [    20213287]   0-None                     (    0)
[237] [    20223243]   0-None                     (    0)
[238] [    20233181]   0-None                     (    0)
[239] [    20243118]   0-None                     (    0)
[240] [    20253056]   0-None                     (    0)
[241] [    20262993]   0-None                     (    0)
[242] [    20272931]   0-None                     (    0)
[243] [    20282847]   0-None                     (    0)
[244] [    20292788]   0-None                     (    0)
[245] [    20302725]   0-None                     (    0)
[246] [    20312664]   0-None                     (    0)
[247] [    20322615]   0-None                     (    0)
[248] [    20332560]   0-None                     (    0)
[249] [    20342498]   0-None                     (    0)
[250] [    20352434]   0-None                     (    0)
[251] [    20362353]   0-None                     (    0)
[252] [    20372285]   0-None                     (    0)
[253] [    20382223]   0-None                     (    0)
[254] [    20392162]   0-None                     (    0)
[255] [    20402095]   0-None                     (    0)
[  0] [    20412033]   0-None                     (    0)
[  1] [    20421969]   0-None                     (    0)
[  2] [    20431908]   0-None                     (    0)
[  3] [    20441844]   0-None                     (    0)
[  4] [    20451761]   0-None                     (    0)
[  5] [    20461703]   0-None                     (    0)
[  6] [    20471638]   0-None                     (    0)
[  7] [    20481552]   0-None                     (    0)
[  8] [    20491489]   0-None                     (    0)
[  9] [    20501428]   0-None                     (    0)
[ 10] [    20511353]   0-None                     (    0)
[ 11] [    20521284]   0-None                     (    0)
[ 12] [    20531222]   0-None                     (    0)
[ 13] [    20541161]   0-None                     (    0)
[ 14] [    20551093]   0-None                     (    0)
[ 15] [    20561031]   0-None                     (    0)
[ 16] [    20570967]   0-None                     (    0)
[ 17] [    20580906]   0-None                     (    0)
[ 18] [    20590842]   0-None                     (    0)
[ 19] [    20600781]   0-None                     (    0)
[ 20] [    20610697]   0-None                     (    0)
[ 21] [    20620640]   0-None                     (    0)
[ 22] [    20630574]   0-None                     (    0)
[ 23] [    20640494]   0-None                     (    0)
[ 24] [    20650431]   0-None                     (    0)
[ 25] [    20660349]   0-None                     (    0)
[ 26] [    20670300]   0-None                     (    0)
[ 27] [    20680221]   0-None                     (    0)
[ 28] [    20690160]   0-None                     (    0)
[ 29] [    20700091]   0-None                     (    0)
[ 30] [    20710029]   0-None                     (    0)
[ 31] [    20719966]   0-None                     (    0)
[ 32] [    20729905]   0-None                     (    0)
[ 33] [    20739841]   0-None                     (    0)
[ 34] [    20749782]   0-None                     (    0)
[ 35] [    20759714]   0-None                     (    0)
[ 36] [    20769653]   0-None                     (    0)
[ 37] [    20779590]   0-None                     (    0)
[ 38] [    20789528]   0-None                     (    0)
[ 39] [    20799465]   0-None                     (    0)
[ 40] [    20809404]   0-None                     (    0)
[ 41] [    20819340]   0-None                     (    0)
[ 42] [    20829281]   0-None                     (    0)
[ 43] [    20839214]   0-None                     (    0)
[ 44] [    20849152]   0-None                     (    0)
[ 45] [    20859089]   0-None                     (    0)
[ 46] [    20869029]   0-None                     (    0)
[ 47] [    20878966]   0-None                     (    0)
[ 48] [    20888906]   0-None                     (    0)
[ 49] [    20898838]   0-None                     (    0)
[ 50] [    20908776]   0-None                     (    0)
[ 51] [    20918713]   0-None                     (    0)
[ 52] [    20928654]   0-None                     (    0)
[ 53] [    20938586]   0-None                     (    0)
[ 54] [    20948526]   0-None                     (    0)
[ 55] [    20958464]   0-None                     (    0)
[ 56] [    20968405]   0-None                     (    0)
[ 57] [    20978336]   0-None                     (    0)
[ 58] [    20988275]   0-None                     (    0)
[ 59] [    20998216]   0-None                     (    0)
[ 60] [    21008154]   0-None                     (    0)
[ 61] [    21018087]   0-None                     (    0)
[ 62] [    21028026]   0-None                     (    0)
[ 63] [    21037982]   0-None                     (    0)
[ 64] [    21047921]   0-None                     (    0)
[ 65] [        4096]   0-None                     (    0)
[ 66] [       14034]   0-None                     (    0)
[ 67] [       23971]   0-None                     (    0)
[ 68] [       33909]   0-None                     (    0)
[ 69] [       43846]   0-None                     (    0)
[ 70] [       53784]   0-None                     (    0)
[ 71] [       63700]   0-None                     (    0)
[ 72] [       73641]   0-None                     (    0)
[ 73] [       83574]   0-None                     (    0)
[ 74] [       93514]   0-None                     (    0)
[ 75] [      103449]   0-None                     (    0)
[ 76] [      113388]   0-None                     (    0)
[ 77] [      123324]   0-None                     (    0)
[ 78] [      133242]   0-None                     (    0)
[ 79] [      143197]   0-None                     (    0)
[ 80] [      153114]   0-None                     (    0)
[ 81] [      163057]   0-None                     (    0)
[ 82] [      172972]   0-None                     (    0)
[ 83] [      182909]   0-None                     (    0)
[ 84] [      192848]   0-None                     (    0)
[ 85] [      202785]   0-None                     (    0)
[ 86] [      212723]   0-None                     (    0)
[ 87] [      222660]   0-None                     (    0)
[ 88] [      232597]   0-None                     (    0)
[ 89] [      242533]   0-None                     (    0)
[ 90] [      252474]   0-None                     (    0)
[ 91] [      262410]   0-None                     (    0)
[ 92] [      272344]   0-None                     (    0)
[ 93] [      282281]   0-None                     (    0)
[ 94] [      292217]   0-None                     (    0)
[ 95] [      302155]   0-None                     (    0)
[ 96] [      312092]   0-None                     (    0)
[ 97] [      322030]   0-None                     (    0)
[ 98] [      331966]   0-None                     (    0)
[ 99] [      341905]   0-None                     (    0)
[100] [      351841]   0-None                     (    0)
[101] [      361779]   0-None                     (    0)
[102] [      371716]   0-None                     (    0)
[103] [      381654]   0-None                     (    0)
[104] [      391598]   0-None                     (    0)
[105] [      401527]   0-None                     (    0)
[106] [      411465]   0-None                     (    0)
[107] [      421404]   0-None                     (    0)
[108] [      431340]   0-None                     (    0)
[109] [      441278]   0-None                     (    0)
[110] [      451215]   0-None                     (    0)
[111] [      461153]   0-None                     (    0)
[112] [      471090]   0-None                     (    0)
[113] [      481028]   0-None                     (    0)
[114] [      490965]   0-None                     (    0)
[115] [      500908]   0-None                     (    0)
[116] [      510846]   0-None                     (    0)
[117] [      520780]   0-None                     (    0)
[118] [      530716]   0-None                     (    0)
[119] [      540652]   0-None                     (    0)
