[  0] [    10200470] 1 | True  True 00 ( 1401, 1037)   6  1117  1692
[  1] [    10210307] 1 | True  True 00 ( 1401, 1037)   6  1125  1568
[  2] [    10220238] 1 | True  True 00 ( 1395, 1036)   5  1118  1340
[  3] [    10230158] 1 | True  True 00 ( 1384, 1035)   4  1089  1616
[  4] [    10240097] 1 | True  True 00 ( 1371, 1034)   4  1078  1852
[  5] [    10250014] 1 | True  True 00 ( 1356, 1032)   6  1140  1804
[  6] [    10259930] 1 | True  True 00 ( 1336, 1029)   6  1189  1524
[  7] [    10269862] 1 | True  True 00 ( 1311, 1025)   6  1123  1244
[  8] [    10279803] 1 | True  True 00 ( 1285, 1020)   5  1096  1124
[  9] [    10289721] 1 | True  True 00 ( 1262, 1016)   4   978  1288
[ 10] [    10299648] 1 | True  True 00 ( 1241, 1009)   5  1014  1620
[ 11] [    10309590] 1 | True  True 00 ( 1221,  999)   6  1100  1828
[ 12] [    10319504] 1 | True  True 00 ( 1200,  988)   5   892  1536
[ 13] [    10329443] 1 | True  True 00 ( 1179,  975)   7  1088  1432
[ 14] [    10339360] 1 | True  True 00 ( 1157,  960)   6   994  1244
[ 15] [    10349291] 1 | True  True 00 ( 1135,  944)   7  1154  1376
[ 16] [    10359210] 1 | True  True 00 ( 1116,  927)   4   968  1236
[ 17] [    10369152] 1 | True  True 00 ( 1100,  912)   4   948  1396
[ 18] [    10379063] 1 | True  True 00 ( 1084,  897)   5   915  1636
[ 19] [    10389003] 1 | True  True 00 ( 1068,  878)   7   956  1564
[ 20] [    10398919] 1 | True  True 00 ( 1053,  857)   7  1025  1656
[ 21] [    10408851] 1 | True  True 00 ( 1037,  834)   6   963  1380
[ 22] [    10418791] 1 | True  True 00 ( 1025,  813)   6   965  1196
[ 23] [    10428707] 1 | True  True 00 ( 1011,  792)   5   931  1184
[ 24] [    10438650] 1 | True  True 00 (  998,  772)   7  1044  1224
[ 25] [    10448561] 1 | True  True 00 (  986,  746)   5   825  1220
[ 26] [    10458506] 1 | True  True 00 (  977,  721)   6   889  1120
[ 27] [    10468422] 1 | True  True 00 (  970,  696)   4   817   924
[ 28] [    10478353] 1 | True  True 00 (  965,  672)   5   869   976
[ 29] [    10488293] 1 | True  True 00 (  961,  647)   7   960  1232
[ 30] [    10498211] 1 | True  True 00 (  956,  623)   6   919  1272
[ 31] [    10508147] 1 | True  True 00 (  955,  596)   4   871  1252
[ 32] [    10518080] 1 | True  True 00 (  956,  572)   5   918  1012
[ 33] [    10528004] 1 | True  True 00 (  957,  551)   6   994  1024
[ 34] [    10537940] 1 | True  True 00 (  959,  529)   4   833  1112
[ 35] [    10547873] 1 | True  True 00 (  962,  505)   6   959  1304
[ 36] [    10557811] 1 | True  True 00 (  968,  481)   6   974  1464
[ 37] [    10567747] 1 | True  True 00 (  974,  457)   5   892  1464
[ 38] [    10577666] 1 | True  True 00 (  984,  436)   6   960  1304
[ 39] [    10587601] 1 | True  True 00 (  995,  413)   5   892  1464
[ 40] [    10597518] 1 | True  True 00 ( 1007,  392)   6   930  1644
[ 41] [    10607453] 1 | True  True 00 ( 1019,  370)   5   905  1684
[ 42] [    10617376] 1 | True  True 00 ( 1032,  347)   6   950  1584
[ 43] [    10627314] 1 | True  True 00 ( 1044,  325)   4   923  1524
[ 44] [    10637246] 1 | True  True 00 ( 1058,  306)   4   875  1040
[ 45] [    10647164] 1 | True  True 00 ( 1074,  287)   5   975  1072
[ 46] [    10657104] 1 | True  True 00 ( 1094,  268)   7  1075  1284
[ 47] [    10667043] 1 | True  True 00 ( 1116,  250)   6  1061  1500
[ 48] [    10676976] 1 | True  True 00 ( 1138,  235)   6   977  1636
[ 49] [    10686895] 1 | True  True 00 ( 1159,  219)   7  1101  1692
[ 50] [    10696833] 1 | True  True 00 ( 1179,  204)   6  1046  1440
[ 51] [    10706767] 1 | True  True 00 ( 1199,  192)   6  1086  1460
[ 52] [    10716725] 1 | True  True 00 ( 1220,  181)   7  1185  1672
[ 53] [    10726664] 1 | True  True 00 ( 1246,  173)   7  1147  1812
[ 54] [    10736583] 1 | True  True 00 ( 1271,  165)   4  1060  1976
[ 55] [    10746519] 1 | True  True 00 ( 1293,  157)   4  1164  1860
[ 56] [    10756452] 1 | True  True 00 ( 1316,  149)   4  1213  1412
[ 57] [    10766395] 1 | True  True 00 ( 1337,  143)   6  1169  1352
[ 58] [    10776329] 1 | True  True 00 ( 1359,  141)   5  1133  1716
[ 59] [    10786244] 1 | True  True 00 ( 1383,  141)   5  1113  2000
[ 60] [    10796202] 1 | True  True 00 ( 1407,  140)   5  1209  1924
[ 61] [    10806124] 1 | True  True 00 ( 1431,  139)   4  1166  1688
[ 62] [    10816061] 1 | True  True 00 ( 1452,  140)   4  1150  1428
[ 63] [    10825998] 1 | True  True 00 ( 1474,  143)   7  1239  1560
[ 64] [    10835936] 1 | True  True 00 ( 1499,  148)   6  1188  1988
[ 65] [    10845869] 1 | True  True 00 ( 1525,  154)   6  1154  2164
[ 66] [    10855807] 1 | True  True 00 ( 1550,  160)   5  1174  2164
[ 67] [    10865723] 1 | True  True 00 ( 1573,  167)   7  1200  1784
[ 68] [    10875664] 1 | True  True 00 ( 1594,  176)   6  1180  1536
[ 69] [    10885597] 1 | True  True 00 ( 1614,  188)   6  1193  1544
[ 70] [    10895535] 1 | True  True 00 ( 1636,  201)   7  1170  1616
[ 71] [    10905452] 1 | True  True 00 ( 1659,  214)   6  1088  1592
[ 72] [    10915387] 1 | True  True 00 ( 1681,  229)   5  1076  1668
[ 73] [    10925329] 1 | True  True 00 ( 1702,  244)   5  1093  1772
[ 74] [    10935262] 1 | True  True 00 ( 1719,  259)   7  1137  1712
[ 75] [    10945185] 1 | True  True 00 ( 1735,  277)   6  1138  1624
[ 76] [    10955119] 1 | True  True 00 ( 1751,  298)   6  1144  1392
[ 77] [    10965053] 1 | True  True 00 ( 1763,  320)   5  1060  1232
[ 78] [    10974992] 1 | True  True 00 ( 1776,  340)   5  1075  1296
[ 79] [    10984909] 1 | True  True 00 ( 1788,  359)   7  1147  1528
[ 80] [    10994848] 1 | True  True 00 ( 1803,  379)   6  1024  1608
[ 81] [    11004789] 1 | True  True 00 ( 1815,  401)   5  1042  1692
[ 82] [    11014718] 1 | True  True 00 ( 1825,  424)   6  1032  1652
[ 83] [    11024636] 1 | True  True 00 ( 1835,  452)   6  1075  1504
[ 84] [    11034579] 1 | True  True 00 ( 1845,  478)   7  1193  1928
[ 85] [    11044514] 1 | True  True 00 ( 1850,  501)   7  1119  1948
[ 86] [    11054447] 1 | True  True 00 ( 1852,  526)   5  1035  1928
[ 87] [    11064390] 1 | True  True 00 ( 1853,  553)   5   984  1704
[ 88] [    11074322] 1 | True  True 00 ( 1854,  578)   4   955  1664
[ 89] [    11084246] 1 | True  True 00 ( 1855,  603)   6  1146  1796
[ 90] [    11094182] 1 | True  True 00 ( 1853,  626)   5   916  1996
[ 91] [    11104115] 1 | True  True 00 ( 1850,  648)   5   931  1996
[ 92] [    11114054] 1 | True  True 00 ( 1847,  672)   6  1072  1664
[ 93] [    11123990] 1 | True  True 00 ( 1843,  697)   6  1111  1364
[ 94] [    11133928] 1 | True  True 00 ( 1834,  720)   4   945  1404
[ 95] [    11143865] 1 | True  True 00 ( 1822,  742)   7  1103  1448
[ 96] [    11153804] 1 | True  True 00 ( 1811,  763)   6  1089  1364
[ 97] [    11163742] 1 | True  True 00 ( 1797,  788)   5   907  1316
[ 98] [    11173679] 1 | True  True 00 ( 1785,  814)   4   890  1316
[ 99] [    11183615] 1 | True  True 00 ( 1775,  836)   4   930  1232
[100] [    11193552] 1 | True  True 00 ( 1764,  853)   5  1044  1512
[101] [    11203476] 1 | True  True 00 ( 1752,  871)   6   977  1656
[102] [    11213429] 1 | True  True 00 ( 1736,  889)   8  1146  1656
[103] [    11223345] 1 | True  True 00 ( 1716,  907)   5   932  1368
[104] [    11233285] 1 | True  True 00 ( 1692,  926)   7  1136  1432
[105] [    11243217] 1 | True  True 00 ( 1671,  944)   5  1037  1616
[106] [    11253156] 1 | True  True 00 ( 1651,  959)   6  1112  1592
[107] [    11263092] 1 | True  True 00 ( 1635,  973)   5  1113  1732
[108] [    11273009] 1 | True  True 00 ( 1617,  985)   7  1244  1640
[109] [    11282950] 1 | True  True 00 ( 1593,  995)   7  1225  1428
[110] [    11292864] 1 | True  True 00 ( 1567, 1005)   4  1047  1260
[111] [    11302802] 1 | True  True 00 ( 1542, 1013)   4  1044  1516
[112] [    11312741] 1 | True  True 00 ( 1521, 1020)   4  1095  1844
[113] [    11322656] 1 | True  True 00 ( 1501, 1023)   5  1129  1944
[114] [    11332593] 1 | True  True 00 ( 1481, 1026)   6  1122  1820
[115] [    11342532] 1 | True  True 00 ( 1456, 1029)   5  1052  1568
[116] [    11352464] 1 | True  True 00 ( 1429, 1029)   4  1094  1312
[117] [    11362403] 1 | True  True 00 ( 1404, 1030)   4  1031  1596
[118] [    11372320] 1 | True  True 00 ( 1383, 1030)   4  1119  1784
[119] [    11382256] 1 | True  True 00 ( 1362, 1029)   5  1090  1760
[120] [    11392197] 1 | True  True 00 ( 1339, 1026)   6  1152  1476
[121] [    11402131] 1 | True  True 00 ( 1312, 1023)   5  1054  1172
[122] [    11412072] 1 | True  True 00 ( 1286, 1020)   6  1092   996
[123] [    11421985] 1 | True  True 00 ( 1261, 1015)   5  1006  1332
[124] [    11431924] 1 | True  True 00 ( 1239, 1009)   5   985  1576
[125] [    11441860] 1 | True  True 00 ( 1219,  999)   6  1091  1892
[126] [    11451779] 1 | True  True 00 ( 1201,  986)   7  1151  1704
[127] [    11461715] 1 | True  True 00 ( 1178,  971)   6  1007  1392
[128] [    11471655] 1 | True  True 00 ( 1154,  957)   5   935  1256
[129] [    11481573] 1 | True  True 00 ( 1133,  942)   6  1105  1396
[130] [    11491508] 1 | True  True 00 ( 1114,  927)   4   910  1236
[131] [    11501422] 1 | True  True 00 ( 1096,  914)   6  1014  1304
[132] [    11511359] 1 | True  True 00 ( 1082,  898)   5   851  1472
[133] [    11521277] 1 | True  True 00 ( 1067,  879)   8  1085  1636
[134] [    11531213] 1 | True  True 00 ( 1049,  858)   5   919  1528
[135] [    11541152] 1 | True  True 00 ( 1036,  837)   5   825  1304
[136] [    11551068] 1 | True  True 00 ( 1019,  814)   5   888  1048
[137] [    11560991] 1 | True  True 00 ( 1002,  793)   4   933  1244
[138] [    11570927] 1 | True  True 00 (  992,  770)   7  1009  1224
[139] [    11580860] 1 | True  True 00 (  983,  747)   7  1024  1320
[140] [    11590795] 1 | True  True 00 (  977,  721)   6   927  1100
[141] [    11600720] 1 |False  True 00 (  977,  721)   6   927  1100
[142] [    11610652] 0 
[143] [    11630507] 1 | True  True 00 (  952,  575)   6   984  1312
[144] [    11640434] 1 | True  True 00 (  952,  567)   5   896  1272
[145] [    11650366] 1 | True  True 00 (  953,  556)   5   988  1076
[146] [    11660291] 1 | True  True 00 (  954,  541)   4   906  1024
[147] [    11670220] 1 | True  True 00 (  957,  521)   6   967  1152
[148] [    11680154] 1 | True  True 00 (  964,  501)   6   986  1224
[149] [    11690094] 1 | True  True 00 (  970,  478)   6   958  1424
[150] [    11700014] 1 | True  True 00 (  976,  455)   5   906  1444
[151] [    11709945] 1 | True  True 00 (  986,  433)   6   950  1284
[152] [    11719860] 1 | True  True 00 (  998,  412)   6   940  1384
[153] [    11729799] 1 | True  True 00 ( 1010,  391)   7  1024  1604
[154] [    11739717] 1 | True  True 00 ( 1022,  369)   7   992  1644
[155] [    11749649] 1 | True  True 00 ( 1034,  345)   5   984  1724
[156] [    11759565] 1 | True  True 00 ( 1048,  324)   7  1079  1444
[157] [    11769508] 1 | True  True 00 ( 1060,  304)   4   890  1000
[158] [    11779440] 1 | True  True 00 ( 1074,  286)   7  1021  1000
[159] [    11789375] 1 | True  True 00 ( 1092,  270)   7  1004  1228
[160] [    11799317] 1 | True  True 00 ( 1115,  252)   6   988  1480
[161] [    11809250] 1 | True  True 00 ( 1137,  236)   6   970  1656
[162] [    11819172] 1 | True  True 00 ( 1159,  220)   6  1036  1676
[163] [    11829109] 1 | True  True 00 ( 1179,  206)   6  1066  1460
[164] [    11839047] 1 | True  True 00 ( 1199,  192)   6  1069  1340
[165] [    11848986] 1 | True  True 00 ( 1222,  181)   7  1175  1600
[166] [    11858923] 1 | True  True 00 ( 1248,  172)   7  1124  1928
[167] [    11868857] 1 | True  True 00 ( 1271,  164)   5  1074  1952
[168] [    11878795] 1 | True  True 00 ( 1293,  156)   4  1097  1740
[169] [    11888732] 1 | True  True 00 ( 1315,  150)   4  1092  1292
[170] [    11898666] 1 | True  True 00 ( 1336,  145)   4  1022  1376
[171] [    11908604] 1 | True  True 00 ( 1360,  144)   6  1243  1792
[172] [    11918522] 1 | True  True 00 ( 1387,  143)   5  1123  1896
[173] [    11928460] 1 | True  True 00 ( 1412,  142)   4  1131  1924
[174] [    11938401] 1 | True  True 00 ( 1435,  142)   4  1088  1560
[175] [    11948351] 1 | True  True 00 ( 1457,  142)   5  1184  1356
[176] [    11958274] 1 | True  True 00 ( 1478,  144)   6  1151  1484
[177] [    11968225] 1 | True  True 00 ( 1504,  148)   6  1108  1860
[178] [    11978149] 1 | True  True 00 ( 1528,  153)   7  1185  2140
[179] [    11988086] 1 | True  True 00 ( 1553,  158)   6  1160  2012
[180] [    11998025] 1 | True  True 00 ( 1576,  166)   6  1188  1888
[181] [    12007977] 1 | True  True 00 ( 1596,  176)   6  1131  1584
[182] [    12017895] 1 | True  True 00 ( 1616,  188)   6  1207  1496
[183] [    12027832] 1 | True  True 00 ( 1638,  201)   7  1169  1616
[184] [    12037770] 1 | True  True 00 ( 1662,  214)   6  1209  1740
[185] [    12047707] 1 | True  True 00 ( 1685,  230)   5  1100  1772
[186] [    12057645] 1 | True  True 00 ( 1704,  244)   4  1014  1752
[187] [    12067581] 1 | True  True 00 ( 1721,  259)   6  1090  1648
[188] [    12077521] 1 | True  True 00 ( 1736,  277)   6  1094  1584
[189] [    12087458] 1 | True  True 00 ( 1749,  297)   6  1105  1352
[190] [    12097398] 1 | True  True 00 ( 1763,  319)   5  1066  1348
[191] [    12107331] 1 | True  True 00 ( 1775,  341)   6  1175  1400
[192] [    12117249] 1 | True  True 00 ( 1789,  362)   8  1149  1588
[193] [    12127183] 1 | True  True 00 ( 1802,  383)   6  1080  1672
[194] [    12137125] 1 | True  True 00 ( 1814,  406)   5   987  1672
[195] [    12147059] 1 | True  True 00 ( 1826,  430)   6  1037  1632
[196] [    12157002] 1 | True  True 00 ( 1837,  454)   5   999  1552
[197] [    12166934] 1 | True  True 00 ( 1845,  478)   4   898  1840
[198] [    12176856] 1 | True  True 00 ( 1850,  502)   5  1040  2060
[199] [    12186793] 1 | True  True 00 ( 1858,  528)   6  1052  1840
[200] [    12196728] 1 | True  True 00 ( 1858,  554)   5  1050  1704
[201] [    12206665] 1 | True  True 00 ( 1857,  578)   3   890  1664
[202] [    12216603] 1 | True  True 00 ( 1855,  602)   5   983  2020
[203] [    12226525] 1 | True  True 00 ( 1851,  625)   6  1037  1932
[204] [    12236457] 1 | True  True 00 ( 1851,  649)   6  1062  1688
[205] [    12246399] 1 | True  True 00 ( 1850,  672)   5   910  1640
[206] [    12256328] 1 | True  True 00 ( 1845,  696)   6  1101  1376
[207] [    12266246] 1 | True  True 00 ( 1833,  720)   6  1149  1488
[208] [    12276186] 1 | True  True 00 ( 1821,  742)   7  1166  1468
[209] [    12286102] 1 | True  True 00 ( 1808,  763)   7  1153  1400
[210] [    12296039] 1 | True  True 00 ( 1796,  790)   5   973  1316
[211] [    12305976] 1 | True  True 00 ( 1786,  814)   4   958  1420
[212] [    12315914] 1 | True  True 00 ( 1773,  837)   4   887  1232
[213] [    12325851] 1 | True  True 00 ( 1762,  855)   5  1053  1552
[214] [    12335789] 1 | True  True 00 ( 1753,  872)   5   976  1696
[215] [    12345726] 1 | True  True 00 ( 1737,  887)   8  1159  1596
[216] [    12355663] 1 | True  True 00 ( 1718,  903)   6  1042  1328
[217] [    12365600] 1 | True  True 00 ( 1695,  923)   6  1049  1384
[218] [    12375538] 1 | True  True 00 ( 1672,  943)   5  1012  1592
[219] [    12385475] 1 | True  True 00 ( 1652,  959)   6  1113  1548
[220] [    12395413] 1 | True  True 00 ( 1633,  973)   5  1112  1780
[221] [    12405349] 1 | True  True 00 ( 1615,  985)   8  1198  1524
[222] [    12415286] 1 | True  True 00 ( 1592,  997)   6  1102  1452
[223] [    12425223] 1 | True  True 00 ( 1566, 1005)   4  1088  1212
[224] [    12435161] 1 | True  True 00 ( 1542, 1012)   4  1125  1540
[225] [    12445077] 1 | True  True 00 ( 1520, 1018)   4  1072  1868
[226] [    12455018] 1 | True  True 00 ( 1500, 1023)   5  1081  1972
[227] [    12464951] 1 | True  True 00 ( 1478, 1028)   5  1011  1820
[228] [    12474890] 1 | True  True 00 ( 1454, 1029)   6  1147  1464
[229] [    12484806] 1 | True  True 00 ( 1427, 1031)   4  1012  1336
[230] [    12494741] 1 | True  True 00 ( 1402, 1033)   4  1018  1664
[231] [    12504663] 1 | True  True 00 ( 1380, 1033)   4  1018  1784
[232] [    12514602] 1 | True  True 00 ( 1359, 1030)   6  1170  1736
[233] [    12524517] 1 | True  True 00 ( 1336, 1029)   6  1032  1500
[234] [    12534450] 1 | True  True 00 ( 1308, 1026)   4   939  1148
[235] [    12544390] 1 | True  True 00 ( 1284, 1022)   6  1104  1020
[236] [    12554307] 1 | True  True 00 ( 1260, 1013)   7  1165  1412
[237] [    12564241] 1 | True  True 00 ( 1238, 1008)   5   924  1560
[238] [    12574181] 1 | True  True 00 ( 1217,  996)   8  1088  1620
[239] [    12584101] 1 | True  True 00 ( 1196,  983)   6  1016  1560
[240] [    12594037] 1 | True  True 00 ( 1173,  969)   6  1005  1348
[241] [    12603954] 1 | True  True 00 ( 1151,  953)   5   956  1164
[242] [    12613893] 1 | True  True 00 ( 1129,  939)   4   945  1416
[243] [    12623824] 1 | True  True 00 ( 1111,  925)   5  1027  1236
[244] [    12633741] 1 | True  True 00 ( 1095,  908)   5   897  1304
[245] [    12643662] 1 | True  True 00 ( 1081,  893)   7  1008  1600
[246] [    12653595] 1 | True  True 00 ( 1066,  875)   5   821  1672
[247] [    12663532] 1 | True  True 00 ( 1050,  856)   5   827  1452
[248] [    12673477] 1 | True  True 00 ( 1034,  832)   6  1032  1380
[249] [    12683392] 1 | True  True 00 ( 1022,  811)   6   963  1124
[250] [    12693323] 1 | True  True 00 ( 1006,  791)   4   919  1204
[251] [    12703241] 1 | True  True 00 (  995,  768)   6   929  1204
[252] [    12713175] 1 | True  True 00 (  985,  743)   5   894  1264
[253] [    12723094] 1 | True  True 00 (  977,  718)   8   990  1028
[254] [    12733011] 1 |False  True 00 (  977,  718)   8   990  1028
[255] [    12742947] 0 
[  0] [    12762803] 1 | True  True 00 (  956,  574)   6  1047  1352
[  1] [    12772728] 1 | True  True 00 (  955,  566)   5   960  1412
[  2] [    12782663] 1 | True  True 00 (  956,  554)   5   923   972
[  3] [    12792598] 1 | True  True 00 (  957,  539)   4   876  1004
[  4] [    12802543] 1 | True  True 00 (  961,  521)   6  1021  1284
[  5] [    12812477] 1 | True  True 00 (  966,  500)   6   938  1284
[  6] [    12822399] 1 | True  True 00 (  970,  476)   6   981  1444
[  7] [    12832327] 1 | True  True 00 (  976,  452)   6  1007  1424
[  8] [    12842263] 1 | True  True 00 (  986,  429)   6   976  1244
[  9] [    12852194] 1 | True  True 00 ( 1000,  409)   6   958  1444
[ 10] [    12862113] 1 | True  True 00 ( 1012,  388)   6  1002  1664
[ 11] [    12872052] 1 | True  True 00 ( 1024,  366)   6   966  1704
[ 12] [    12881987] 1 | True  True 00 ( 1036,  343)   6   999  1684
[ 13] [    12891925] 1 | True  True 00 ( 1048,  321)   4   878  1304
[ 14] [    12901861] 1 | True  True 00 ( 1062,  301)   6   993   940
[ 15] [    12911784] 1 | True  True 00 ( 1077,  284)   6  1013  1052
[ 16] [    12921716] 1 | True  True 00 ( 1096,  267)   6  1011  1284
[ 17] [    12931654] 1 | True  True 00 ( 1119,  250)   6  1034  1596
[ 18] [    12941571] 1 | True  True 00 ( 1141,  233)   7  1076  1712
[ 19] [    12951511] 1 | True  True 00 ( 1163,  220)   6  1065  1636
[ 20] [    12961443] 1 | True  True 00 ( 1182,  205)   5   991  1460
[ 21] [    12971382] 1 | True  True 00 ( 1201,  192)   5  1020  1436
[ 22] [    12981299] 1 | True  True 00 ( 1223,  181)   7  1198  1812
[ 23] [    12991241] 1 | True  True 00 ( 1248,  171)   7  1151  1928
[ 24] [    13001173] 1 | True  True 00 ( 1272,  163)   5  1117  1880
[ 25] [    13011095] 1 | True  True 00 ( 1295,  156)   4  1097  1764
[ 26] [    13021032] 1 | True  True 00 ( 1315,  152)   4  1071  1388
[ 27] [    13030965] 1 | True  True 00 ( 1335,  148)   4  1101  1508
[ 28] [    13040883] 1 | True  True 00 ( 1358,  144)   6  1165  1792
[ 29] [    13050818] 1 | True  True 00 ( 1386,  143)   5  1158  2028
[ 30] [    13060735] 1 | True  True 00 ( 1411,  142)   5  1164  1896
[ 31] [    13070670] 1 | True  True 00 ( 1435,  142)   4  1218  1716
[ 32] [    13080593] 1 | True  True 00 ( 1458,  141)   4  1117  1332
[ 33] [    13090531] 1 | True  True 00 ( 1478,  142)   6  1152  1536
[ 34] [    13100451] 1 | True  True 00 ( 1503,  147)   6  1090  1912
[ 35] [    13110383] 1 | True  True 00 ( 1531,  153)   7  1219  2088
[ 36] [    13120321] 1 | True  True 00 ( 1555,  158)   6  1174  2112
[ 37] [    13130239] 1 | True  True 00 ( 1578,  168)   7  1235  1784
[ 38] [    13140171] 1 | True  True 00 ( 1597,  180)   5  1098  1584
[ 39] [    13150114] 1 | True  True 00 ( 1616,  192)   7  1169  1396
[ 40] [    13160027] 1 | True  True 00 ( 1637,  206)   6  1105  1616
[ 41] [    13169965] 1 | True  True 00 ( 1661,  221)   5  1033  1520
[ 42] [    13179902] 1 | True  True 00 ( 1684,  235)   5  1081  1668
[ 43] [    13189820] 1 | True  True 00 ( 1704,  247)   4  1037  1796
[ 44] [    13199759] 1 | True  True 00 ( 1721,  262)   6  1168  1772
[ 45] [    13209690] 1 | True  True 00 ( 1738,  281)   7  1149  1584
[ 46] [    13219631] 1 | True  True 00 ( 1752,  302)   6  1068  1348
[ 47] [    13229568] 1 | True  True 00 ( 1764,  323)   4   984  1276
[ 48] [    13239507] 1 | True  True 00 ( 1776,  344)   6  1134  1464
[ 49] [    13249445] 1 | True  True 00 ( 1791,  363)   7  1140  1608
[ 50] [    13259383] 1 | True  True 00 ( 1805,  384)   8  1181  1652
[ 51] [    13269315] 1 | True  True 00 ( 1817,  407)   6  1045  1692
[ 52] [    13279255] 1 | True  True 00 ( 1827,  431)   6  1061  1568
[ 53] [    13289190] 1 | True  True 00 ( 1837,  457)   6  1074  1640
[ 54] [    13299130] 1 | True  True 00 ( 1845,  481)   6  1095  1840
[ 55] [    13309085] 1 | True  True 00 ( 1851,  506)   6  1062  1884
[ 56] [    13319022] 1 | True  True 00 ( 1853,  529)   6  1061  1904
[ 57] [    13328960] 1 | True  True 00 ( 1857,  556)   6  1139  1728
[ 58] [    13338898] 1 | True  True 00 ( 1858,  582)   5  1085  1508
[ 59] [    13348835] 1 | True  True 00 ( 1861,  606)   5  1015  1776
[ 60] [    13358774] 1 | True  True 00 ( 1858,  629)   5   901  2084
[ 61] [    13368710] 1 | True  True 00 ( 1856,  653)   6   998  1776
[ 62] [    13378648] 1 | True  True 00 ( 1850,  677)   6   975  1752
[ 63] [    13388585] 1 | True  True 00 ( 1848,  702)   6  1050  1280
[ 64] [    13398523] 1 | True  True 00 ( 1839,  724)   6  1025  1424
[ 65] [    13408447] 1 | True  True 00 ( 1827,  745)   6  1008  1340
[ 66] [    13418379] 1 | True  True 00 ( 1814,  767)   7  1095  1420
[ 67] [    13428337] 1 | True  True 00 ( 1800,  790)   6   990  1400
[ 68] [    13438256] 1 | True  True 00 ( 1788,  814)   4   895  1276
[ 69] [    13448208] 1 | True  True 00 ( 1776,  834)   5  1041  1316
[ 70] [    13458151] 1 | True  True 00 ( 1763,  856)   4   906  1596
[ 71] [    13468089] 1 | True  True 00 ( 1747,  876)   7  1119  1880
[ 72] [    13478023] 1 | True  True 00 ( 1732,  893)   6  1036  1636
[ 73] [    13487962] 1 | True  True 00 ( 1711,  910)   7  1077  1388
[ 74] [    13497900] 1 | True  True 00 ( 1689,  927)   7  1154  1384
[ 75] [    13507819] 1 | True  True 00 ( 1669,  946)   5  1060  1640
[ 76] [    13517772] 1 | True  True 00 ( 1650,  962)   4  1029  1684
[ 77] [    13527709] 1 | True  True 00 ( 1633,  975)   7  1226  1732
[ 78] [    13537646] 1 | True  True 00 ( 1614,  986)   6  1126  1524
[ 79] [    13547583] 1 | True  True 00 ( 1590,  995)   6  1173  1404
[ 80] [    13557521] 1 | True  True 00 ( 1564, 1003)   7  1270  1212
[ 81] [    13567445] 1 | True  True 00 ( 1540, 1011)   5  1117  1540
[ 82] [    13577377] 1 | True  True 00 ( 1519, 1016)   5  1187  1844
[ 83] [    13587315] 1 | True  True 00 ( 1499, 1020)   6  1200  1944
[ 84] [    13597253] 1 | True  True 00 ( 1477, 1023)   6  1153  1768
[ 85] [    13607184] 1 | True  True 00 ( 1451, 1025)   6  1142  1516
[ 86] [    13617123] 1 | True  True 00 ( 1425, 1026)   5  1163  1384
[ 87] [    13627040] 1 | True  True 00 ( 1401, 1027)   5  1138  1616
[ 88] [    13636983] 1 | True  True 00 ( 1380, 1026)   4  1133  1828
[ 89] [    13646915] 1 | True  True 00 ( 1361, 1026)   5  1061  1736
[ 90] [    13656850] 1 | True  True 00 ( 1337, 1024)   7  1183  1408
[ 91] [    13666792] 1 | True  True 00 ( 1309, 1022)   4   949  1148
[ 92] [    13676725] 1 | True  True 00 ( 1283, 1019)   4  1013  1084
[ 93] [    13686647] 1 | True  True 00 ( 1259, 1013)   5  1093  1516
[ 94] [    13696585] 1 | True  True 00 ( 1238, 1006)   6  1086  1728
[ 95] [    13706523] 1 | True  True 00 ( 1217,  995)   6   984  1680
[ 96] [    13716443] 1 | True  True 00 ( 1196,  983)   5   950  1560
[ 97] [    13726375] 1 | True  True 00 ( 1174,  968)   6  1062  1452
[ 98] [    13736293] 1 | True  True 00 ( 1152,  951)   5   930  1164
[ 99] [    13746228] 1 | True  True 00 ( 1130,  937)   4   952  1376
[100] [    13756162] 1 | True  True 00 ( 1109,  923)   4   917  1276
[101] [    13766084] 1 | True  True 00 ( 1093,  908)   4   884  1436
[102] [    13776018] 1 | True  True 00 ( 1079,  891)   5   870  1620
[103] [    13785937] 1 | True  True 00 ( 1065,  873)   5   852  1600
[104] [    13795857] 1 | True  True 00 ( 1049,  851)   6   932  1452
[105] [    13805769] 1 | True  True 00 ( 1035,  831)   4   856  1396
[106] [    13815689] 1 | True  True 00 ( 1019,  810)   5  1032  1204
[107] [    13825620] 1 | True  True 00 ( 1004,  787)   6   977  1304
[108] [    13835540] 1 | True  True 00 (  991,  765)   5   964  1284
[109] [    13845456] 1 | True  True 00 (  983,  742)   7   981  1100
[110] [    13855393] 1 | True  True 00 (  976,  717)   6   882  1024
[111] [    13865330] 1 | True  True 00 (  969,  692)   4   831   904
[112] [    13875246] 1 | True  True 00 (  966,  667)   6   909  1036
[113] [    13885182] 1 | True  True 00 (  962,  642)   5   847  1232
[114] [    13895120] 1 | True  True 00 (  961,  619)   6  1013  1272
[115] [    13905036] 1 | True  True 00 (  960,  595)   6   995  1212
[116] [    13914979] 1 | True  True 00 (  959,  572)   6  1002   992
[117] [    13924890] 1 | True  True 00 (  959,  549)   5   986  1084
[118] [    13934827] 1 | True  True 00 (  960,  527)   5   928  1212
[119] [    13944745] 1 | True  True 00 (  964,  503)   5   870  1244
[120] [    13954681] 1 | True  True 00 (  970,  479)   6   994  1524
[121] [    13964599] 1 | True  True 00 (  978,  455)   5   889  1444
[122] [    13974534] 1 | True  True 00 (  989,  432)   6   946  1284
[123] [    13984457] 1 | True  True 00 ( 1000,  412)   6   950  1424
[124] [    13994395] 1 | True  True 00 ( 1012,  389)   5   919  1644
[125] [    14004329] 1 | True  True 00 ( 1023,  366)   6   987  1784
[126] [    14014245] 1 | True  True 00 ( 1036,  343)   6   950  1584
[127] [    14024181] 1 | True  True 00 ( 1049,  321)   4   888  1304
[128] [    14034120] 1 | True  True 00 ( 1062,  301)   5   978  1000
[129] [    14044057] 1 | True  True 00 ( 1078,  282)   6   983  1052
[130] [    14053975] 1 | True  True 00 ( 1098,  265)   7   997  1304
[131] [    14063908] 1 | True  True 00 ( 1120,  248)   6   930  1420
[132] [    14073854] 1 | True  True 00 ( 1140,  232)   7  1037  1656
[133] [    14083787] 1 | True  True 00 ( 1162,  217)   6  1047  1576
[134] [    14093722] 1 | True  True 00 ( 1182,  203)   7  1102  1420
[135] [    14103661] 1 | True  True 00 ( 1201,  191)   5  1040  1600
[136] [    14113581] 1 | True  True 00 ( 1222,  181)   7  1127  1788
[137] [    14123518] 1 | True  True 00 ( 1247,  170)   6  1138  1928
[138] [    14133457] 1 | True  True 00 ( 1273,  162)   4  1107  2000
[139] [    14143392] 1 | True  True 00 ( 1297,  155)   4  1121  1648
[140] [    14153324] 1 | True  True 00 ( 1318,  150)   4  1091  1388
[141] [    14163262] 1 | True  True 00 ( 1338,  146)   5  1157  1532
[142] [    14173200] 1 | True  True 00 ( 1362,  143)   6  1180  1740
[143] [    14183117] 1 | True  True 00 ( 1388,  142)   5  1079  1792
[144] [    14193053] 1 | True  True 00 ( 1413,  140)   5  1164  1820
[145] [    14202993] 1 | True  True 00 ( 1435,  140)   5  1180  1612
[146] [    14212911] 1 | True  True 00 ( 1456,  141)   7  1247  1376
[147] [    14222846] 1 | True  True 00 ( 1477,  143)   6  1151  1636
[148] [    14232781] 1 | True  True 00 ( 1501,  147)   6  1093  1912
[149] [    14242703] 1 | True  True 00 ( 1527,  154)   4  1031  2240
[150] [    14252640] 1 | True  True 00 ( 1551,  162)   6  1115  2112
[151] [    14262577] 1 | True  True 00 ( 1573,  170)   7  1247  1888
[152] [    14272515] 1 | True  True 00 ( 1594,  181)   6  1130  1508
[153] [    14282435] 1 | True  True 00 ( 1615,  193)   6  1113  1496
[154] [    14292387] 1 | True  True 00 ( 1636,  206)   6  1158  1644
[155] [    14302325] 1 | True  True 00 ( 1662,  220)   6  1120  1472
[156] [    14312262] 1 | True  True 00 ( 1686,  233)   5  1139  1624
[157] [    14322199] 1 | True  True 00 ( 1705,  246)   5  1099  1772
[158] [    14332117] 1 | True  True 00 ( 1722,  261)   6  1110  1732
[159] [    14342055] 1 | True  True 00 ( 1739,  281)   7  1173  1500
[160] [    14351994] 1 | True  True 00 ( 1753,  303)   6  1109  1268
[161] [    14361925] 1 | True  True 00 ( 1766,  324)   5  1038  1300
[162] [    14371842] 1 | True  True 00 ( 1780,  344)   5  1012  1336
[163] [    14381785] 1 | True  True 00 ( 1793,  363)   7  1105  1568
[164] [    14391719] 1 | True  True 00 ( 1804,  383)   6  1061  1672
[165] [    14401652] 1 | True  True 00 ( 1816,  406)   5   929  1716
[166] [    14411574] 1 | True  True 00 ( 1827,  432)   5   993  1588
[167] [    14421512] 1 | True  True 00 ( 1835,  458)   6  1076  1640
[168] [    14431450] 1 | True  True 00 ( 1844,  482)   7  1165  1884
[169] [    14441367] 1 | True  True 00 ( 1850,  507)   6  1079  1948
[170] [    14451298] 1 | True  True 00 ( 1855,  531)   6  1039  1860
[171] [    14461237] 1 | True  True 00 ( 1856,  556)   6  1045  1684
[172] [    14471174] 1 | True  True 00 ( 1856,  581)   5   999  1752
[173] [    14481092] 1 | True  True 00 ( 1855,  605)   5  1080  1952
[174] [    14491026] 1 | True  True 00 ( 1854,  630)   6  1063  1952
[175] [    14500966] 1 | True  True 00 ( 1850,  656)   7  1087  1952
[176] [    14510901] 1 | True  True 00 ( 1847,  679)   5   881  1508
[177] [    14520844] 1 | True  True 00 ( 1839,  703)   5   919  1220
[178] [    14530757] 1 | True  True 00 ( 1830,  726)   6   954  1300
[179] [    14540694] 1 | True  True 00 ( 1818,  746)   5   926  1300
[180] [    14550633] 1 | True  True 00 ( 1805,  767)   7  1104  1380
[181] [    14560569] 1 | True  True 00 ( 1793,  791)   5   950  1420
[182] [    14570487] 1 | True  True 00 ( 1781,  816)   4   900  1276
[183] [    14580423] 1 | True  True 00 ( 1771,  838)   4   914  1212
[184] [    14590361] 1 | True  True 00 ( 1761,  859)   5   978  1616
[185] [    14600277] 1 | True  True 00 ( 1746,  878)   6  1008  1760
[186] [    14610213] 1 | True  True 00 ( 1728,  898)   6  1015  1596
[187] [    14620154] 1 | True  True 00 ( 1707,  914)   7  1125  1348
[188] [    14630087] 1 | True  True 00 ( 1685,  930)   6  1104  1456
[189] [    14640009] 1 | True  True 00 ( 1665,  947)   7  1095  1456
[190] [    14649947] 1 | True  True 00 ( 1645,  961)   8  1278  1732
[191] [    14659885] 1 | True  True 00 ( 1629,  974)   5  1104  1708
[192] [    14669818] 1 | True  True 00 ( 1612,  986)   7  1162  1548
[193] [    14679756] 1 | True  True 00 ( 1590,  996)   7  1156  1428
[194] [    14689692] 1 | True  True 00 ( 1564, 1006)   4  1049  1212
[195] [    14699631] 1 | True  True 00 ( 1540, 1013)   4  1126  1568
[196] [    14709549] 1 | True  True 00 ( 1517, 1019)   4  1080  1920
[197] [    14719488] 1 | True  True 00 ( 1497, 1024)   5  1075  1972
[198] [    14729440] 1 | True  True 00 ( 1476, 1028)   6  1079  1768
[199] [    14739364] 1 | True  True 00 ( 1449, 1029)   5  1105  1464
[200] [    14749294] 1 | True  True 00 ( 1423, 1029)   4  1076  1360
[201] [    14759232] 1 | True  True 00 ( 1398, 1030)   4  1051  1664
[202] [    14769153] 1 | True  True 00 ( 1377, 1029)   4  1097  1828
[203] [    14779089] 1 | True  True 00 ( 1356, 1028)   6  1098  1712
[204] [    14789023] 1 | True  True 00 ( 1333, 1027)   6  1040  1428
[205] [    14798946] 1 | True  True 00 ( 1306, 1024)   5  1079  1220
[206] [    14808883] 1 | True  True 00 ( 1282, 1018)   6  1155  1140
[207] [    14818816] 1 | True  True 00 ( 1258, 1012)   5  1038  1452
[208] [    14828734] 1 | True  True 00 ( 1237, 1005)   5   997  1640
[209] [    14838670] 1 | True  True 00 ( 1217,  996)   6   977  1640
[210] [    14848588] 1 | True  True 00 ( 1197,  984)   6  1117  1728
[211] [    14858522] 1 | True  True 00 ( 1172,  969)   6   991  1268
[212] [    14868445] 1 | True  True 00 ( 1148,  953)   5   881  1200
[213] [    14878382] 1 | True  True 00 ( 1126,  939)   5  1002  1416
[214] [    14888314] 1 | True  True 00 ( 1108,  924)   5   984  1276
[215] [    14898233] 1 | True  True 00 ( 1090,  907)   6  1004  1436
[216] [    14908169] 1 | True  True 00 ( 1076,  891)   5   809  1508
[217] [    14918108] 1 | True  True 00 ( 1062,  873)   7  1026  1712
[218] [    14928043] 1 | True  True 00 ( 1046,  853)   7   972  1452
[219] [    14937983] 1 | True  True 00 ( 1031,  832)   5   765  1212
[220] [    14947898] 1 | True  True 00 ( 1015,  809)   5   918  1204
[221] [    14957833] 1 | True  True 00 ( 1000,  788)   5  1028  1304
[222] [    14967756] 1 | True  True 00 (  990,  764)   7   897  1088
[223] [    14977689] 1 | True  True 00 (  984,  742)   8  1027  1048
[224] [    14987627] 1 | True  True 00 (  978,  718)   5   986  1280
[225] [    14997543] 1 | True  True 00 (  971,  695)   5   957  1080
[226] [    15007483] 1 | True  True 00 (  966,  672)   5   921  1056
[227] [    15017415] 1 | True  True 00 (  963,  650)   5   927  1312
[228] [    15027355] 1 | True  True 00 (  959,  625)   6  1048  1432
[229] [    15037292] 1 | True  True 00 (  958,  599)   5   980  1292
[230] [    15047234] 1 | True  True 00 (  958,  574)   5   953   996
[231] [    15057164] 1 | True  True 00 (  958,  550)   4   842  1004
[232] [    15067104] 1 | True  True 00 (  960,  525)   6   962  1164
[233] [    15077043] 1 | True  True 00 (  965,  500)   6  1007  1384
[234] [    15086981] 1 | True  True 00 (  970,  475)   8  1067  1344
[235] [    15096896] 1 | True  True 00 (  977,  451)   6   968  1444
[236] [    15106831] 1 | True  True 00 (  985,  428)   7  1042  1324
[237] [    15116753] 1 | True  True 00 (  998,  408)   7  1023  1324
[238] [    15126690] 1 | True  True 00 ( 1011,  386)   6   964  1644
[239] [    15136628] 1 | True  True 00 ( 1023,  363)   5   888  1644
[240] [    15146561] 1 | True  True 00 ( 1035,  341)   5   910  1624
[241] [    15156500] 1 | True  True 00 ( 1048,  319)   4   897  1264
[242] [    15166423] 1 | True  True 00 ( 1062,  299)   6   974   924
[243] [    15176355] 1 | True  True 00 ( 1079,  281)   7  1065  1128
[244] [    15186293] 1 | True  True 00 ( 1102,  263)   7  1017  1324
[245] [    15196233] 1 | True  True 00 ( 1123,  247)   6  1025  1636
[246] [    15206165] 1 | True  True 00 ( 1146,  230)   6  1052  1712
[247] [    15216083] 1 | True  True 00 ( 1167,  215)   6  1036  1596
[248] [    15226017] 1 | True  True 00 ( 1187,  200)   5  1018  1420
[249] [    15235961] 1 | True  True 00 ( 1207,  186)   6  1058  1460
[250] [    15245892] 1 | True  True 00 ( 1229,  175)   7  1194  1740
[251] [    15255835] 1 | True  True 00 ( 1253,  166)   6  1156  1976
[252] [    15265768] 1 | True  True 00 ( 1276,  160)   4  1069  1928
[253] [    15275710] 1 | True  True 00 ( 1299,  152)   4  1151  1648
[254] [    15285642] 1 | True  True 00 ( 1320,  146)   4  1064  1224
[255] [    15295565] 1 | True  True 00 ( 1340,  143)   4  1086  1508
[  0] [    15305502] 1 | True  True 00 ( 1363,  140)   6  1158  1716
[  1] [    15315436] 1 | True  True 00 ( 1390,  138)   5  1164  1896
[  2] [    15325372] 1 | True  True 00 ( 1414,  137)   5  1230  2000
[  3] [    15335311] 1 | True  True 00 ( 1436,  137)   4  1199  1688
[  4] [    15345265] 1 | True  True 00 ( 1458,  138)   4  1078  1432
[  5] [    15355187] 1 | True  True 00 ( 1482,  142)   6  1155  1712
[  6] [    15365123] 1 | True  True 00 ( 1507,  147)   7  1186  1960
[  7] [    15375063] 1 | True  True 00 ( 1534,  153)   5  1101  2112
[  8] [    15384999] 1 | True  True 00 ( 1557,  160)   6  1222  2212
[  9] [    15394939] 1 | True  True 00 ( 1578,  170)   6  1197  1988
[ 10] [    15404875] 1 | True  True 00 ( 1598,  180)   6  1157  1460
[ 11] [    15414808] 1 | True  True 00 ( 1617,  191)   6  1148  1544
[ 12] [    15424746] 1 | True  True 00 ( 1638,  206)   6  1107  1592
[ 13] [    15434703] 1 | True  True 00 ( 1663,  220)   6  1099  1520
[ 14] [    15444645] 1 | True  True 00 ( 1686,  234)   5  1097  1688
[ 15] [    15454581] 1 | True  True 00 ( 1706,  248)   5  1080  1752
[ 16] [    15464514] 1 | True  True 00 ( 1723,  265)   6  1038  1624
[ 17] [    15474458] 1 | True  True 00 ( 1738,  284)   6  1106  1540
[ 18] [    15484389] 1 | True  True 00 ( 1752,  305)   5  1017  1184
[ 19] [    15494332] 1 | True  True 00 ( 1764,  326)   5  1037  1252
[ 20] [    15504264] 1 | True  True 00 ( 1777,  345)   5  1045  1360
[ 21] [    15514207] 1 | True  True 00 ( 1790,  364)   7  1085  1568
[ 22] [    15524159] 1 | True  True 00 ( 1802,  385)   5  1044  1672
[ 23] [    15534076] 1 | True  True 00 ( 1816,  410)   6  1047  1692
[ 24] [    15544019] 1 | True  True 00 ( 1829,  434)   7  1109  1548
[ 25] [    15553975] 1 | True  True 00 ( 1839,  460)   7  1193  1728
[ 26] [    15563914] 1 | True  True 00 ( 1848,  484)   6  1088  1884
[ 27] [    15573853] 1 | True  True 00 ( 1855,  508)   6  1072  2060
[ 28] [    15583804] 1 | True  True 00 ( 1858,  532)   6  1004  1928
[ 29] [    15593743] 1 | True  True 00 ( 1860,  558)   5  1020  1772
[ 30] [    15603680] 1 | True  True 00 ( 1861,  585)   5  1069  1576
[ 31] [    15613618] 1 | True  True 00 ( 1862,  607)   4   939  1840
[ 32] [    15623555] 1 | True  True 00 ( 1858,  631)   5  1070  1952
[ 33] [    15633493] 1 | True  True 00 ( 1855,  654)   5   902  1752
[ 34] [    15643431] 1 | True  True 00 ( 1851,  679)   6   936  1508
[ 35] [    15653366] 1 | True  True 00 ( 1839,  704)   4  1004  1376
[ 36] [    15663305] 1 | True  True 00 ( 1828,  726)   5  1029  1448
[ 37] [    15673243] 1 | True  True 00 ( 1815,  748)   6  1030  1280
[ 38] [    15683182] 1 | True  True 00 ( 1804,  769)   6  1053  1444
[ 39] [    15693118] 1 | True  True 00 ( 1792,  797)   4   906  1336
[ 40] [    15703057] 1 | True  True 00 ( 1782,  819)   6  1057  1420
[ 41] [    15712995] 1 | True  True 00 ( 1770,  842)   4   917  1348
[ 42] [    15722951] 1 | True  True 00 ( 1759,  860)   4   967  1656
[ 43] [    15732885] 1 | True  True 00 ( 1746,  877)   8  1207  1780
[ 44] [    15742829] 1 | True  True 00 ( 1729,  893)   6  1132  1780
[ 45] [    15752781] 1 | True  True 00 ( 1711,  912)   7  1067  1368
[ 46] [    15762720] 1 | True  True 00 ( 1689,  930)   7  1187  1524
[ 47] [    15772656] 1 | True  True 00 ( 1667,  948)   6  1067  1500
[ 48] [    15782595] 1 | True  True 00 ( 1647,  964)   5  1081  1732
[ 49] [    15792531] 1 | True  True 00 ( 1627,  977)   6  1186  1732
[ 50] [    15802490] 1 | True  True 00 ( 1609,  987)   7  1214  1524
[ 51] [    15812415] 1 | True  True 00 ( 1586,  997)   6  1165  1404
[ 52] [    15822367] 1 | True  True 00 ( 1561, 1006)   5  1078  1212
[ 53] [    15832304] 1 | True  True 00 ( 1537, 1013)   4  1120  1616
[ 54] [    15842242] 1 | True  True 00 ( 1516, 1018)   4  1149  1920
[ 55] [    15852179] 1 | True  True 00 ( 1497, 1022)   6  1141  1996
[ 56] [    15862136] 1 | True  True 00 ( 1475, 1026)   6  1067  1744
[ 57] [    15872071] 1 | True  True 00 ( 1449, 1027)   6  1186  1440
[ 58] [    15882015] 1 | True  True 00 ( 1422, 1028)   4  1068  1428
[ 59] [    15891949] 1 | True  True 00 ( 1397, 1030)   4  1033  1688
[ 60] [    15901884] 1 | True  True 00 ( 1375, 1029)   4  1074  1784
[ 61] [    15911826] 1 | True  True 00 ( 1354, 1029)   6  1061  1688
[ 62] [    15921759] 1 | True  True 00 ( 1328, 1028)   6  1030  1384
[ 63] [    15931701] 1 | True  True 00 ( 1302, 1024)   5  1050  1108
[ 64] [    15941634] 1 | True  True 00 ( 1277, 1019)   7  1127  1060
[ 65] [    15951576] 1 | True  True 00 ( 1254, 1013)   4   945  1432
[ 66] [    15961530] 1 | True  True 00 ( 1233, 1006)   6  1075  1828
[ 67] [    15971470] 1 | True  True 00 ( 1213,  995)   5   899  1576
[ 68] [    15981407] 1 | True  True 00 ( 1193,  982)   5  1006  1560
[ 69] [    15991347] 1 | True  True 00 ( 1173,  967)   7  1096  1372
[ 70] [    16001278] 1 | True  True 00 ( 1150,  952)   4   860  1216
[ 71] [    16011216] 1 | True  True 00 ( 1128,  937)   4   955  1376
[ 72] [    16021174] 1 | True  True 00 ( 1109,  922)   5  1027  1216
[ 73] [    16031114] 1 | True  True 00 ( 1092,  906)   6  1071  1544
[ 74] [    16041051] 1 | True  True 00 ( 1076,  890)   4   726  1508
[ 75] [    16050989] 1 | True  True 00 ( 1060,  872)   7   996  1528
[ 76] [    16060925] 1 | True  True 00 ( 1048,  851)   7   945  1452
[ 77] [    16070862] 1 | True  True 00 ( 1031,  826)   5   932  1268
[ 78] [    16080799] 1 | True  True 00 ( 1018,  804)   7  1107  1084
[ 79] [    16090757] 1 | True  True 00 ( 1009,  785)   7   935   968
[ 80] [    16100699] 1 | True  True 00 (  998,  761)   6   949  1264
[ 81] [    16110631] 1 | True  True 00 (  987,  738)   7   917  1100
[ 82] [    16120573] 1 | True  True 00 (  977,  715)   4   861  1220
[ 83] [    16130505] 1 | True  True 00 (  970,  691)   4   876   944
[ 84] [    16140449] 1 | True  True 00 (  965,  667)   5   853  1016
[ 85] [    16150400] 1 | True  True 00 (  960,  643)   6  1021  1392
[ 86] [    16160339] 1 | True  True 00 (  957,  614)   4   826  1312
[ 87] [    16170256] 1 | True  True 00 (  955,  588)   5   975  1252
[ 88] [    16180192] 1 | True  True 00 (  955,  563)   4   894   976
[ 89] [    16190134] 1 | True  True 00 (  956,  541)   4   892  1072
[ 90] [    16200089] 1 | True  True 00 (  959,  520)   6   963  1184
[ 91] [    16210025] 1 | True  True 00 (  964,  496)   6  1013  1404
[ 92] [    16219964] 1 | True  True 00 (  971,  471)   6   972  1424
[ 93] [    16229901] 1 | True  True 00 (  979,  448)   5   888  1424
[ 94] [    16239839] 1 | True  True 00 (  990,  426)   6   952  1344
[ 95] [    16249775] 1 | True  True 00 ( 1002,  404)   6   985  1524
[ 96] [    16259719] 1 | True  True 00 ( 1013,  382)   6   936  1744
[ 97] [    16269652] 1 | True  True 00 ( 1025,  359)   6   937  1644
[ 98] [    16279592] 1 | True  True 00 ( 1038,  334)   5   939  1604
[ 99] [    16289524] 1 | True  True 00 ( 1050,  313)   4   887  1264
[100] [    16299463] 1 |False  True 00 ( 1050,  313)   4   887  1264
[101] [    16309401] 0 
[102] [    16329280] 1 | True  True 00 ( 1168,  205)   6  1005  1576
[103] [    16339222] 1 | True  True 00 ( 1172,  204)   7  1083  1772
[104] [    16349159] 1 | True  True 00 ( 1183,  198)   6  1039  1500
[105] [    16359094] 1 | True  True 00 ( 1200,  192)   6  1064  1340
[106] [    16369032] 1 | True  True 00 ( 1217,  183)   6  1138  1600
[107] [    16378974] 1 | True  True 00 ( 1235,  174)   7  1138  1764
[108] [    16388912] 1 | True  True 00 ( 1258,  165)   5  1138  2024
[109] [    16398866] 1 | True  True 00 ( 1282,  157)   4  1122  2024
[110] [    16408799] 1 | True  True 00 ( 1303,  153)   4  1070  1576
[111] [    16418736] 1 | True  True 00 ( 1323,  150)   4  1081  1364
[112] [    16428669] 1 | True  True 00 ( 1344,  147)   6  1147  1560
[113] [    16438607] 1 | True  True 00 ( 1368,  144)   6  1180  1844
[114] [    16448544] 1 | True  True 00 ( 1394,  140)   5  1164  1844
[115] [    16458462] 1 | True  True 00 ( 1418,  138)   4  1164  1872
[116] [    16468398] 1 | True  True 00 ( 1439,  138)   4  1147  1664
[117] [    16478338] 1 | True  True 00 ( 1461,  140)   6  1158  1356
[118] [    16488270] 1 | True  True 00 ( 1483,  145)   7  1211  1784
[119] [    16498188] 1 | True  True 00 ( 1510,  151)   6  1157  2088
[120] [    16508131] 1 | True  True 00 ( 1537,  156)   6  1190  2240
[121] [    16518087] 1 | True  True 00 ( 1561,  164)   6  1174  2064
[122] [    16528025] 1 | True  True 00 ( 1583,  173)   6  1215  1760
[123] [    16537964] 1 | True  True 00 ( 1603,  183)   5  1022  1356
[124] [    16547896] 1 | True  True 00 ( 1625,  196)   7  1141  1592
[125] [    16557813] 1 | True  True 00 ( 1647,  209)   6  1116  1616
[126] [    16567754] 1 | True  True 00 ( 1671,  223)   6  1169  1568
[127] [    16577688] 1 | True  True 00 ( 1692,  237)   4  1030  1688
[128] [    16587625] 1 | True  True 00 ( 1710,  250)   5  1080  1772
[129] [    16597545] 1 | True  True 00 ( 1727,  267)   6  1108  1668
[130] [    16607483] 1 | True  True 00 ( 1741,  287)   6  1128  1500
[131] [    16617420] 1 | True  True 00 ( 1756,  308)   6  1116  1324
[132] [    16627376] 1 | True  True 00 ( 1768,  330)   5  1067  1300
[133] [    16637298] 1 | True  True 00 ( 1781,  349)   6  1114  1400
[134] [    16647254] 1 | True  True 00 ( 1792,  369)   6  1069  1672
[135] [    16657190] 1 | True  True 00 ( 1804,  389)   5  1013  1716
[136] [    16667123] 1 | True  True 00 ( 1816,  413)   7  1104  1608
[137] [    16677067] 1 | True  True 00 ( 1827,  440)   7  1098  1484
[138] [    16686998] 1 | True  True 00 ( 1836,  465)   7  1144  1640
[139] [    16696921] 1 | True  True 00 ( 1843,  487)   5   996  1904
[140] [    16706858] 1 | True  True 00 ( 1848,  511)   5  1006  1972
[141] [    16716811] 1 | True  True 00 ( 1853,  536)   5   949  1860
[142] [    16726733] 1 | True  True 00 ( 1858,  563)   7  1142  1572
[143] [    16736666] 1 | True  True 00 ( 1859,  587)   4   945  1732
[144] [    16746603] 1 | True  True 00 ( 1859,  609)   5  1080  1884
[145] [    16756540] 1 | True  True 00 ( 1857,  635)   6   987  1952
[146] [    16766478] 1 | True  True 00 ( 1852,  659)   6  1071  1752
[147] [    16776422] 1 | True  True 00 ( 1847,  685)   7  1178  1688
[148] [    16786351] 1 | True  True 00 ( 1841,  711)   6  1094  1488
[149] [    16796289] 1 | True  True 00 ( 1833,  732)   7  1090  1384
[150] [    16806207] 1 | True  True 00 ( 1823,  753)   7  1110  1300
[151] [    16816143] 1 | True  True 00 ( 1812,  777)   6   973  1236
[152] [    16826083] 1 | True  True 00 ( 1797,  802)   4   837  1316
[153] [    16836019] 1 | True  True 00 ( 1784,  826)   4   946  1380
[154] [    16845959] 1 | True  True 00 ( 1770,  847)   5  1065  1492
[155] [    16855891] 1 | True  True 00 ( 1758,  865)   5   989  1616
[156] [    16865830] 1 | True  True 00 ( 1746,  880)   7  1043  1676
[157] [    16875747] 1 | True  True 00 ( 1727,  899)   6  1078  1636
[158] [    16885688] 1 | True  True 00 ( 1705,  917)   5   956  1288
[159] [    16895621] 1 | True  True 00 ( 1684,  935)   5  1018  1500
[160] [    16905564] 1 | True  True 00 ( 1663,  951)   5  1065  1684
[161] [    16915497] 1 | True  True 00 ( 1643,  966)   5  1110  1732
[162] [    16925420] 1 | True  True 00 ( 1627,  979)   5  1072  1592
[163] [    16935370] 1 | True  True 00 ( 1605,  991)   5  1054  1476
[164] [    16945292] 1 | True  True 00 ( 1579,  999)   7  1239  1356
[165] [    16955229] 1 | True  True 00 ( 1554, 1008)   4  1051  1312
[166] [    16965166] 1 | True  True 00 ( 1531, 1014)   4  1092  1668
[167] [    16975124] 1 | True  True 00 ( 1510, 1020)   5  1147  1920
[168] [    16985060] 1 | True  True 00 ( 1490, 1024)   6  1118  1920
[169] [    16994993] 1 | True  True 00 ( 1468, 1027)   7  1157  1716
[170] [    17004916] 1 | True  True 00 ( 1442, 1028)   6  1124  1364
[171] [    17014874] 1 | True  True 00 ( 1416, 1028)   5  1143  1476
[172] [    17024789] 1 | True  True 00 ( 1393, 1028)   4  1078  1688
[173] [    17034728] 1 | True  True 00 ( 1371, 1029)   4   998  1784
[174] [    17044661] 1 | True  True 00 ( 1350, 1027)   6  1160  1640
[175] [    17054599] 1 | True  True 00 ( 1326, 1025)   6  1068  1336
[176] [    17064535] 1 | True  True 00 ( 1299, 1022)   4   931  1032
[177] [    17074474] 1 | True  True 00 ( 1274, 1018)   5  1024  1140
[178] [    17084398] 1 | True  True 00 ( 1251, 1011)   5  1064  1476
[179] [    17094350] 1 | True  True 00 ( 1231, 1002)   5  1025  1784
[180] [    17104286] 1 | True  True 00 ( 1210,  992)   5   994  1704
[181] [    17114223] 1 | True  True 00 ( 1189,  981)   5   949  1560
[182] [    17124160] 1 | True  True 00 ( 1165,  967)   5   901  1228
[183] [    17134098] 1 | True  True 00 ( 1141,  952)   7  1073  1376
[184] [    17144014] 1 | True  True 00 ( 1121,  936)   5  1022  1296
[185] [    17153955] 1 | True  True 00 ( 1104,  919)   4   893  1212
[186] [    17163888] 1 | True  True 00 ( 1088,  903)   5  1026  1620
[187] [    17173827] 1 | True  True 00 ( 1077,  889)   5   845  1472
[188] [    17183763] 1 | True  True 00 ( 1060,  868)   6   989  1728
[189] [    17193702] 1 | True  True 00 ( 1047,  846)   6   977  1564
[190] [    17203635] 1 | True  True 00 ( 1031,  822)   5   911  1232
[191] [    17213576] 1 | True  True 00 ( 1018,  803)   5   961  1084
[192] [    17223513] 1 | True  True 00 ( 1006,  782)   5   905  1344
[193] [    17233451] 1 | True  True 00 (  993,  761)   6   929  1160
[194] [    17243390] 1 | True  True 00 (  985,  735)   6   940  1184
[195] [    17253330] 1 | True  True 00 (  975,  711)   4   856  1200
[196] [    17263280] 1 | True  True 00 (  968,  688)   4   936  1008
[197] [    17273219] 1 | True  True 00 (  962,  664)   4   816  1112
[198] [    17283137] 1 | True  True 00 (  959,  640)   6   898  1252
[199] [    17293076] 1 | True  True 00 (  957,  615)   6   999  1372
[200] [    17303012] 1 | True  True 00 (  956,  590)   6  1025  1292
[201] [    17312951] 1 | True  True 00 (  956,  565)   4   900   940
[202] [    17322887] 1 | True  True 00 (  956,  542)   5   936  1072
[203] [    17332826] 1 | True  True 00 (  960,  518)   6   963  1304
[204] [    17342761] 1 | True  True 00 (  965,  494)   6   984  1444
[205] [    17352701] 1 | True  True 00 (  972,  470)   6  1013  1484
[206] [    17362636] 1 | True  True 00 (  980,  447)   6  1015  1424
[207] [    17372575] 1 | True  True 00 (  993,  425)   6   930  1244
[208] [    17382511] 1 | True  True 00 ( 1003,  404)   6   936  1484
[209] [    17392450] 1 | True  True 00 ( 1016,  382)   5   904  1684
[210] [    17402385] 1 | True  True 00 ( 1029,  358)   6  1030  1784
[211] [    17412325] 1 | True  True 00 ( 1041,  334)   5   914  1484
[212] [    17422241] 1 | True  True 00 ( 1052,  313)   4   888  1244
[213] [    17432175] 1 | True  True 00 ( 1066,  295)   5   954   980
[214] [    17442118] 1 | True  True 00 ( 1084,  275)   6   990  1168
[215] [    17452053] 1 | True  True 00 ( 1106,  257)   7  1137  1500
[216] [    17461988] 1 | True  True 00 ( 1131,  242)   6   988  1616
[217] [    17471911] 1 | True  True 00 ( 1153,  226)   6  1065  1752
[218] [    17481828] 1 | True  True 00 ( 1172,  213)   6  1003  1596
[219] [    17491759] 1 | True  True 00 ( 1190,  199)   6  1066  1384
[220] [    17501697] 1 | True  True 00 ( 1210,  187)   6  1076  1600
[221] [    17511636] 1 | True  True 00 ( 1235,  177)   7  1124  1788
[222] [    17521575] 1 | True  True 00 ( 1260,  168)   6  1148  2000
[223] [    17531506] 1 | True  True 00 ( 1284,  160)   5  1142  1880
[224] [    17541454] 1 | True  True 00 ( 1306,  155)   4  1085  1576
[225] [    17551384] 1 | True  True 00 ( 1327,  147)   5  1198  1316
[226] [    17561301] 1 | True  True 00 ( 1347,  144)   5  1115  1636
[227] [    17571240] 1 | True  True 00 ( 1372,  144)   6  1203  1872
[228] [    17581174] 1 | True  True 00 ( 1398,  144)   5  1204  2028
[229] [    17591116] 1 | True  True 00 ( 1422,  143)   5  1219  1844
[230] [    17601052] 1 | True  True 00 ( 1443,  144)   4  1112  1560
[231] [    17610986] 1 | True  True 00 ( 1464,  144)   4  1038  1384
[232] [    17620909] 1 | True  True 00 ( 1486,  146)   7  1239  1736
[233] [    17630846] 1 | True  True 00 ( 1512,  150)   5  1062  1960
[234] [    17640780] 1 | True  True 00 ( 1539,  155)   6  1172  2240
[235] [    17650718] 1 | True  True 00 ( 1563,  163)   6  1194  2064
[236] [    17660656] 1 | True  True 00 ( 1584,  173)   6  1163  1784
[237] [    17670595] 1 | True  True 00 ( 1604,  184)   6  1165  1432
[238] [    17680527] 1 | True  True 00 ( 1623,  199)   5  1048  1544
[239] [    17690465] 1 | True  True 00 ( 1646,  212)   6  1176  1616
[240] [    17700410] 1 | True  True 00 ( 1671,  225)   6  1153  1520
[241] [    17710358] 1 | True  True 00 ( 1693,  237)   4  1029  1732
[242] [    17720278] 1 | True  True 00 ( 1712,  251)   6  1154  1772
[243] [    17730215] 1 | True  True 00 ( 1728,  268)   6  1152  1688
[244] [    17740172] 1 | True  True 00 ( 1743,  289)   5  1049  1476
[245] [    17750094] 1 | True  True 00 ( 1758,  311)   5  1052  1372
[246] [    17760026] 1 | True  True 00 ( 1771,  331)   5  1054  1324
[247] [    17769964] 1 | True  True 00 ( 1786,  350)   6  1121  1528
[248] [    17779901] 1 | True  True 00 ( 1798,  369)   7  1161  1632
[249] [    17789839] 1 | True  True 00 ( 1809,  392)   6  1028  1652
[250] [    17799776] 1 | True  True 00 ( 1820,  415)   5   963  1608
[251] [    17809714] 1 | True  True 00 ( 1830,  440)   7  1082  1484
[252] [    17819653] 1 | True  True 00 ( 1839,  464)   6  1015  1640
[253] [    17829588] 1 | True  True 00 ( 1845,  488)   5   993  1948
[254] [    17839546] 1 | True  True 00 ( 1850,  514)   8  1134  1972
[255] [    17849486] 1 | True  True 00 ( 1854,  540)   6  1032  1816
[  0] [    17859420] 1 | True  True 00 ( 1859,  567)   6  1123  1596
[  1] [    17869359] 1 | True  True 00 ( 1860,  592)   5  1103  1640
[  2] [    17879295] 1 | True  True 00 ( 1859,  614)   6  1005  1796
[  3] [    17889237] 1 | True  True 00 ( 1855,  636)   5  1030  1932
[  4] [    17899194] 1 | True  True 00 ( 1848,  660)   6   989  1908
[  5] [    17909132] 1 | True  True 00 ( 1843,  688)   5   997  1688
[  6] [    17919071] 1 | True  True 00 ( 1834,  711)   4   939  1308
[  7] [    17929002] 1 | True  True 00 ( 1824,  733)   6  1085  1424
[  8] [    17938941] 1 | True  True 00 ( 1813,  751)   6  1074  1340
[  9] [    17948878] 1 | True  True 00 ( 1801,  774)   7  1125  1316
[ 10] [    17958816] 1 | True  True 00 ( 1792,  796)   5  1055  1464
[ 11] [    17968752] 1 | True  True 00 ( 1780,  821)   4   940  1316
[ 12] [    17978691] 1 | True  True 00 ( 1768,  844)   4   927  1368
[ 13] [    17988627] 1 | True  True 00 ( 1757,  863)   5  1053  1696
[ 14] [    17998567] 1 | True  True 00 ( 1742,  883)   5   999  1840
[ 15] [    18008502] 1 | True  True 00 ( 1724,  903)   5  1008  1552
[ 16] [    18018442] 1 | True  True 00 ( 1703,  921)   5   968  1292
[ 17] [    18028377] 1 | True  True 00 ( 1681,  938)   5  1069  1616
[ 18] [    18038295] 1 | True  True 00 ( 1659,  956)   5  1026  1572
[ 19] [    18048250] 1 | True  True 00 ( 1641,  970)   4  1051  1756
[ 20] [    18058189] 1 | True  True 00 ( 1623,  982)   5  1102  1684
[ 21] [    18068126] 1 | True  True 00 ( 1603,  994)   6  1092  1500
[ 22] [    18078066] 1 | True  True 00 ( 1578, 1003)   5  1117  1332
[ 23] [    18088003] 1 | True  True 00 ( 1553, 1010)   4  1128  1388
[ 24] [    18097943] 1 | True  True 00 ( 1530, 1017)   4  1057  1716
[ 25] [    18107895] 1 | True  True 00 ( 1509, 1021)   4  1120  1944
[ 26] [    18117834] 1 | True  True 00 ( 1490, 1024)   5  1062  1896
[ 27] [    18127772] 1 | True  True 00 ( 1467, 1027)   6  1141  1692
[ 28] [    18137709] 1 | True  True 00 ( 1440, 1028)   4  1068  1388
[ 29] [    18147647] 1 | True  True 00 ( 1414, 1028)   6  1131  1524
[ 30] [    18157584] 1 | True  True 00 ( 1391, 1028)   4  1084  1736
[ 31] [    18167521] 1 | True  True 00 ( 1370, 1028)   4  1065  1804
[ 32] [    18177464] 1 | True  True 00 ( 1349, 1027)   6  1081  1640
[ 33] [    18187403] 1 | True  True 00 ( 1322, 1026)   5   992  1336
[ 34] [    18197331] 1 | True  True 00 ( 1296, 1022)   5  1055  1132
[ 35] [    18207270] 1 | True  True 00 ( 1271, 1019)   4   975  1204
[ 36] [    18217208] 1 | True  True 00 ( 1248, 1011)   6  1096  1516
[ 37] [    18227145] 1 | True  True 00 ( 1229, 1004)   5   954  1728
[ 38] [    18237083] 1 | True  True 00 ( 1208,  991)   6   968  1560
[ 39] [    18247020] 1 | True  True 00 ( 1185,  977)   6   983  1476
[ 40] [    18256958] 1 | True  True 00 ( 1162,  962)   7   988  1180
[ 41] [    18266894] 1 | True  True 00 ( 1141,  947)   5   986  1336
[ 42] [    18276833] 1 | True  True 00 ( 1120,  933)   4   869  1316
[ 43] [    18286769] 1 | True  True 00 ( 1103,  918)   4   914  1176
[ 44] [    18296687] 1 | True  True 00 ( 1085,  900)   5   880  1416
[ 45] [    18306623] 1 | True  True 00 ( 1069,  882)   6   981  1564
[ 46] [    18316561] 1 | True  True 00 ( 1054,  860)   6   931  1544
[ 47] [    18326497] 1 | True  True 00 ( 1044,  839)   6   911  1436
[ 48] [    18336414] 1 | True  True 00 ( 1029,  817)   5   962  1212
[ 49] [    18346336] 1 | True  True 00 ( 1016,  797)   6  1038  1264
[ 50] [    18356269] 1 | True  True 00 ( 1001,  779)   5   834  1048
[ 51] [    18366206] 1 | True  True 00 (  989,  758)   6   918  1100
[ 52] [    18376143] 1 | True  True 00 (  979,  734)   7  1097  1436
[ 53] [    18386081] 1 | True  True 00 (  974,  709)   6   948  1044
[ 54] [    18395998] 1 | True  True 00 (  968,  687)   5   996  1044
[ 55] [    18405938] 1 | True  True 00 (  962,  665)   5   971  1192
[ 56] [    18415872] 1 | True  True 00 (  960,  643)   6  1026  1332
[ 57] [    18425811] 1 | True  True 00 (  956,  613)   4   842  1392
[ 58] [    18435728] 1 | True  True 00 (  954,  586)   4   908  1252
[ 59] [    18445663] 1 | True  True 00 (  954,  561)   4   919   940
[ 60] [    18455606] 1 | True  True 00 (  955,  538)   4   877  1104
[ 61] [    18465539] 1 | True  True 00 (  959,  515)   6   983  1244
[ 62] [    18475478] 1 | True  True 00 (  963,  490)   6   950  1324
[ 63] [    18485400] 1 | True  True 00 (  970,  466)   6   962  1364
[ 64] [    18495330] 1 | True  True 00 (  980,  443)   6  1005  1424
[ 65] [    18505270] 1 | True  True 00 (  990,  421)   6   980  1284
[ 66] [    18515206] 1 | True  True 00 ( 1004,  400)   6   940  1504
[ 67] [    18525124] 1 | True  True 00 ( 1017,  379)   6   999  1764
[ 68] [    18535063] 1 | True  True 00 ( 1029,  355)   5   897  1684
[ 69] [    18544995] 1 | True  True 00 ( 1041,  331)   5   953  1504
[ 70] [    18554932] 1 | True  True 00 ( 1053,  311)   4   941  1264
[ 71] [    18564849] 1 | True  True 00 ( 1068,  292)   5   970  1040
[ 72] [    18574785] 1 | True  True 00 ( 1086,  275)   6   962  1108
[ 73] [    18584706] 1 | True  True 00 ( 1107,  258)   6   946  1324
[ 74] [    18594644] 1 | True  True 00 ( 1129,  242)   6   990  1636
[ 75] [    18604562] 1 | True  True 00 ( 1151,  226)   7  1089  1676
[ 76] [    18614494] 1 | True  True 00 ( 1171,  212)   7  1085  1520
[ 77] [    18624411] 1 | True  True 00 ( 1190,  197)   5  1042  1340
[ 78] [    18634352] 1 | True  True 00 ( 1211,  186)   6  1077  1552
[ 79] [    18644287] 1 | True  True 00 ( 1231,  176)   7  1106  1928
[ 80] [    18654201] 1 | True  True 00 ( 1258,  168)   5  1102  2048
[ 81] [    18664139] 1 | True  True 00 ( 1283,  160)   4  1117  1860
[ 82] [    18674077] 1 | True  True 00 ( 1305,  154)   4  1123  1552
[ 83] [    18684014] 1 | True  True 00 ( 1326,  147)   4  1123  1300
[ 84] [    18693952] 1 | True  True 00 ( 1347,  141)   5  1131  1532
[ 85] [    18703889] 1 | True  True 00 ( 1373,  138)   6  1177  1872
[ 86] [    18713807] 1 | True  True 00 ( 1399,  138)   5  1199  2080
[ 87] [    18723742] 1 | True  True 00 ( 1423,  138)   4  1196  1872
[ 88] [    18733681] 1 | True  True 00 ( 1445,  139)   4  1112  1480
[ 89] [    18743617] 1 | True  True 00 ( 1464,  140)   6  1190  1384
[ 90] [    18753555] 1 | True  True 00 ( 1487,  144)   6  1122  1812
[ 91] [    18763476] 1 | True  True 00 ( 1515,  149)   7  1215  2064
[ 92] [    18773409] 1 | True  True 00 ( 1540,  154)   6  1172  2240
[ 93] [    18783350] 1 | True  True 00 ( 1563,  163)   6  1161  1960
[ 94] [    18793283] 1 | True  True 00 ( 1586,  173)   6  1186  1760
[ 95] [    18803222] 1 | True  True 00 ( 1605,  186)   6  1126  1372
[ 96] [    18813144] 1 | True  True 00 ( 1626,  200)   6  1100  1568
[ 97] [    18823080] 1 | True  True 00 ( 1648,  214)   6  1106  1544
[ 98] [    18832993] 1 | True  True 00 ( 1673,  228)   4   991  1624
[ 99] [    18842933] 1 | True  True 00 ( 1694,  241)   4  1062  1772
[100] [    18852846] 1 | True  True 00 ( 1712,  255)   5  1084  1816
[101] [    18862781] 1 | True  True 00 ( 1728,  272)   6  1110  1688
[102] [    18872704] 1 | True  True 00 ( 1743,  292)   7  1125  1392
[103] [    18882637] 1 | True  True 00 ( 1757,  314)   4   946  1300
[104] [    18892574] 1 | True  True 00 ( 1769,  334)   6  1114  1252
[105] [    18902511] 1 | True  True 00 ( 1782,  353)   6  1087  1504
[106] [    18912429] 1 | True  True 00 ( 1795,  373)   7  1142  1756
[107] [    18922365] 1 | True  True 00 ( 1808,  394)   5   979  1672
[108] [    18932303] 1 | True  True 00 ( 1820,  419)   7  1079  1588
[109] [    18942239] 1 | True  True 00 ( 1830,  444)   7  1102  1568
[110] [    18952156] 1 | True  True 00 ( 1840,  469)   6  1063  1748
[111] [    18962098] 1 | True  True 00 ( 1845,  493)   8  1201  1972
[112] [    18972014] 1 | True  True 00 ( 1851,  516)   7  1062  1948
[113] [    18981952] 1 | True  True 00 ( 1853,  540)   6  1086  1860
[114] [    18991870] 1 | True  True 00 ( 1857,  568)   6  1114  1616
[115] [    19001802] 1 | True  True 00 ( 1860,  593)   5  1086  1576
[116] [    19011738] 1 | True  True 00 ( 1861,  617)   7  1146  1864
[117] [    19021655] 1 | True  True 00 ( 1861,  641)   4   935  2108
[118] [    19031597] 1 | True  True 00 ( 1858,  667)   5   917  1932
[119] [    19041512] 1 | True  True 00 ( 1853,  691)   7  1093  1332
[120] [    19051449] 1 | True  True 00 ( 1844,  713)   6  1116  1364
[121] [    19061367] 1 | True  True 00 ( 1834,  734)   6  1059  1448
[122] [    19071306] 1 | True  True 00 ( 1823,  757)   7  1131  1364
[123] [    19081218] 1 | True  True 00 ( 1810,  780)   5   978  1336
[124] [    19091140] 1 | True  True 00 ( 1796,  803)   5  1014  1484
[125] [    19101069] 1 | True  True 00 ( 1783,  828)   4   967  1316
[126] [    19110994] 1 | True  True 00 ( 1769,  849)   6  1030  1412
[127] [    19120925] 1 | True  True 00 ( 1757,  866)   6  1040  1656
[128] [    19130865] 1 | True  True 00 ( 1741,  883)   6   976  1676
[129] [    19140803] 1 | True  True 00 ( 1721,  901)   7  1090  1512
[130] [    19150717] 1 | True  True 00 ( 1699,  919)   7  1118  1268
[131] [    19160652] 1 | True  True 00 ( 1679,  934)   7  1226  1572
[132] [    19170574] 1 | True  True 00 ( 1660,  951)   7  1148  1500
[133] [    19180511] 1 | True  True 00 ( 1641,  966)   7  1186  1664
[134] [    19190449] 1 | True  True 00 ( 1623,  980)   5  1019  1524
[135] [    19200370] 1 | True  True 00 ( 1601,  993)   7  1161  1500
[136] [    19210301] 1 | True  True 00 ( 1575, 1002)   4  1078  1356
[137] [    19220239] 1 | True  True 00 ( 1550, 1010)   5  1158  1388
[138] [    19230157] 1 | True  True 00 ( 1527, 1017)   4  1058  1716
[139] [    19240089] 1 | True  True 00 ( 1507, 1023)   4  1057  1972
[140] [    19250012] 1 | True  True 00 ( 1489, 1026)   5  1108  1920
[141] [    19259929] 1 | True  True 00 ( 1467, 1027)   6  1167  1640
[142] [    19269860] 1 | True  True 00 ( 1441, 1029)   5  1057  1388
[143] [    19279798] 1 | True  True 00 ( 1414, 1029)   4  1095  1524
[144] [    19289735] 1 | True  True 00 ( 1391, 1030)   4  1062  1760
[145] [    19299673] 1 | True  True 00 ( 1369, 1031)   4   967  1804
[146] [    19309589] 1 | True  True 00 ( 1346, 1030)   6  1075  1596
[147] [    19319525] 1 | True  True 00 ( 1321, 1027)   6  1094  1312
[148] [    19329466] 1 | True  True 00 ( 1294, 1022)   5  1042  1084
[149] [    19339387] 1 | True  True 00 ( 1269, 1018)   4   975  1228
[150] [    19349323] 1 | True  True 00 ( 1246, 1011)   6  1083  1536
[151] [    19359257] 1 | True  True 00 ( 1226, 1001)   5   958  1680
[152] [    19369194] 1 | True  True 00 ( 1206,  991)   5   959  1576
[153] [    19379133] 1 | True  True 00 ( 1185,  978)   6  1013  1536
[154] [    19389048] 1 | True  True 00 ( 1162,  963)   6  1024  1228
[155] [    19398985] 1 | True  True 00 ( 1139,  945)   4   927  1236
[156] [    19408905] 1 | True  True 00 ( 1120,  928)   4   907  1140
[157] [    19418836] 1 | True  True 00 ( 1102,  912)   5   953  1160
[158] [    19428757] 1 | True  True 00 ( 1086,  896)   5   929  1416
[159] [    19438692] 1 | True  True 00 ( 1071,  879)   8  1061  1636
[160] [    19448630] 1 | True  True 00 ( 1055,  857)   6   996  1636
[161] [    19458567] 1 | True  True 00 ( 1041,  836)   5   929  1436
[162] [    19468483] 1 | True  True 00 ( 1026,  814)   5   894  1160
[163] [    19478422] 1 | True  True 00 ( 1013,  794)   5   994  1284
[164] [    19488358] 1 | True  True 00 (  999,  774)   5   902  1264
[165] [    19498275] 1 | True  True 00 (  987,  751)   7  1039  1356
[166] [    19508210] 1 | True  True 00 (  978,  727)   6   871  1120
[167] [    19518153] 1 | True  True 00 (  969,  704)   5   843  1064
[168] [    19528085] 1 |False  True 00 (  969,  704)   5   843  1064
[169] [    19538008] 0 
[170] [    19557876] 1 | True  True 00 (  953,  556)   6  1005  1312
[171] [    19567825] 1 | True  True 00 (  953,  549)   4   918  1172
[172] [    19577738] 1 | True  True 00 (  954,  539)   4   914   956
[173] [    19587679] 1 | True  True 00 (  956,  524)   4   858  1144
[174] [    19597596] 1 | True  True 00 (  961,  505)   6   945  1304
[175] [    19607548] 1 | True  True 00 (  965,  484)   5   910  1384
[176] [    19617468] 1 | True  True 00 (  972,  462)   5   891  1444
[177] [    19627405] 1 | True  True 00 (  981,  440)   5   948  1324
[178] [    19637326] 1 | True  True 00 (  992,  419)   6   975  1364
[179] [    19647256] 1 | True  True 00 ( 1004,  398)   6   960  1484
[180] [    19657193] 1 | True  True 00 ( 1016,  378)   6   952  1764
[181] [    19667113] 1 | True  True 00 ( 1029,  355)   6  1005  1724
[182] [    19677045] 1 | True  True 00 ( 1041,  332)   5   944  1544
[183] [    19686977] 1 | True  True 00 ( 1053,  312)   4   847  1100
[184] [    19696903] 1 | True  True 00 ( 1068,  293)   5   939   952
[185] [    19706837] 1 | True  True 00 ( 1086,  274)   6   962  1148
[186] [    19716772] 1 | True  True 00 ( 1110,  257)   6  1004  1440
[187] [    19726691] 1 | True  True 00 ( 1132,  241)   6  1006  1616
[188] [    19736630] 1 | True  True 00 ( 1154,  224)   6  1038  1616
[189] [    19746566] 1 | True  True 00 ( 1174,  209)   6  1025  1500
[190] [    19756499] 1 | True  True 00 ( 1194,  196)   5  1035  1388
[191] [    19766418] 1 | True  True 00 ( 1215,  184)   6  1098  1624
[192] [    19776354] 1 | True  True 00 ( 1242,  174)   7  1201  1904
[193] [    19786293] 1 | True  True 00 ( 1268,  165)   5  1120  1976
[194] [    19796229] 1 | True  True 00 ( 1291,  158)   4  1138  1904
[195] [    19806168] 1 | True  True 00 ( 1311,  152)   4  1136  1600
[196] [    19816086] 1 | True  True 00 ( 1332,  148)   5  1205  1428
[197] [    19826022] 1 | True  True 00 ( 1354,  146)   5  1106  1664
[198] [    19835956] 1 | True  True 00 ( 1377,  144)   5  1133  1844
[199] [    19845878] 1 | True  True 00 ( 1403,  140)   5  1225  1924
[200] [    19855815] 1 | True  True 00 ( 1426,  138)   4  1168  1792
[201] [    19865752] 1 | True  True 00 ( 1448,  139)   4  1092  1428
[202] [    19875689] 1 | True  True 00 ( 1469,  140)   4  1090  1484
[203] [    19885627] 1 | True  True 00 ( 1493,  144)   6  1146  1812
[204] [    19895544] 1 | True  True 00 ( 1520,  149)   7  1222  2140
[205] [    19905476] 1 | True  True 00 ( 1546,  154)   5  1219  2240
[206] [    19915415] 1 | True  True 00 ( 1569,  161)   6  1231  2064
[207] [    19925351] 1 | True  True 00 ( 1589,  171)   6  1132  1712
[208] [    19935268] 1 | True  True 00 ( 1606,  185)   5  1072  1408
[209] [    19945190] 1 | True  True 00 ( 1625,  198)   7  1166  1496
[210] [    19955122] 1 | True  True 00 ( 1650,  213)   6  1020  1420
[211] [    19965060] 1 | True  True 00 ( 1675,  227)   5  1069  1604
[212] [    19974977] 1 | True  True 00 ( 1697,  240)   4  1088  1732
[213] [    19984917] 1 | True  True 00 ( 1714,  254)   5  1095  1816
[214] [    19994829] 1 | True  True 00 ( 1731,  271)   6  1066  1436
[215] [    20004771] 1 | True  True 00 ( 1746,  291)   6  1089  1372
[216] [    20014706] 1 | True  True 00 ( 1760,  312)   6  1142  1372
[217] [    20024625] 1 | True  True 00 ( 1773,  333)   6  1083  1324
[218] [    20034562] 1 | True  True 00 ( 1785,  352)   6  1081  1484
[219] [    20044481] 1 | True  True 00 ( 1798,  372)   7  1137  1692
[220] [    20054413] 1 | True  True 00 ( 1811,  394)   6  1051  1672
[221] [    20064333] 1 | True  True 00 ( 1822,  418)   8  1204  1716
[222] [    20074269] 1 | True  True 00 ( 1832,  443)   5  1002  1528
[223] [    20084202] 1 | True  True 00 ( 1841,  470)   5   989  1772
[224] [    20094125] 1 | True  True 00 ( 1847,  494)   6  1101  2016
[225] [    20104043] 1 | True  True 00 ( 1851,  516)   6  1042  1972
[226] [    20113974] 1 | True  True 00 ( 1857,  544)   6  1088  1840
[227] [    20123893] 1 | True  True 00 ( 1859,  570)   6  1100  1616
[228] [    20133826] 1 | True  True 00 ( 1858,  595)   5  1030  1908
[229] [    20143749] 1 | True  True 00 ( 1858,  617)   5   947  1884
[230] [    20153686] 1 | True  True 00 ( 1857,  640)   5   943  1776
[231] [    20163619] 1 | True  True 00 ( 1855,  664)   5   938  1508
[232] [    20173557] 1 | True  True 00 ( 1849,  689)   6   973  1332
[233] [    20183474] 1 | True  True 00 ( 1841,  713)   6  1005  1340
[234] [    20193413] 1 | True  True 00 ( 1829,  734)   5   983  1364
[235] [    20203348] 1 | True  True 00 ( 1816,  755)   7  1116  1300
[236] [    20213287] 1 | True  True 00 ( 1806,  775)   7  1139  1420
[237] [    20223243] 1 | True  True 00 ( 1794,  800)   5   998  1400
[238] [    20233181] 1 | True  True 00 ( 1781,  825)   5  1054  1316
[239] [    20243118] 1 | True  True 00 ( 1769,  848)   5  1009  1432
[240] [    20253056] 1 | True  True 00 ( 1758,  868)   4   936  1800
[241] [    20262993] 1 | True  True 00 ( 1742,  887)   6  1036  1636
[242] [    20272931] 1 | True  True 00 ( 1724,  906)   6  1051  1656
[243] [    20282847] 1 | True  True 00 ( 1703,  925)   6  1049  1412
[244] [    20292788] 1 | True  True 00 ( 1681,  941)   6  1110  1640
[245] [    20302725] 1 | True  True 00 ( 1659,  957)   4  1028  1756
[246] [    20312664] 1 | True  True 00 ( 1640,  972)   5  1061  1640
[247] [    20322615] 1 | True  True 00 ( 1623,  983)   5  1096  1640
[248] [    20332560] 1 | True  True 00 ( 1603,  992)   8  1193  1452
[249] [    20342498] 1 | True  True 00 ( 1577, 1000)   6  1211  1308
[250] [    20352434] 1 | True  True 00 ( 1551, 1008)   6  1164  1416
[251] [    20362353] 1 | True  True 00 ( 1528, 1015)   4  1100  1744
[252] [    20372285] 1 | True  True 00 ( 1507, 1020)   6  1166  1972
[253] [    20382223] 1 | True  True 00 ( 1487, 1024)   6  1106  1868
[254] [    20392162] 1 | True  True 00 ( 1463, 1025)   6  1156  1616
[255] [    20402095] 1 | True  True 00 ( 1436, 1026)   4  1072  1312
[  0] [    20412033] 1 | True  True 00 ( 1410, 1027)   4  1107  1524
[  1] [    20421969] 1 | True  True 00 ( 1388, 1027)   4  1073  1712
[  2] [    20431908] 1 | True  True 00 ( 1367, 1027)   5  1109  1828
[  3] [    20441844] 1 | True  True 00 ( 1345, 1025)   6  1122  1548
[  4] [    20451761] 1 | True  True 00 ( 1318, 1024)   5  1010  1264
[  5] [    20461703] 1 | True  True 00 ( 1291, 1021)   4   994  1016
[  6] [    20471638] 1 | True  True 00 ( 1266, 1016)   5  1078  1372
[  7] [    20481552] 1 | True  True 00 ( 1246, 1009)   5  1063  1600
[  8] [    20491489] 1 | True  True 00 ( 1225, 1002)   6   983  1744
[  9] [    20501428] 1 | True  True 00 ( 1202,  992)   5   929  1640
[ 10] [    20511353] 1 | True  True 00 ( 1180,  979)   5   995  1496
[ 11] [    20521284] 1 | True  True 00 ( 1158,  964)   7  1045  1244
[ 12] [    20531222] 1 | True  True 00 ( 1136,  946)   5   982  1296
[ 13] [    20541161] 1 | True  True 00 ( 1117,  928)   5  1003  1216
[ 14] [    20551093] 1 | True  True 00 ( 1101,  915)   4   923  1200
[ 15] [    20561031] 1 | True  True 00 ( 1085,  899)   6   945  1580
[ 16] [    20570967] 1 | True  True 00 ( 1070,  884)   6   887  1580
[ 17] [    20580906] 1 | True  True 00 ( 1056,  862)   6   990  1580
[ 18] [    20590842] 1 | True  True 00 ( 1039,  837)   5   950  1360
[ 19] [    20600781] 1 | True  True 00 ( 1021,  813)   4   904  1164
[ 20] [    20610697] 1 | True  True 00 ( 1009,  794)   5   824   968
[ 21] [    20620640] 1 | True  True 00 (  996,  774)   5   854  1124
[ 22] [    20630574] 1 | True  True 00 (  985,  754)   6   920  1240
[ 23] [    20640494] 1 | True  True 00 (  975,  728)   4   886  1300
[ 24] [    20650431] 1 | True  True 00 (  968,  703)   4   841  1044
[ 25] [    20660349] 1 | True  True 00 (  963,  681)   4   911   988
[ 26] [    20670300] 1 | True  True 00 (  959,  660)   5   941  1212
[ 27] [    20680221] 1 | True  True 00 (  958,  637)   7  1031  1332
[ 28] [    20690160] 1 | True  True 00 (  957,  612)   6  1068  1392
[ 29] [    20700091] 1 | True  True 00 (  955,  586)   5   962  1132
[ 30] [    20710029] 1 | True  True 00 (  956,  562)   4   905   964
[ 31] [    20719966] 1 | True  True 00 (  957,  538)   4   927  1204
[ 32] [    20729905] 1 | True  True 00 (  960,  514)   6   949  1204
[ 33] [    20739841] 1 | True  True 00 (  966,  489)   6   953  1364
[ 34] [    20749782] 1 | True  True 00 (  971,  463)   5   921  1404
[ 35] [    20759714] 1 | True  True 00 (  980,  440)   6   991  1384
[ 36] [    20769653] 1 | True  True 00 (  992,  419)   6   946  1344
[ 37] [    20779590] 1 | True  True 00 ( 1006,  397)   6   965  1584
[ 38] [    20789528] 1 | True  True 00 ( 1019,  377)   6  1007  1784
[ 39] [    20799465] 1 | True  True 00 ( 1030,  354)   5   936  1824
[ 40] [    20809404] 1 | True  True 00 ( 1041,  331)   4   894  1544
[ 41] [    20819340] 1 | True  True 00 ( 1055,  310)   5   959  1140
[ 42] [    20829281] 1 | True  True 00 ( 1068,  290)   5   954   972
[ 43] [    20839214] 1 | True  True 00 ( 1086,  274)   7  1024  1072
[ 44] [    20849152] 1 | True  True 00 ( 1108,  256)   6   991  1400
[ 45] [    20859089] 1 | True  True 00 ( 1130,  239)   6  1035  1712
[ 46] [    20869029] 1 | True  True 00 ( 1153,  224)   7  1125  1712
[ 47] [    20878966] 1 | True  True 00 ( 1175,  209)   6  1067  1536
[ 48] [    20888906] 1 | True  True 00 ( 1194,  195)   6  1056  1248
[ 49] [    20898838] 1 | True  True 00 ( 1214,  182)   7  1123  1552
[ 50] [    20908776] 1 | True  True 00 ( 1239,  171)   7  1187  1836
[ 51] [    20918713] 1 | True  True 00 ( 1264,  164)   4  1015  2072
[ 52] [    20928654] 1 | True  True 00 ( 1287,  156)   4  1137  1860
[ 53] [    20938586] 1 | True  True 00 ( 1309,  150)   4  1106  1480
[ 54] [    20948526] 1 | True  True 00 ( 1329,  144)   4  1113  1352
[ 55] [    20958464] 1 | True  True 00 ( 1351,  143)   5  1109  1584
[ 56] [    20968405] 1 | True  True 00 ( 1376,  143)   5  1123  2000
[ 57] [    20978336] 1 | True  True 00 ( 1403,  140)   5  1250  1976
[ 58] [    20988275] 1 | True  True 00 ( 1427,  138)   4  1201  1768
[ 59] [    20998216] 1 | True  True 00 ( 1449,  139)   4  1112  1508
[ 60] [    21008154] 1 | True  True 00 ( 1469,  142)   6  1163  1508
[ 61] [    21018087] 1 | True  True 00 ( 1494,  144)   7  1216  1888
[ 62] [    21028026] 1 | True  True 00 ( 1521,  150)   7  1270  2212
[ 63] [    21037982] 1 | True  True 00 ( 1546,  157)   6  1157  2264
[ 64] [    21047921] 1 | True  True 00 ( 1569,  165)   6  1203  1988
[ 65] [        4096] 1 | True  True 00 ( 1588,  174)   6  1138  1660
[ 66] [       14034] 1 | True  True 00 ( 1606,  186)   6  1144  1420
[ 67] [       23971] 1 | True  True 00 ( 1627,  199)   7  1181  1668
[ 68] [       33909] 1 | True  True 00 ( 1650,  213)   6  1086  1592
[ 69] [       43846] 1 | True  True 00 ( 1674,  227)   5  1079  1648
[ 70] [       53784] 1 | True  True 00 ( 1696,  240)   4  1035  1712
[ 71] [       63700] 1 | True  True 00 ( 1715,  254)   6  1081  1712
[ 72] [       73641] 1 | True  True 00 ( 1730,  271)   6  1100  1564
[ 73] [       83574] 1 | True  True 00 ( 1744,  293)   5  1045  1416
[ 74] [       93514] 1 | True  True 00 ( 1758,  315)   5   989  1208
[ 75] [      103449] 1 | True  True 00 ( 1770,  335)   6  1135  1276
[ 76] [      113388] 1 | True  True 00 ( 1783,  354)   7  1127  1528
[ 77] [      123324] 1 | True  True 00 ( 1798,  374)   6  1042  1692
[ 78] [      133242] 1 | True  True 00 ( 1810,  397)   5   968  1672
[ 79] [      143197] 1 | True  True 00 ( 1821,  420)   6  1071  1672
[ 80] [      153114] 1 | True  True 00 ( 1831,  446)   6  1068  1440
[ 81] [      163057] 1 | True  True 00 ( 1840,  472)   6  1076  1796
[ 82] [      172972] 1 | True  True 00 ( 1847,  497)   5  1017  1972
[ 83] [      182909] 1 | True  True 00 ( 1854,  524)   8  1185  1904
[ 84] [      192848] 1 | True  True 00 ( 1858,  550)   5  1039  1840
[ 85] [      202785] 1 | True  True 00 ( 1859,  575)   5  1021  1532
[ 86] [      212723] 1 | True  True 00 ( 1858,  598)   4   956  1932
[ 87] [      222660] 1 | True  True 00 ( 1858,  619)   5   920  1908
[ 88] [      232597] 1 | True  True 00 ( 1857,  642)   5   965  1776
[ 89] [      242533] 1 | True  True 00 ( 1852,  667)   7  1037  1796
[ 90] [      252474] 1 | True  True 00 ( 1849,  692)   5   955  1352
[ 91] [      262410] 1 | True  True 00 ( 1839,  717)   5   949  1300
[ 92] [      272344] 1 | True  True 00 ( 1828,  741)   6   998  1364
[ 93] [      282281] 1 | True  True 00 ( 1820,  762)   7  1071  1256
[ 94] [      292217] 1 | True  True 00 ( 1807,  783)   6  1078  1360
[ 95] [      302155] 1 | True  True 00 ( 1794,  808)   5  1002  1380
[ 96] [      312092] 1 | True  True 00 ( 1781,  832)   5   994  1164
[ 97] [      322030] 1 | True  True 00 ( 1769,  852)   5  1073  1552
[ 98] [      331966] 1 | True  True 00 ( 1755,  872)   7  1111  1900
[ 99] [      341905] 1 | True  True 00 ( 1736,  891)   5   966  1736
[100] [      351841] 1 | True  True 00 ( 1718,  909)   6  1036  1532
[101] [      361779] 1 | True  True 00 ( 1697,  925)   6  1052  1292
[102] [      371716] 1 | True  True 00 ( 1675,  941)   6  1065  1456
[103] [      381654] 1 | True  True 00 ( 1655,  958)   4   959  1476
[104] [      391598] 1 | True  True 00 ( 1638,  972)   6  1112  1592
[105] [      401527] 1 | True  True 00 ( 1620,  984)   6  1145  1664
[106] [      411465] 1 | True  True 00 ( 1597,  993)   6  1158  1476
[107] [      421404] 1 | True  True 00 ( 1571, 1003)   4  1010  1260
[108] [      431340] 1 | True  True 00 ( 1548, 1011)   5  1145  1464
[109] [      441278] 1 | True  True 00 ( 1525, 1017)   4  1107  1820
[110] [      451215] 1 | True  True 00 ( 1506, 1022)   4  1062  1944
[111] [      461153] 1 | True  True 00 ( 1486, 1025)   6  1175  1896
[112] [      471090] 1 | True  True 00 ( 1464, 1026)   6  1158  1692
[113] [      481028] 1 | True  True 00 ( 1445, 1026)   6  1150  1616
[114] [      490965] 1 | True  True 00 ( 1432, 1027)   6  1185  1692
[115] [      500908] 1 | True  True 00 ( 1423, 1029)   6  1063  1640
[116] [      510846] 1 | True  True 00 ( 1417, 1031)   5  1024  1668
[117] [      520780] 1 | True  True 00 ( 1414, 1033)   5   995  1640
[118] [      530716] 1 |False  True 00 ( 1414, 1033)   5   995  1640
[119] [      540652] 0 
