[101] [     9183026]   0-None                     (    0)
[102] [     9192965]   0-None                     (    0)
[103] [     9202905]   0-None                     (    0)
[104] [     9212863]   0-None                     (    0)
[105] [     9222807]   0-None                     (    0)
[106] [     9232739]   0-None                     (    0)
[107] [     9242695]   0-None                     (    0)
[108] [     9252634]   0-None                     (    0)
[109] [     9262554]   0-None                     (    0)
[110] [     9272509]   0-None                     (    0)
[111] [     9282435]   0-None                     (    0)
[112] [     9292380]   0-None                     (    0)
[113] [     9302317]   0-None                     (    0)
[114] [     9312273]   0-None                     (    0)
[115] [     9322211]   0-None                     (    0)
[116] [     9332152]   0-None                     (    0)
[117] [     9342088]   0-None                     (    0)
[118] [     9352021]   0-None                     (    0)
[119] [     9361958]   0-None                     (    0)
[120] [     9371898]   0-None                     (    0)
[121] [     9381835]   0-None                     (    0)
[122] [     9391769]   0-None                     (    0)
[123] [     9401714]   0-None                     (    0)
[124] [     9411649]   0-None                     (    0)
[125] [     9421584]   0-None                     (    0)
[126] [     9431525]   0-None                     (    0)
[127] [     9441462]   0-None                     (    0)
[128] [     9451396]   0-None                     (    0)
[129] [     9461334]   0-None                     (    0)
[130] [     9471268]   0-None                     (    0)
[131] [     9481210]   0-None                     (    0)
[132] [     9491164]   0-None                     (    0)
[133] [     9501103]   0-None                     (    0)
[134] [     9511041]   0-None                     (    0)
[135] [     9520979]   0-None                     (    0)
[136] [     9530936]   0-None                     (    0)
[137] [     9540872]   0-None                     (    0)
[138] [     9550813]   0-None                     (    0)
[139] [     9560749]   0-None                     (    0)
[140] [     9570685]   0-None                     (    0)
[141] [     9580622]   0-None                     (    0)
[142] [     9590556]   0-None                     (    0)
[143] [     9600479]   0-None                     (    0)
[144] [     9610416]   0-None                     (    0)
[145] [     9620372]   0-None                     (    0)
[146] [     9630305]   0-None                     (    0)
[147] [     9640229]   0-None                     (    0)
[148] [     9650167]   0-None                     (    0)
[149] [     9660102]   0-None                     (    0)
[150] [     9670041]   0-None                     (    0)
[151] [     9679981]   0-None                     (    0)
[152] [     9689912]   0-None                     (    0)
[153] [     9699852]   0-None                     (    0)
[154] [     9709770]   0-None                     (    0)
[155] [     9719706]   0-None                     (    0)
[156] [     9729646]   0-None                     (    0)
[157] [     9739583]   0-None                     (    0)
[158] [     9749516]   0-None                     (    0)
[159] [     9759439]   0-None                     (    0)
[160] [     9769375]   0-None                     (    0)
[161] [     9779310]   0-None                     (    0)
[162] [     9789246]   0-None                     (    0)
[163] [     9799182]   0-None                     (    0)
[164] [     9809126]   0-None                     (    0)
[165] [     9819060]   0-None                     (    0)
[166] [     9828995]   0-None                     (    0)
[167] [     9838931]   0-None                     (    0)
[168] [     9848868]   0-None                     (    0)
[169] [     9858809]   0-None                     (    0)
[170] [     9868745]   0-None                     (    0)
[171] [     9878681]   0-None                     (    0)
[172] [     9888618]   0-None                     (    0)
[173] [     9898559]   0-None                     (    0)
[174] [     9908494]   0-None                     (    0)
[175] [     9918450]   0-None                     (    0)
[176] [     9928372]   0-None                     (    0)
[177] [     9938308]   0-None                     (    0)
[178] [     9948265]   0-None                     (    0)
[179] [     9958202]   0-None                     (    0)
[180] [     9968142]   0-None                     (    0)
[181] [     9978077]   0-None                     (    0)
[182] [     9988036]   0-None                     (    0)
[183] [     9997975]   0-None                     (    0)
[184] [    10007925]   0-None                     (    0)
[185] [    10017868]   0-None                     (    0)
[186] [    10027806]   0-None                     (    0)
[187] [    10037743]   0-None                     (    0)
[188] [    10047699]   0-None                     (    0)
[189] [    10057620]   0-None                     (    0)
[190] [    10067576]   0-None                     (    0)
[191] [    10077511]   0-None                     (    0)
[192] [    10087452]   0-None                     (    0)
[193] [    10097385]   0-None                     (    0)
[194] [    10107326]   0-None                     (    0)
[195] [    10117279]   0-None                     (    0)
[196] [    10127219]   0-None                     (    0)
[197] [    10137157]   0-None                     (    0)
[198] [    10147095]   0-None                     (    0)
[199] [    10157053]   0-None                     (    0)
[200] [    10166989]   0-None                     (    0)
[201] [    10176923]   0-None                     (    0)
[202] [    10186867]   0-None                     (    0)
[203] [    10196805]   0-None                     (    0)
[204] [    10206740]   0-None                     (    0)
[205] [    10216676]   0-None                     (    0)
[206] [    10226613]   0-None                     (    0)
[207] [    10236554]   0-None                     (    0)
[208] [    10246511]   0-None                     (    0)
[209] [    10256448]   0-None                     (    0)
[210] [    10266382]   0-None                     (    0)
[211] [    10276325]   0-None                     (    0)
[212] [    10286256]   0-None                     (    0)
[213] [    10296198]   0-None                     (    0)
[214] [    10306140]   0-None                     (    0)
[215] [    10316073]   0-None                     (    0)
[216] [    10326026]   0-None                     (    0)
[217] [    10335946]   0-None                     (    0)
[218] [    10345888]   0-None                     (    0)
[219] [    10355844]   0-None                     (    0)
[220] [    10365783]   0-None                     (    0)
[221] [    10375715]   0-None                     (    0)
[222] [    10385653]   0-None                     (    0)
[223] [    10395591]   0-None                     (    0)
[224] [    10405529]   0-None                     (    0)
[225] [    10415466]   0-None                     (    0)
[226] [    10425404]   0-None                     (    0)
[227] [    10435341]   0-None                     (    0)
[228] [    10445278]   0-None                     (    0)
[229] [    10455216]   0-None                     (    0)
[230] [    10465153]   0-None                     (    0)
[231] [    10475091]   0-None                     (    0)
[232] [    10485028]   0-None                     (    0)
[233] [    10494965]   0-None                     (    0)
[234] [    10504922]   0-None                     (    0)
[235] [    10514859]   0-None                     (    0)
[236] [    10524800]   0-None                     (    0)
[237] [    10534736]   0-None                     (    0)
[238] [    10544675]   0-None                     (    0)
[239] [    10554611]   0-None                     (    0)
[240] [    10564546]   0-None                     (    0)
[241] [    10574490]   0-None                     (    0)
[242] [    10584437]   0-None                     (    0)
[243] [    10594378]   0-None                     (    0)
[244] [    10604321]   0-None                     (    0)
[245] [    10614275]   0-None                     (    0)
[246] [    10624215]   0-None                     (    0)
[247] [    10634151]   0-None                     (    0)
[248] [    10644093]   0-None                     (    0)
[249] [    10654022]   0-None                     (    0)
[250] [    10663960]   0-None                     (    0)
[251] [    10673899]   0-None                     (    0)
[252] [    10683837]   0-None                     (    0)
[253] [    10693775]   0-None                     (    0)
[254] [    10703713]   0-None                     (    0)
[255] [    10713652]   0-None                     (    0)
[  0] [    10723607]   0-None                     (    0)
[  1] [    10733540]   0-None                     (    0)
[  2] [    10743485]   0-None                     (    0)
[  3] [    10753421]   0-None                     (    0)
[  4] [    10763377]   0-None                     (    0)
[  5] [    10773320]   0-None                     (    0)
[  6] [    10783254]   0-None                     (    0)
[  7] [    10793211]   0-None                     (    0)
[  8] [    10803149]   0-None                     (    0)
[  9] [    10813108]   0-None                     (    0)
[ 10] [    10823046]   0-None                     (    0)
[ 11] [    10832982]   0-None                     (    0)
[ 12] [    10842938]   0-None                     (    0)
[ 13] [    10852880]   0-None                     (    0)
[ 14] [    10862818]   0-None                     (    0)
[ 15] [    10872751]   0-None                     (    0)
[ 16] [    10882687]   0-None                     (    0)
[ 17] [    10892627]   0-None                     (    0)
[ 18] [    10902586]   0-None                     (    0)
[ 19] [    10912522]   0-None                     (    0)
[ 20] [    10922463]   0-None                     (    0)
[ 21] [    10932399]   0-None                     (    0)
[ 22] [    10942332]   0-None                     (    0)
[ 23] [    10952270]   0-None                     (    0)
[ 24] [    10962209]   0-None                     (    0)
[ 25] [    10972146]   0-None                     (    0)
[ 26] [    10982084]   0-None                     (    0)
[ 27] [    10992042]   0-None                     (    0)
[ 28] [    11001978]   0-None                     (    0)
[ 29] [    11011932]   0-None                     (    0)
[ 30] [    11021874]   0-None                     (    0)
[ 31] [    11031816]   0-None                     (    0)
[ 32] [    11041770]   0-None                     (    0)
[ 33] [    11051708]   0-None                     (    0)
[ 34] [    11061647]   0-None                     (    0)
[ 35] [    11071602]   0-None                     (    0)
[ 36] [    11081536]   0-None                     (    0)
[ 37] [    11091480]   0-None                     (    0)
[ 38] [    11101438]   0-None                     (    0)
[ 39] [    11111372]   0-None                     (    0)
[ 40] [    11121313]   0-None                     (    0)
[ 41] [    11131266]   0-None                     (    0)
[ 42] [    11141206]   0-None                     (    0)
[ 43] [    11151144]   0-None                     (    0)
[ 44] [    11161104]   0-None                     (    0)
[ 45] [    11171041]   0-None                     (    0)
[ 46] [    11180998]   0-None                     (    0)
[ 47] [    11190954]   0-None                     (    0)
[ 48] [    11200894]   0-None                     (    0)
[ 49] [    11210852]   0-None                     (    0)
[ 50] [    11220786]   0-None                     (    0)
[ 51] [    11230732]   0-None                     (    0)
[ 52] [    11240679]   0-None                     (    0)
[ 53] [    11250620]   0-None                     (    0)
[ 54] [    11260577]   0-None                     (    0)
[ 55] [    11270515]   0-None                     (    0)
[ 56] [    11280476]   0-None                     (    0)
[ 57] [    11290412]   0-None                     (    0)
[ 58] [    11300368]   0-None                     (    0)
[ 59] [    11310309]   0-None                     (    0)
[ 60] [    11320244]   0-None                     (    0)
[ 61] [    11330205]   0-None                     (    0)
[ 62] [    11340142]   0-None                     (    0)
[ 63] [    11350083]   0-None                     (    0)
[ 64] [    11360039]   0-None                     (    0)
[ 65] [    11369975]   0-None                     (    0)
[ 66] [    11379931]   0-None                     (    0)
[ 67] [    11389872]   0-None                     (    0)
[ 68] [    11399830]   0-None                     (    0)
[ 69] [    11409769]   0-None                     (    0)
[ 70] [    11419723]   0-None                     (    0)
[ 71] [    11429680]   0-None                     (    0)
[ 72] [    11439622]   0-None                     (    0)
[ 73] [    11449559]   0-None                     (    0)
[ 74] [    11459513]   0-None                     (    0)
[ 75] [    11469473]   0-None                     (    0)
[ 76] [    11479409]   0-None                     (    0)
[ 77] [    11489366]   0-None                     (    0)
[ 78] [    11499310]   0-None                     (    0)
[ 79] [    11509261]   0-None                     (    0)
[ 80] [    11519201]   0-None                     (    0)
[ 81] [    11529136]   0-None                     (    0)
[ 82] [    11539097]   0-None                     (    0)
[ 83] [    11549032]   0-None                     (    0)
[ 84] [    11558975]   0-None                     (    0)
[ 85] [    11568931]   0-None                     (    0)
[ 86] [    11578885]   0-None                     (    0)
[ 87] [    11588825]   0-None                     (    0)
[ 88] [    11598763]   0-None                     (    0)
[ 89] [    11608722]   0-None                     (    0)
[ 90] [    11618659]   0-None                     (    0)
[ 91] [    11628614]   0-None                     (    0)
[ 92] [    11638555]   0-None                     (    0)
[ 93] [    11648489]   0-None                     (    0)
[ 94] [    11658431]   0-None                     (    0)
[ 95] [    11668384]   0-None                     (    0)
[ 96] [    11678323]   0-None                     (    0)
[ 97] [    11688281]   0-None                     (    0)
[ 98] [    11698218]   0-None                     (    0)
[ 99] [    11708159]   0-None                     (    0)
[100] [    11718095]   0-None                     (    0)
[101] [    11728051]   0-None                     (    0)
[102] [    11737993]   0-None                     (    0)
[103] [    11747930]   0-None                     (    0)
[104] [    11757863]   0-None                     (    0)
[105] [    11767787]   0-None                     (    0)
[106] [    11777723]   0-None                     (    0)
[107] [    11787658]   0-None                     (    0)
[108] [    11797596]   0-None                     (    0)
[109] [    11807531]   0-None                     (    0)
[110] [    11817488]   0-None                     (    0)
[111] [    11827410]   0-None                     (    0)
[112] [    11837348]   0-None                     (    0)
[113] [    11847295]   0-None                     (    0)
[114] [    11857216]   0-None                     (    0)
[115] [    11867172]   0-None                     (    0)
[116] [    11877094]   0-None                     (    0)
[117] [    11887052]   0-None                     (    0)
[118] [    11896986]   0-None                     (    0)
[119] [    11906907]   0-None                     (    0)
[120] [    11916843]   0-None                     (    0)
[121] [    11926778]   0-None                     (    0)
[122] [    11936735]   0-None                     (    0)
[123] [    11946676]   0-None                     (    0)
[124] [    11956610]   0-None                     (    0)
[125] [    11966551]   0-None                     (    0)
[126] [    11976505]   0-None                     (    0)
[127] [    11986445]   0-None                     (    0)
[128] [    11996382]   0-None                     (    0)
[129] [    12006320]   0-None                     (    0)
[130] [    12016257]   0-None                     (    0)
[131] [    12026195]   0-None                     (    0)
[132] [    12036132]   0-None                     (    0)
[133] [    12046070]   0-None                     (    0)
[134] [    12056007]   0-None                     (    0)
[135] [    12065947]   0-None                     (    0)
[136] [    12075884]   0-None                     (    0)
[137] [    12085838]   0-None                     (    0)
[138] [    12095774]   0-None                     (    0)
[139] [    12105719]   0-None                     (    0)
[140] [    12115651]   0-None                     (    0)
[141] [    12125588]   0-None                     (    0)
[142] [    12135523]   0-None                     (    0)
[143] [    12145468]   0-None                     (    0)
[144] [    12155396]   0-None                     (    0)
[145] [    12165340]   0-None                     (    0)
[146] [    12175276]   0-None                     (    0)
[147] [    12185211]   0-None                     (    0)
[148] [    12195153]   0-None                     (    0)
[149] [    12205089]   0-None                     (    0)
[150] [    12215027]   0-None                     (    0)
[151] [    12224963]   0-None                     (    0)
[152] [    12234899]   0-None                     (    0)
[153] [    12244836]   0-None                     (    0)
[154] [    12254757]   0-None                     (    0)
[155] [    12264711]   0-None                     (    0)
[156] [    12274646]   0-None                     (    0)
[157] [    12284569]   0-None                     (    0)
[158] [    12294506]   0-None                     (    0)
[159] [    12304440]   0-None                     (    0)
[160] [    12314378]   0-None                     (    0)
[161] [    12324316]   0-None                     (    0)
[162] [    12334253]   0-None                     (    0)
[163] [    12344194]   0-None                     (    0)
[164] [    12354130]   0-None                     (    0)
[165] [    12364063]   0-None                     (    0)
[166] [    12374001]   0-None                     (    0)
[167] [    12383939]   0-None                     (    0)
[168] [    12393857]   0-None                     (    0)
[169] [    12403795]   0-None                     (    0)
[170] [    12413733]   0-None                     (    0)
[171] [    12423668]   0-None                     (    0)
[172] [    12433588]   0-None                     (    0)
[173] [    12443539]   0-None                     (    0)
[174] [    12453460]   0-None                     (    0)
[175] [    12463398]   0-None                     (    0)
[176] [    12473334]   0-None                     (    0)
[177] [    12483273]   0-None                     (    0)
[178] [    12493208]   0-None                     (    0)
[179] [    12503143]   0-None                     (    0)
[180] [    12513087]   0-None                     (    0)
[181] [    12523023]   0-None                     (    0)
[182] [    12532959]   0-None                     (    0)
[183] [    12542895]   0-None                     (    0)
[184] [    12552832]   0-None                     (    0)
[185] [    12562765]   0-None                     (    0)
[186] [    12572710]   0-None                     (    0)
[187] [    12582645]   0-None                     (    0)
[188] [    12592581]   0-None                     (    0)
[189] [    12602515]   0-None                     (    0)
[190] [    12612459]   0-None                     (    0)
[191] [    12622397]   0-None                     (    0)
[192] [    12632332]   0-None                     (    0)
[193] [    12642268]   0-None                     (    0)
[194] [    12652225]   0-None                     (    0)
[195] [    12662147]   0-None                     (    0)
[196] [    12672103]   0-None                     (    0)
[197] [    12682041]   0-None                     (    0)
[198] [    12691975]   0-None                     (    0)
[199] [    12701916]   0-None                     (    0)
[200] [    12711850]   0-None                     (    0)
[201] [    12721794]   0-None                     (    0)
[202] [    12731725]   0-None                     (    0)
[203] [    12741666]   0-None                     (    0)
[204] [    12751600]   0-None                     (    0)
[205] [    12761543]   0-None                     (    0)
[206] [    12771478]   0-None                     (    0)
[207] [    12781413]   0-None                     (    0)
[208] [    12791354]   0-None                     (    0)
[209] [    12801291]   0-None                     (    0)
[210] [    12811224]   0-None                     (    0)
[211] [    12821167]   0-None                     (    0)
[212] [    12831101]   0-None                     (    0)
[213] [    12841038]   0-None                     (    0)
[214] [    12850972]   0-None                     (    0)
[215] [    12860914]   0-None                     (    0)
[216] [    12870848]   0-None                     (    0)
[217] [    12880789]   0-None                     (    0)
[218] [    12890742]   0-None                     (    0)
[219] [    12900682]   0-None                     (    0)
[220] [    12910619]   0-None                     (    0)
[221] [    12920557]   0-None                     (    0)
[222] [    12930494]   0-None                     (    0)
[223] [    12940432]   0-None                     (    0)
[224] [    12950390]   0-None                     (    0)
[225] [    12960326]   0-None                     (    0)
[226] [    12970247]   0-None                     (    0)
[227] [    12980201]   0-None                     (    0)
[228] [    12990136]   0-None                     (    0)
[229] [    13000058]   0-None                     (    0)
[230] [    13009996]   0-None                     (    0)
[231] [    13019931]   0-None                     (    0)
[232] [    13029870]   0-None                     (    0)
[233] [    13039788]   0-None                     (    0)
[234] [    13049741]   0-None                     (    0)
[235] [    13059681]   0-None                     (    0)
[236] [    13069598]   0-None                     (    0)
[237] [    13079535]   0-None                     (    0)
[238] [    13089475]   0-None                     (    0)
[239] [    13099412]   0-None                     (    0)
[240] [    13109344]   0-None                     (    0)
[241] [    13119286]   0-None                     (    0)
[242] [    13129219]   0-None                     (    0)
[243] [    13139142]   0-None                     (    0)
[244] [    13149079]   0-None                     (    0)
[245] [    13159015]   0-None                     (    0)
[246] [    13168950]   0-None                     (    0)
[247] [    13178887]   0-None                     (    0)
[248] [    13188823]   0-None                     (    0)
[249] [    13198757]   0-None                     (    0)
[250] [    13208702]   0-None                     (    0)
[251] [    13218639]   0-None                     (    0)
[252] [    13228574]   0-None                     (    0)
[253] [    13238510]   0-None                     (    0)
[254] [    13248447]   0-None                     (    0)
[255] [    13258381]   0-None                     (    0)
[  0] [    13268304]   0-None                     (    0)
[  1] [    13278243]   0-None                     (    0)
[  2] [    13288176]   0-None                     (    0)
[  3] [    13298115]   0-None                     (    0)
[  4] [    13308053]   0-None                     (    0)
[  5] [    13317992]   0-None                     (    0)
[  6] [    13327933]   0-None                     (    0)
[  7] [    13337863]   0-None                     (    0)
[  8] [    13347803]   0-None                     (    0)
[  9] [    13357735]   0-None                     (    0)
[ 10] [    13367673]   0-None                     (    0)
[ 11] [    13377610]   0-None                     (    0)
[ 12] [    13387531]   0-None                     (    0)
[ 13] [    13397470]   0-None                     (    0)
[ 14] [    13407408]   0-None                     (    0)
[ 15] [    13417341]   0-None                     (    0)
[ 16] [    13427264]   0-None                     (    0)
[ 17] [    13437201]   0-None                     (    0)
[ 18] [    13447136]   0-None                     (    0)
[ 19] [    13457072]   0-None                     (    0)
[ 20] [    13467008]   0-None                     (    0)
[ 21] [    13476944]   0-None                     (    0)
[ 22] [    13486878]   0-None                     (    0)
[ 23] [    13496823]   0-None                     (    0)
[ 24] [    13506740]   0-None                     (    0)
[ 25] [    13516695]   0-None                     (    0)
[ 26] [    13526611]   0-None                     (    0)
[ 27] [    13536549]   0-None                     (    0)
[ 28] [    13546507]   0-None                     (    0)
[ 29] [    13556443]   0-None                     (    0)
[ 30] [    13566377]   0-None                     (    0)
[ 31] [    13576300]   0-None                     (    0)
[ 32] [    13586239]   0-None                     (    0)
[ 33] [    13596152]   0-None                     (    0)
[ 34] [    13606095]   0-None                     (    0)
[ 35] [    13616032]   0-None                     (    0)
[ 36] [    13625965]   0-None                     (    0)
[ 37] [    13635900]   0-None                     (    0)
[ 38] [    13645840]   0-None                     (    0)
[ 39] [    13655775]   0-None                     (    0)
[ 40] [    13665716]   0-None                     (    0)
[ 41] [    13675650]   0-None                     (    0)
[ 42] [    13685585]   0-None                     (    0)
[ 43] [    13695509]   0-None                     (    0)
[ 44] [    13705444]   0-None                     (    0)
[ 45] [    13715382]   0-None                     (    0)
[ 46] [    13725338]   0-None                     (    0)
[ 47] [    13735276]   0-None                     (    0)
[ 48] [    13745210]   0-None                     (    0)
[ 49] [    13755132]   0-None                     (    0)
[ 50] [    13765068]   0-None                     (    0)
[ 51] [    13775006]   0-None                     (    0)
[ 52] [    13784942]   0-None                     (    0)
[ 53] [    13794877]   0-None                     (    0)
[ 54] [    13804814]   0-None                     (    0)
[ 55] [    13814736]   0-None                     (    0)
[ 56] [    13824668]   0-None                     (    0)
[ 57] [    13834607]   0-None                     (    0)
[ 58] [    13844545]   0-None                     (    0)
[ 59] [    13854462]   0-None                     (    0)
[ 60] [    13864400]   0-None                     (    0)
[ 61] [    13874334]   0-None                     (    0)
[ 62] [    13884275]   0-None                     (    0)
[ 63] [    13894208]   0-None                     (    0)
[ 64] [    13904130]   0-None                     (    0)
[ 65] [    13914066]   0-None                     (    0)
[ 66] [    13924003]   0-None                     (    0)
[ 67] [    13933938]   0-None                     (    0)
[ 68] [    13943893]   0-None                     (    0)
[ 69] [    13953834]   0-None                     (    0)
[ 70] [    13963770]   0-None                     (    0)
[ 71] [    13973691]   0-None                     (    0)
[ 72] [    13983645]   0-None                     (    0)
[ 73] [    13993566]   0-None                     (    0)
[ 74] [    14003501]   0-None                     (    0)
[ 75] [    14013439]   0-None                     (    0)
[ 76] [    14023374]   0-None                     (    0)
[ 77] [    14033311]   0-None                     (    0)
[ 78] [    14043232]   0-None                     (    0)
[ 79] [    14053187]   0-None                     (    0)
[ 80] [    14063102]   0-None                     (    0)
[ 81] [    14073041]   0-None                     (    0)
[ 82] [    14082979]   0-None                     (    0)
[ 83] [    14092917]   0-None                     (    0)
[ 84] [    14102875]   0-None                     (    0)
[ 85] [    14112810]   0-None                     (    0)
[ 86] [    14122744]   0-None                     (    0)
[ 87] [    14132689]   0-None                     (    0)
[ 88] [    14142626]   0-None                     (    0)
[ 89] [    14152582]   0-None                     (    0)
[ 90] [    14162520]   0-None                     (    0)
[ 91] [    14172454]   0-None                     (    0)
[ 92] [    14182396]   0-None                     (    0)
[ 93] [    14192350]   0-None                     (    0)
[ 94] [    14202289]   0-None                     (    0)
[ 95] [    14212227]   0-None                     (    0)
[ 96] [    14222165]   0-None                     (    0)
[ 97] [    14232122]   0-None                     (    0)
[ 98] [    14242046]   0-None                     (    0)
[ 99] [    14251996]   0-None                     (    0)
[100] [    14261939]   0-None                     (    0)
[101] [    14271874]   0-None                     (    0)
[102] [    14281811]   0-None                     (    0)
[103] [    14291767]   0-None                     (    0)
[104] [    14301688]   0-None                     (    0)
[105] [    14311624]   0-None                     (    0)
[106] [    14321580]   0-None                     (    0)
[107] [    14331518]   0-None                     (    0)
[108] [    14341453]   0-None                     (    0)
[109] [    14351394]   0-None                     (    0)
[110] [    14361328]   0-None                     (    0)
[111] [    14371269]   0-None                     (    0)
[112] [    14381202]   0-None                     (    0)
[113] [    14391144]   0-None                     (    0)
[114] [    14401077]   0-None                     (    0)
[115] [    14411018]   0-None                     (    0)
[116] [    14420952]   0-None                     (    0)
[117] [    14430893]   0-None                     (    0)
[118] [    14440826]   0-None                     (    0)
[119] [    14450768]   0-None                     (    0)
[120] [    14460701]   0-None                     (    0)
[121] [    14470643]   0-None                     (    0)
[122] [    14480576]   0-None                     (    0)
[123] [    14490517]   0-None                     (    0)
[124] [    14500450]   0-None                     (    0)
[125] [    14510372]   0-None                     (    0)
[126] [    14520308]   0-None                     (    0)
[127] [    14530246]   0-None                     (    0)
[128] [    14540182]   0-None                     (    0)
[129] [    14550118]   0-None                     (    0)
[130] [    14560055]   0-None                     (    0)
[131] [    14569970]   0-None                     (    0)
[132] [    14579909]   0-None                     (    0)
[133] [    14589846]   0-None                     (    0)
[134] [    14599787]   0-None                     (    0)
[135] [    14609724]   0-None                     (    0)
[136] [    14619656]   0-None                     (    0)
[137] [    14629594]   0-None                     (    0)
[138] [    14639533]   0-None                     (    0)
[139] [    14649471]   0-None                     (    0)
[140] [    14659409]   0-None                     (    0)
[141] [    14669346]   0-None                     (    0)
[142] [    14679284]   0-None                     (    0)
[143] [    14689221]   0-None                     (    0)
[144] [    14699159]   0-None                     (    0)
[145] [    14709096]   0-None                     (    0)
[146] [    14719036]   0-None                     (    0)
[147] [    14728973]   0-None                     (    0)
[148] [    14738906]   0-None                     (    0)
[149] [    14748845]   0-None                     (    0)
[150] [    14758783]   0-None                     (    0)
[151] [    14768701]   0-None                     (    0)
[152] [    14778639]   0-None                     (    0)
[153] [    14788573]   0-None                     (    0)
[154] [    14798515]   0-None                     (    0)
[155] [    14808449]   0-None                     (    0)
[156] [    14818367]   0-None                     (    0)
[157] [    14828303]   0-None                     (    0)
[158] [    14838238]   0-None                     (    0)
[159] [    14848154]   0-None                     (    0)
[160] [    14858091]   0-None                     (    0)
[161] [    14868016]   0-None                     (    0)
[162] [    14877968]   0-None                     (    0)
[163] [    14887907]   0-None                     (    0)
[164] [    14897844]   0-None                     (    0)
[165] [    14907780]   0-None                     (    0)
[166] [    14917717]   0-None                     (    0)
[167] [    14927657]   0-None                     (    0)
[168] [    14937575]   0-None                     (    0)
[169] [    14947512]   0-None                     (    0)
[170] [    14957445]   0-None                     (    0)
[171] [    14967388]   0-None                     (    0)
[172] [    14977322]   0-None                     (    0)
[173] [    14987240]   0-None                     (    0)
[174] [    14997176]   0-None                     (    0)
[175] [    15007112]   0-None                     (    0)
[176] [    15017056]   0-None                     (    0)
[177] [    15026989]   0-None                     (    0)
[178] [    15036925]   0-None                     (    0)
[179] [    15046841]   0-None                     (    0)
[180] [    15056778]   0-None                     (    0)
[181] [    15066716]   0-None                     (    0)
[182] [    15076634]   0-None                     (    0)
[183] [    15086568]   0-None                     (    0)
[184] [    15096489]   0-None                     (    0)
[185] [    15106425]   0-None                     (    0)
[186] [    15116363]   0-None                     (    0)
[187] [    15126277]   0-None                     (    0)
[188] [    15136214]   0-None                     (    0)
[189] [    15146132]   0-None                     (    0)
[190] [    15156073]   0-None                     (    0)
[191] [    15165989]   0-None                     (    0)
[192] [    15175924]   0-None                     (    0)
[193] [    15185859]   0-None                     (    0)
[194] [    15195797]   0-None                     (    0)
[195] [    15205731]   0-None                     (    0)
[196] [    15215655]   0-None                     (    0)
[197] [    15225590]   0-None                     (    0)
[198] [    15235523]   0-None                     (    0)
[199] [    15245462]   0-None                     (    0)
[200] [    15255380]   0-None                     (    0)
[201] [    15265314]   0-None                     (    0)
[202] [    15275255]   0-None                     (    0)
[203] [    15285169]   0-None                     (    0)
[204] [    15295111]   0-None                     (    0)
[205] [    15305025]   0-None                     (    0)
[206] [    15314962]   0-None                     (    0)
[207] [    15324899]   0-None                     (    0)
[208] [    15334817]   0-None                     (    0)
[209] [    15344735]   0-None                     (    0)
[210] [    15354671]   0-None                     (    0)
[211] [    15364586]   0-None                     (    0)
[212] [    15374524]   0-None                     (    0)
[213] [    15384441]   0-None                     (    0)
[214] [    15394359]   0-None                     (    0)
[215] [    15404295]   0-None                     (    0)
[216] [    15414211]   0-None                     (    0)
[217] [    15424149]   0-None                     (    0)
[218] [    15434065]   0-None                     (    0)
[219] [    15443983]   0-None                     (    0)
[220] [    15453919]   0-None                     (    0)
[221] [    15463835]   0-None                     (    0)
[222] [    15473774]   0-None                     (    0)
[223] [    15483705]   0-None                     (    0)
[224] [    15493631]   0-None                     (    0)
[225] [    15503565]   0-None                     (    0)
[226] [    15513480]   0-None                     (    0)
[227] [    15523414]   0-None                     (    0)
[228] [    15533336]   0-None                     (    0)
[229] [    15543275]   0-None                     (    0)
[230] [    15553192]   0-None                     (    0)
[231] [    15563129]   0-None                     (    0)
[232] [    15573063]   0-None                     (    0)
[233] [    15582981]   0-None                     (    0)
[234] [    15592916]   0-None                     (    0)
[235] [    15602831]   0-None                     (    0)
[236] [    15612771]   0-None                     (    0)
[237] [    15622688]   0-None                     (    0)
[238] [    15632625]   0-None                     (    0)
[239] [    15642560]   0-None                     (    0)
[240] [    15652502]   0-None                     (    0)
[241] [    15662435]   0-None                     (    0)
[242] [    15672376]   0-None                     (    0)
[243] [    15682309]   0-None                     (    0)
[244] [    15692251]   0-None                     (    0)
[245] [    15702184]   0-None                     (    0)
[246] [    15712125]   0-None                     (    0)
[247] [    15722059]   0-None                     (    0)
[248] [    15732000]   0-None                     (    0)
[249] [    15741934]   0-None                     (    0)
[250] [    15751875]   0-None                     (    0)
[251] [    15761808]   0-None                     (    0)
[252] [    15771749]   0-None                     (    0)
[253] [    15781683]   0-None                     (    0)
[254] [    15791605]   0-None                     (    0)
[255] [    15801542]   0-None                     (    0)
[  0] [    15811471]   0-None                     (    0)
[  1] [    15821417]   0-None                     (    0)
[  2] [    15831352]   0-None                     (    0)
[  3] [    15841289]   0-None                     (    0)
[  4] [    15851223]   0-None                     (    0)
[  5] [    15861145]   0-None                     (    0)
[  6] [    15871083]   0-None                     (    0)
[  7] [    15881016]   0-None                     (    0)
[  8] [    15890953]   0-None                     (    0)
[  9] [    15900892]   0-None                     (    0)
[ 10] [    15910829]   0-None                     (    0)
[ 11] [    15920766]   0-None                     (    0)
[ 12] [    15930704]   0-None                     (    0)
[ 13] [    15940642]   0-None                     (    0)
[ 14] [    15950579]   0-None                     (    0)
[ 15] [    15960520]   0-None                     (    0)
[ 16] [    15970456]   0-None                     (    0)
[ 17] [    15980389]   0-None                     (    0)
[ 18] [    15990347]   0-None                     (    0)
[ 19] [    16000269]   0-None                     (    0)
[ 20] [    16010206]   0-None                     (    0)
[ 21] [    16020138]   0-None                     (    0)
[ 22] [    16030077]   0-None                     (    0)
[ 23] [    16040015]   0-None                     (    0)
[ 24] [    16049952]   0-None                     (    0)
[ 25] [    16059890]   0-None                     (    0)
[ 26] [    16069827]   0-None                     (    0)
[ 27] [    16079765]   0-None                     (    0)
[ 28] [    16089702]   0-None                     (    0)
[ 29] [    16099641]   0-None                     (    0)
[ 30] [    16109578]   0-None                     (    0)
[ 31] [    16119517]   0-None                     (    0)
[ 32] [    16129453]   0-None                     (    0)
[ 33] [    16139391]   0-None                     (    0)
[ 34] [    16149328]   0-None                     (    0)
[ 35] [    16159281]   0-None                     (    0)
[ 36] [    16169224]   0-None                     (    0)
[ 37] [    16179160]   0-None                     (    0)
[ 38] [    16189116]   0-None                     (    0)
[ 39] [    16199058]   0-None                     (    0)
[ 40] [    16208995]   0-None                     (    0)
[ 41] [    16218928]   0-None                     (    0)
[ 42] [    16228871]   0-None                     (    0)
[ 43] [    16238805]   0-None                     (    0)
[ 44] [    16248742]   0-None                     (    0)
[ 45] [    16258696]   0-None                     (    0)
[ 46] [    16268636]   0-None                     (    0)
[ 47] [    16278574]   0-None                     (    0)
[ 48] [    16288512]   0-None                     (    0)
[ 49] [    16298449]   0-None                     (    0)
[ 50] [    16308387]   0-None                     (    0)
[ 51] [    16318344]   0-None                     (    0)
[ 52] [    16328280]   0-None                     (    0)
[ 53] [    16338201]   0-None                     (    0)
[ 54] [    16348155]   0-None                     (    0)
[ 55] [    16358096]   0-None                     (    0)
[ 56] [    16368032]   0-None                     (    0)
[ 57] [    16377968]   0-None                     (    0)
[ 58] [    16387904]   0-None                     (    0)
[ 59] [    16397860]   0-None                     (    0)
[ 60] [    16407800]   0-None                     (    0)
[ 61] [    16417738]   0-None                     (    0)
[ 62] [    16427678]   0-None                     (    0)
[ 63] [    16437613]   0-None                     (    0)
[ 64] [    16447553]   0-None                     (    0)
[ 65] [    16457490]   0-None                     (    0)
[ 66] [    16467443]   0-None                     (    0)
[ 67] [    16477382]   0-None                     (    0)
[ 68] [    16487320]   0-None                     (    0)
[ 69] [    16497259]   0-None                     (    0)
[ 70] [    16507196]   0-None                     (    0)
[ 71] [    16517155]   0-None                     (    0)
[ 72] [    16527091]   0-None                     (    0)
[ 73] [    16537035]   0-None                     (    0)
[ 74] [    16546968]   0-None                     (    0)
[ 75] [    16556925]   0-None                     (    0)
[ 76] [    16566842]   0-None                     (    0)
[ 77] [    16576798]   0-None                     (    0)
[ 78] [    16586721]   0-None                     (    0)
[ 79] [    16596658]   0-None                     (    0)
[ 80] [    16606613]   0-None                     (    0)
[ 81] [    16616547]   0-None                     (    0)
[ 82] [    16626487]   0-None                     (    0)
[ 83] [    16636422]   0-None                     (    0)
[ 84] [    16646363]   0-None                     (    0)
[ 85] [    16656296]   0-None                     (    0)
[ 86] [    16666237]   0-None                     (    0)
[ 87] [    16676191]   0-None                     (    0)
[ 88] [    16686130]   0-None                     (    0)
[ 89] [    16696068]   0-None                     (    0)
[ 90] [    16706008]   0-None                     (    0)
[ 91] [    16715939]   0-None                     (    0)
[ 92] [    16725879]   0-None                     (    0)
[ 93] [    16735817]   0-None                     (    0)
[ 94] [    16745757]   0-None                     (    0)
[ 95] [    16755712]   0-None                     (    0)
[ 96] [    16765634]   0-None                     (    0)
[ 97] [    16775583]   0-None                     (    0)
[ 98] [    16785528]   0-None                     (    0)
[ 99] [    16795463]   0-None                     (    0)
[100] [    16805399]   0-None                     (    0)
[101] [    16815340]   0-None                     (    0)
[102] [    16825275]   0-None                     (    0)
[103] [    16835211]   0-None                     (    0)
[104] [    16845148]   0-None                     (    0)
[105] [    16855089]   0-None                     (    0)
[106] [    16865025]   0-None                     (    0)
[107] [    16874961]   0-None                     (    0)
[108] [    16884898]   0-None                     (    0)
[109] [    16894839]   0-None                     (    0)
[110] [    16904795]   0-None                     (    0)
[111] [    16914732]   0-None                     (    0)
[112] [    16924667]   0-None                     (    0)
[113] [    16934609]   0-None                     (    0)
[114] [    16944542]   0-None                     (    0)
[115] [    16954483]   0-None                     (    0)
[116] [    16964417]   0-None                     (    0)
[117] [    16974358]   0-None                     (    0)
[118] [    16984292]   0-None                     (    0)
[119] [    16994233]   0-None                     (    0)
[120] [    17004186]   0-None                     (    0)
[121] [    17014125]   0-None                     (    0)
[122] [    17024065]   0-None                     (    0)
[123] [    17034003]   0-None                     (    0)
[124] [    17043920]   0-None                     (    0)
[125] [    17053856]   0-None                     (    0)
[126] [    17063810]   0-None                     (    0)
[127] [    17073732]   0-None                     (    0)
[128] [    17083665]   0-None                     (    0)
[129] [    17093606]   0-None                     (    0)
[130] [    17103540]   0-None                     (    0)
[131] [    17113481]   0-None                     (    0)
[132] [    17123415]   0-None                     (    0)
[133] [    17133336]   0-None                     (    0)
[134] [    17143271]   0-None                     (    0)
[135] [    17153207]   0-None                     (    0)
[136] [    17163144]   0-None                     (    0)
[137] [    17173085]   0-None                     (    0)
[138] [    17183021]   0-None                     (    0)
[139] [    17192936]   0-None                     (    0)
[140] [    17202874]   0-None                     (    0)
[141] [    17212811]   0-None                     (    0)
[142] [    17222749]   0-None                     (    0)
[143] [    17232666]   0-None                     (    0)
[144] [    17242604]   0-None                     (    0)
[145] [    17252538]   0-None                     (    0)
[146] [    17262459]   0-None                     (    0)
[147] [    17272395]   0-None                     (    0)
[148] [    17282330]   0-None                     (    0)
[149] [    17292245]   0-None                     (    0)
[150] [    17302184]   0-None                     (    0)
[151] [    17312102]   0-None                     (    0)
[152] [    17322042]   0-None                     (    0)
[153] [    17331977]   0-None                     (    0)
[154] [    17341898]   0-None                     (    0)
[155] [    17351830]   0-None                     (    0)
[156] [    17361766]   0-None                     (    0)
[157] [    17371687]   0-None                     (    0)
[158] [    17381642]   0-None                     (    0)
[159] [    17391579]   0-None                     (    0)
[160] [    17401516]   0-None                     (    0)
[161] [    17411457]   0-None                     (    0)
[162] [    17421392]   0-None                     (    0)
[163] [    17431328]   0-None                     (    0)
[164] [    17441243]   0-None                     (    0)
[165] [    17451181]   0-None                     (    0)
[166] [    17461120]   0-None                     (    0)
[167] [    17471058]   0-None                     (    0)
[168] [    17480995]   0-None                     (    0)
[169] [    17490932]   0-None                     (    0)
[170] [    17500870]   0-None                     (    0)
[171] [    17510807]   0-None                     (    0)
[172] [    17520745]   0-None                     (    0)
[173] [    17530682]   0-None                     (    0)
[174] [    17540620]   0-None                     (    0)
[175] [    17550557]   0-None                     (    0)
[176] [    17560495]   0-None                     (    0)
[177] [    17570432]   0-None                     (    0)
[178] [    17580369]   0-None                     (    0)
[179] [    17590306]   0-None                     (    0)
[180] [    17600244]   0-None                     (    0)
[181] [    17610182]   0-None                     (    0)
[182] [    17620123]   0-None                     (    0)
[183] [    17630053]   0-None                     (    0)
[184] [    17639999]   0-None                     (    0)
[185] [    17649929]   0-None                     (    0)
[186] [    17659868]   0-None                     (    0)
[187] [    17669784]   0-None                     (    0)
[188] [    17679726]   0-None                     (    0)
[189] [    17689659]   0-None                     (    0)
[190] [    17699577]   0-None                     (    0)
[191] [    17709513]   0-None                     (    0)
[192] [    17719449]   0-None                     (    0)
[193] [    17729386]   0-None                     (    0)
[194] [    17739327]   0-None                     (    0)
[195] [    17749263]   0-None                     (    0)
[196] [    17759199]   0-None                     (    0)
[197] [    17769136]   0-None                     (    0)
[198] [    17779077]   0-None                     (    0)
[199] [    17789012]   0-None                     (    0)
[200] [    17798968]   0-None                     (    0)
[201] [    17808891]   0-None                     (    0)
[202] [    17818846]   0-None                     (    0)
[203] [    17828800]   0-None                     (    0)
[204] [    17838740]   0-None                     (    0)
[205] [    17848678]   0-None                     (    0)
[206] [    17858616]   0-None                     (    0)
[207] [    17868553]   0-None                     (    0)
[208] [    17878491]   0-None                     (    0)
[209] [    17888428]   0-None                     (    0)
[210] [    17898368]   0-None                     (    0)
[211] [    17908305]   0-None                     (    0)
[212] [    17918239]   0-None                     (    0)
[213] [    17928177]   0-None                     (    0)
[214] [    17938116]   0-None                     (    0)
[215] [    17948054]   0-None                     (    0)
[216] [    17957992]   0-None                     (    0)
[217] [    17967928]   0-None                     (    0)
[218] [    17977866]   0-None                     (    0)
[219] [    17987802]   0-None                     (    0)
[220] [    17997743]   0-None                     (    0)
[221] [    18007672]   0-None                     (    0)
[222] [    18017611]   0-None                     (    0)
[223] [    18027549]   0-None                     (    0)
[224] [    18037487]   0-None                     (    0)
[225] [    18047425]   0-None                     (    0)
[226] [    18057342]   0-None                     (    0)
[227] [    18067276]   0-None                     (    0)
[228] [    18077218]   0-None                     (    0)
[229] [    18087152]   0-None                     (    0)
[230] [    18097093]   0-None                     (    0)
[231] [    18107026]   0-None                     (    0)
[232] [    18116947]   0-None                     (    0)
[233] [    18126883]   0-None                     (    0)
[234] [    18136819]   0-None                     (    0)
[235] [    18146755]   0-None                     (    0)
[236] [    18156696]   0-None                     (    0)
[237] [    18166632]   0-None                     (    0)
[238] [    18176566]   0-None                     (    0)
[239] [    18186510]   0-None                     (    0)
[240] [    18196446]   0-None                     (    0)
[241] [    18206382]   0-None                     (    0)
[242] [    18216318]   0-None                     (    0)
[243] [    18226254]   0-None                     (    0)
[244] [    18236170]   0-None                     (    0)
[245] [    18246109]   0-None                     (    0)
[246] [    18256048]   0-None                     (    0)
[247] [    18265986]   0-None                     (    0)
[248] [    18275922]   0-None                     (    0)
[249] [    18285861]   0-None                     (    0)
[250] [    18295798]   0-None                     (    0)
[251] [    18305718]   0-None                     (    0)
[252] [    18315652]   0-None                     (    0)
[253] [    18325589]   0-None                     (    0)
[254] [    18335523]   0-None                     (    0)
[255] [    18345464]   0-None                     (    0)
[  0] [    18355398]   0-None                     (    0)
[  1] [    18365339]   0-None                     (    0)
[  2] [    18375273]   0-None                     (    0)
[  3] [    18385194]   0-None                     (    0)
[  4] [    18395129]   0-None                     (    0)
[  5] [    18405065]   0-None                     (    0)
[  6] [    18415009]   0-None                     (    0)
[  7] [    18424943]   0-None                     (    0)
[  8] [    18434879]   0-None                     (    0)
[  9] [    18444814]   0-None                     (    0)
[ 10] [    18454751]   0-None                     (    0)
[ 11] [    18464692]   0-None                     (    0)
[ 12] [    18474628]   0-None                     (    0)
[ 13] [    18484564]   0-None                     (    0)
[ 14] [    18494501]   0-None                     (    0)
[ 15] [    18504442]   0-None                     (    0)
[ 16] [    18514378]   0-None                     (    0)
[ 17] [    18524313]   0-None                     (    0)
[ 18] [    18534270]   0-None                     (    0)
[ 19] [    18544193]   0-None                     (    0)
[ 20] [    18554128]   0-None                     (    0)
[ 21] [    18564085]   0-None                     (    0)
[ 22] [    18574007]   0-None                     (    0)
[ 23] [    18583941]   0-None                     (    0)
[ 24] [    18593875]   0-None                     (    0)
[ 25] [    18603808]   0-None                     (    0)
[ 26] [    18613733]   0-None                     (    0)
[ 27] [    18623670]   0-None                     (    0)
[ 28] [    18633603]   0-None                     (    0)
[ 29] [    18643522]   0-None                     (    0)
[ 30] [    18653459]   0-None                     (    0)
[ 31] [    18663393]   0-None                     (    0)
[ 32] [    18673335]   0-None                     (    0)
[ 33] [    18683268]   0-None                     (    0)
[ 34] [    18693189]   0-None                     (    0)
[ 35] [    18703146]   0-None                     (    0)
[ 36] [    18713084]   0-None                     (    0)
[ 37] [    18723018]   0-None                     (    0)
[ 38] [    18732959]   0-None                     (    0)
[ 39] [    18742913]   0-None                     (    0)
[ 40] [    18752852]   0-None                     (    0)
[ 41] [    18762790]   0-None                     (    0)
[ 42] [    18772749]   0-None                     (    0)
[ 43] [    18782685]   0-None                     (    0)
[ 44] [    18792642]   0-None                     (    0)
[ 45] [    18802603]   0-None                     (    0)
[ 46] [    18812540]   0-None                     (    0)
[ 47] [    18822477]   0-None                     (    0)
[ 48] [    18832435]   0-None                     (    0)
[ 49] [    18842391]   0-None                     (    0)
[ 50] [    18852315]   0-None                     (    0)
[ 51] [    18862270]   0-None                     (    0)
[ 52] [    18872207]   0-None                     (    0)
[ 53] [    18882140]   0-None                     (    0)
[ 54] [    18892084]   0-None                     (    0)
[ 55] [    18902019]   0-None                     (    0)
[ 56] [    18911960]   0-None                     (    0)
[ 57] [    18921893]   0-None                     (    0)
[ 58] [    18931831]   0-None                     (    0)
[ 59] [    18941765]   0-None                     (    0)
[ 60] [    18951706]   0-None                     (    0)
[ 61] [    18961640]   0-None                     (    0)
[ 62] [    18971582]   0-None                     (    0)
[ 63] [    18981515]   0-None                     (    0)
[ 64] [    18991456]   0-None                     (    0)
[ 65] [    19001389]   0-None                     (    0)
[ 66] [    19011330]   0-None                     (    0)
[ 67] [    19021264]   0-None                     (    0)
[ 68] [    19031205]   0-None                     (    0)
[ 69] [    19041159]   0-None                     (    0)
[ 70] [    19051098]   0-None                     (    0)
[ 71] [    19061036]   0-None                     (    0)
[ 72] [    19070973]   0-None                     (    0)
[ 73] [    19080911]   0-None                     (    0)
[ 74] [    19090848]   0-None                     (    0)
[ 75] [    19100786]   0-None                     (    0)
[ 76] [    19110704]   0-None                     (    0)
[ 77] [    19120638]   0-None                     (    0)
[ 78] [    19130579]   0-None                     (    0)
[ 79] [    19140513]   0-None                     (    0)
[ 80] [    19150455]   0-None                     (    0)
[ 81] [    19160387]   0-None                     (    0)
[ 82] [    19170330]   0-None                     (    0)
[ 83] [    19180282]   0-None                     (    0)
[ 84] [    19190222]   0-None                     (    0)
[ 85] [    19200158]   0-None                     (    0)
[ 86] [    19210098]   0-None                     (    0)
[ 87] [    19220034]   0-None                     (    0)
[ 88] [    19229973]   0-None                     (    0)
[ 89] [    19239911]   0-None                     (    0)
[ 90] [    19249844]   0-None                     (    0)
[ 91] [    19259782]   0-None                     (    0)
[ 92] [    19269721]   0-None                     (    0)
[ 93] [    19279658]   0-None                     (    0)
[ 94] [    19289596]   0-None                     (    0)
[ 95] [    19299533]   0-None                     (    0)
[ 96] [    19309471]   0-None                     (    0)
[ 97] [    19319428]   0-None                     (    0)
[ 98] [    19329365]   0-None                     (    0)
[ 99] [    19339306]   0-None                     (    0)
[100] [    19349242]   0-None                     (    0)
[101] [    19359179]   0-None                     (    0)
[102] [    19369114]   0-None                     (    0)
[103] [    19379076]   0-None                     (    0)
[104] [    19389009]   0-None                     (    0)
[105] [    19398950]   0-None                     (    0)
[106] [    19408884]   0-None                     (    0)
[107] [    19418824]   0-None                     (    0)
[108] [    19428759]   0-None                     (    0)
[109] [    19438700]   0-None                     (    0)
[110] [    19448653]   0-None                     (    0)
[111] [    19458595]   0-None                     (    0)
[112] [    19468533]   0-None                     (    0)
[113] [    19478472]   0-None                     (    0)
[114] [    19488403]   0-None                     (    0)
[115] [    19498342]   0-None                     (    0)
[116] [    19508277]   0-None                     (    0)
[117] [    19518217]   0-None                     (    0)
[118] [    19528153]   0-None                     (    0)
[119] [    19538071]   0-None                     (    0)
[120] [    19548013]   0-None                     (    0)
[121] [    19557949]   0-None                     (    0)
[122] [    19567882]   0-None                     (    0)
[123] [    19577803]   0-None                     (    0)
[124] [    19587738]   0-None                     (    0)
[125] [    19597674]   0-None                     (    0)
[126] [    19607631]   0-None                     (    0)
[127] [    19617552]   0-None                     (    0)
[128] [    19627487]   0-None                     (    0)
[129] [    19637443]   0-None                     (    0)
[130] [    19647365]   0-None                     (    0)
[131] [    19657301]   0-None                     (    0)
[132] [    19667237]   0-None                     (    0)
[133] [    19677193]   0-None                     (    0)
[134] [    19687115]   0-None                     (    0)
[135] [    19697051]   0-None                     (    0)
[136] [    19706986]   0-None                     (    0)
[137] [    19716922]   0-None                     (    0)
[138] [    19726859]   0-None                     (    0)
[139] [    19736800]   0-None                     (    0)
[140] [    19746736]   0-None                     (    0)
[141] [    19756672]   0-None                     (    0)
[142] [    19766609]   0-None                     (    0)
[143] [    19776564]   0-None                     (    0)
[144] [    19786505]   0-None                     (    0)
[145] [    19796446]   0-None                     (    0)
[146] [    19806380]   0-None                     (    0)
[147] [    19816315]   0-None                     (    0)
[148] [    19826254]   0-None                     (    0)
[149] [    19836191]   0-None                     (    0)
[150] [    19846133]   0-None                     (    0)
[151] [    19856070]   0-None                     (    0)
[152] [    19866003]   0-None                     (    0)
[153] [    19875946]   0-None                     (    0)
[154] [    19885881]   0-None                     (    0)
[155] [    19895819]   0-None                     (    0)
[156] [    19905752]   0-None                     (    0)
[157] [    19915693]   0-None                     (    0)
[158] [    19925627]   0-None                     (    0)
[159] [    19935568]   0-None                     (    0)
[160] [    19945502]   0-None                     (    0)
[161] [    19955443]   0-None                     (    0)
[162] [    19965376]   0-None                     (    0)
[163] [    19975297]   0-None                     (    0)
[164] [    19985253]   0-None                     (    0)
[165] [    19995191]   0-None                     (    0)
[166] [    20005126]   0-None                     (    0)
[167] [    20015047]   0-None                     (    0)
[168] [    20024983]   0-None                     (    0)
[169] [    20034920]   0-None                     (    0)
[170] [    20044856]   0-None                     (    0)
[171] [    20054791]   0-None                     (    0)
[172] [    20064734]   0-None                     (    0)
[173] [    20074671]   0-None                     (    0)
[174] [    20084606]   0-None                     (    0)
[175] [    20094543]   0-None                     (    0)
[176] [    20104482]   0-None                     (    0)
[177] [    20114395]   0-None                     (    0)
[178] [    20124335]   0-None                     (    0)
[179] [    20134272]   0-None                     (    0)
[180] [    20144192]   0-None                     (    0)
[181] [    20154125]   0-None                     (    0)
[182] [    20164047]   0-None                     (    0)
[183] [    20173984]   0-None                     (    0)
[184] [    20183919]   0-None                     (    0)
[185] [    20193855]   0-None                     (    0)
[186] [    20203791]   0-None                     (    0)
[187] [    20213727]   0-None                     (    0)
[188] [    20223668]   0-None                     (    0)
[189] [    20233625]   0-None                     (    0)
[190] [    20243563]   0-None                     (    0)
[191] [    20253498]   0-None                     (    0)
[192] [    20263439]   0-None                     (    0)
[193] [    20273372]   0-None                     (    0)
[194] [    20283313]   0-None                     (    0)
[195] [    20293246]   0-None                     (    0)
[196] [    20303188]   0-None                     (    0)
[197] [    20313121]   0-None                     (    0)
[198] [    20323082]   0-None                     (    0)
[199] [    20333019]   0-None                     (    0)
[200] [    20342957]   0-None                     (    0)
[201] [    20352895]   0-None                     (    0)
[202] [    20362835]   0-None                     (    0)
[203] [    20372772]   0-None                     (    0)
[204] [    20382706]   0-None                     (    0)
[205] [    20392645]   0-None                     (    0)
[206] [    20402585]   0-None                     (    0)
[207] [    20412537]   0-None                     (    0)
[208] [    20422481]   0-None                     (    0)
[209] [    20432416]   0-None                     (    0)
[210] [    20442351]   0-None                     (    0)
[211] [    20452286]   0-None                     (    0)
[212] [    20462224]   0-None                     (    0)
[213] [    20472165]   0-None                     (    0)
[214] [    20482101]   0-None                     (    0)
[215] [    20492037]   0-None                     (    0)
[216] [    20501981]   0-None                     (    0)
[217] [    20511915]   0-None                     (    0)
[218] [    20521871]   0-None                     (    0)
[219] [    20531808]   0-None                     (    0)
[220] [    20541762]   0-None                     (    0)
[221] [    20551702]   0-None                     (    0)
[222] [    20561639]   0-None                     (    0)
[223] [    20571578]   0-None                     (    0)
[224] [    20581535]   0-None                     (    0)
