[101] [     9183026] 1 | True  True 00 ( 1404, 1040)   6  1118  1768
[102] [     9192965] 1 | True  True 00 ( 1404, 1040)   5  1069  1616
[103] [     9202905] 1 | True  True 00 ( 1398, 1039)   4  1041  1416
[104] [     9212863] 1 | True  True 00 ( 1387, 1038)   5  1112  1640
[105] [     9222807] 1 | True  True 00 ( 1375, 1036)   4  1097  1852
[106] [     9232739] 1 | True  True 00 ( 1360, 1034)   5  1132  1852
[107] [     9242695] 1 | True  True 00 ( 1340, 1031)   6  1146  1664
[108] [     9252634] 1 | True  True 00 ( 1318, 1028)   6  1078  1288
[109] [     9262554] 1 | True  True 00 ( 1292, 1023)   4  1038  1132
[110] [     9272509] 1 | True  True 00 ( 1267, 1018)   5  1084  1392
[111] [     9282435] 1 | True  True 00 ( 1244, 1011)   6  1072  1536
[112] [     9292380] 1 | True  True 00 ( 1225, 1002)   6  1090  1848
[113] [     9302317] 1 | True  True 00 ( 1205,  990)   5  1043  1680
[114] [     9312273] 1 | True  True 00 ( 1184,  978)   5   988  1560
[115] [     9322211] 1 | True  True 00 ( 1160,  963)   6  1021  1228
[116] [     9332152] 1 | True  True 00 ( 1137,  946)   4   995  1376
[117] [     9342088] 1 | True  True 00 ( 1116,  930)   5  1003  1336
[118] [     9352021] 1 | True  True 00 ( 1099,  915)   4   960  1304
[119] [     9361958] 1 | True  True 00 ( 1084,  898)   6   947  1508
[120] [     9371898] 1 | True  True 00 ( 1071,  880)   5   903  1636
[121] [     9381835] 1 | True  True 00 ( 1060,  860)   7  1024  1528
[122] [     9391769] 1 | True  True 00 ( 1048,  842)   6   974  1452
[123] [     9401714] 1 | True  True 00 ( 1034,  820)   6   999  1252
[124] [     9411649] 1 | True  True 00 ( 1017,  799)   5   880  1184
[125] [     9421584] 1 | True  True 00 ( 1003,  778)   7  1035  1080
[126] [     9431525] 1 | True  True 00 (  991,  756)   7  1012  1284
[127] [     9441462] 1 | True  True 00 (  980,  730)   4   856  1260
[128] [     9451396] 1 | True  True 00 (  971,  704)   5   962  1200
[129] [     9461334] 1 | True  True 00 (  965,  681)   4   892   996
[130] [     9471268] 1 | True  True 00 (  960,  658)   6  1018  1292
[131] [     9481210] 1 | True  True 00 (  959,  633)   7  1028  1412
[132] [     9491164] 1 | True  True 00 (  957,  607)   6  1029  1412
[133] [     9501103] 1 | True  True 00 (  955,  580)   4   908  1132
[134] [     9511041] 1 | True  True 00 (  956,  556)   4   901  1004
[135] [     9520979] 1 | True  True 00 (  956,  534)   4   883  1172
[136] [     9530936] 1 | True  True 00 (  959,  511)   7  1063  1276
[137] [     9540872] 1 | True  True 00 (  965,  487)   6   934  1404
[138] [     9550813] 1 | True  True 00 (  972,  462)   5   917  1504
[139] [     9560749] 1 | True  True 00 (  981,  440)   6   947  1404
[140] [     9570685] 1 | True  True 00 (  992,  418)   7  1040  1384
[141] [     9580622] 1 | True  True 00 ( 1006,  397)   6   955  1624
[142] [     9590556] 1 | True  True 00 ( 1019,  375)   5   933  1784
[143] [     9600479] 1 | True  True 00 ( 1031,  353)   6  1002  1764
[144] [     9610416] 1 | True  True 00 ( 1043,  330)   5   958  1504
[145] [     9620372] 1 | True  True 00 ( 1055,  309)   5   929  1060
[146] [     9630305] 1 | True  True 00 ( 1070,  290)   6   995   992
[147] [     9640229] 1 | True  True 00 ( 1087,  271)   6  1014  1208
[148] [     9650167] 1 | True  True 00 ( 1108,  254)   6  1057  1440
[149] [     9660102] 1 | True  True 00 ( 1132,  238)   7  1054  1656
[150] [     9670041] 1 | True  True 00 ( 1155,  223)   7  1101  1676
[151] [     9679981] 1 | True  True 00 ( 1176,  209)   6  1108  1596
[152] [     9689912] 1 | True  True 00 ( 1193,  196)   5  1008  1364
[153] [     9699852] 1 | True  True 00 ( 1214,  185)   7  1152  1716
[154] [     9709770] 1 | True  True 00 ( 1238,  174)   7  1156  1952
[155] [     9719706] 1 | True  True 00 ( 1264,  165)   4  1072  2000
[156] [     9729646] 1 | True  True 00 ( 1287,  157)   4  1094  1788
[157] [     9739583] 1 | True  True 00 ( 1310,  150)   5  1232  1552
[158] [     9749516] 1 | True  True 00 ( 1331,  145)   4  1139  1428
[159] [     9759439] 1 | True  True 00 ( 1352,  143)   5  1137  1612
[160] [     9769375] 1 | True  True 00 ( 1378,  142)   6  1228  1976
[161] [     9779310] 1 | True  True 00 ( 1402,  140)   5  1202  1924
[162] [     9789246] 1 | True  True 00 ( 1425,  139)   4  1110  1716
[163] [     9799182] 1 | True  True 00 ( 1448,  139)   4  1144  1508
[164] [     9809126] 1 | True  True 00 ( 1469,  141)   6  1219  1584
[165] [     9819060] 1 | True  True 00 ( 1494,  145)   6  1227  1960
[166] [     9828995] 1 | True  True 00 ( 1523,  150)   6  1219  2188
[167] [     9838931] 1 | True  True 00 ( 1549,  156)   6  1243  2164
[168] [     9848868] 1 | True  True 00 ( 1571,  165)   6  1210  2112
[169] [     9858809] 1 | True  True 00 ( 1590,  175)   6  1166  1712
[170] [     9868745] 1 | True  True 00 ( 1610,  187)   6  1159  1496
[171] [     9878681] 1 | True  True 00 ( 1630,  199)   7  1218  1616
[172] [     9888618] 1 | True  True 00 ( 1656,  214)   6  1084  1496
[173] [     9898559] 1 | True  True 00 ( 1679,  228)   5  1083  1648
[174] [     9908494] 1 | True  True 00 ( 1699,  242)   4  1055  1816
[175] [     9918450] 1 | True  True 00 ( 1716,  256)   6  1089  1752
[176] [     9928372] 1 | True  True 00 ( 1732,  273)   6  1105  1624
[177] [     9938308] 1 | True  True 00 ( 1747,  295)   5  1039  1324
[178] [     9948265] 1 | True  True 00 ( 1760,  317)   6  1117  1324
[179] [     9958202] 1 | True  True 00 ( 1775,  336)   6  1134  1324
[180] [     9968142] 1 | True  True 00 ( 1787,  355)   6  1060  1444
[181] [     9978077] 1 | True  True 00 ( 1800,  374)   6  1053  1776
[182] [     9988036] 1 | True  True 00 ( 1812,  397)   5   986  1632
[183] [     9997975] 1 | True  True 00 ( 1821,  422)   7  1120  1608
[184] [    10007925] 1 | True  True 00 ( 1831,  447)   6  1140  1548
[185] [    10017868] 1 | True  True 00 ( 1840,  471)   5  1035  1860
[186] [    10027806] 1 | True  True 00 ( 1847,  495)   7  1147  2040
[187] [    10037743] 1 | True  True 00 ( 1850,  520)   5  1029  1928
[188] [    10047699] 1 | True  True 00 ( 1854,  546)   6  1082  1772
[189] [    10057620] 1 | True  True 00 ( 1855,  572)   5  1055  1616
[190] [    10067576] 1 | True  True 00 ( 1855,  597)   5  1082  1932
[191] [    10077511] 1 | True  True 00 ( 1854,  620)   6  1078  2064
[192] [    10087452] 1 | True  True 00 ( 1853,  644)   5  1068  1908
[193] [    10097385] 1 | True  True 00 ( 1849,  670)   6  1087  1796
[194] [    10107326] 1 | True  True 00 ( 1843,  694)   6  1021  1532
[195] [    10117279] 1 | True  True 00 ( 1835,  718)   6  1109  1468
[196] [    10127219] 1 | True  True 00 ( 1824,  739)   5   986  1300
[197] [    10137157] 1 | True  True 00 ( 1814,  764)   7  1102  1404
[198] [    10147095] 1 | True  True 00 ( 1803,  786)   6  1115  1464
[199] [    10157053] 1 | True  True 00 ( 1789,  810)   4   905  1444
[200] [    10166989] 1 | True  True 00 ( 1776,  833)   4   956  1296
[201] [    10176923] 1 | True  True 00 ( 1766,  852)   4  1053  1596
[202] [    10186867] 1 | True  True 00 ( 1755,  870)   6   998  1636
[203] [    10196805] 1 | True  True 00 ( 1737,  889)   7  1094  1760
[204] [    10206740] 1 | True  True 00 ( 1719,  907)   6  1044  1552
[205] [    10216676] 1 | True  True 00 ( 1697,  926)   6  1003  1292
[206] [    10226613] 1 | True  True 00 ( 1676,  942)   7  1154  1548
[207] [    10236554] 1 | True  True 00 ( 1655,  960)   4   975  1592
[208] [    10246511] 1 | True  True 00 ( 1638,  974)   5  1122  1732
[209] [    10256448] 1 | True  True 00 ( 1619,  985)   7  1246  1616
[210] [    10266382] 1 | True  True 00 ( 1596,  995)   6  1143  1500
[211] [    10276325] 1 | True  True 00 ( 1572, 1004)   5  1131  1332
[212] [    10286256] 1 | True  True 00 ( 1548, 1012)   4  1102  1492
[213] [    10296198] 1 | True  True 00 ( 1526, 1018)   4  1148  1868
[214] [    10306140] 1 | True  True 00 ( 1506, 1021)   6  1239  1996
[215] [    10316073] 1 | True  True 00 ( 1486, 1025)   6  1076  1868
[216] [    10326026] 1 | True  True 00 ( 1460, 1028)   5  1034  1568
[217] [    10335946] 1 | True  True 00 ( 1432, 1030)   4  1031  1312
[218] [    10345888] 1 | True  True 00 ( 1407, 1030)   4  1119  1596
[219] [    10355844] 1 | True  True 00 ( 1385, 1029)   4  1129  1784
[220] [    10365783] 1 | True  True 00 ( 1364, 1027)   6  1180  1804
[221] [    10375715] 1 | True  True 00 ( 1338, 1026)   6  1091  1596
[222] [    10385653] 1 | True  True 00 ( 1314, 1023)   6  1153  1264
[223] [    10395591] 1 | True  True 00 ( 1289, 1020)   6  1115   996
[224] [    10405529] 1 | True  True 00 ( 1266, 1015)   5  1058  1308
[225] [    10415466] 1 | True  True 00 ( 1245, 1009)   6  1128  1680
[226] [    10425404] 1 | True  True 00 ( 1226, 1000)   7  1117  1808
[227] [    10435341] 1 | True  True 00 ( 1208,  989)   6  1055  1704
[228] [    10445278] 1 | True  True 00 ( 1182,  974)   6  1018  1392
[229] [    10455216] 1 | True  True 00 ( 1155,  959)   6  1004  1244
[230] [    10465153] 1 | True  True 00 ( 1133,  943)   4  1001  1472
[231] [    10475091] 1 | True  True 00 ( 1114,  928)   4   951  1256
[232] [    10485028] 1 | True  True 00 ( 1099,  913)   5  1038  1344
[233] [    10494965] 1 | True  True 00 ( 1085,  898)   5   902  1528
[234] [    10504922] 1 | True  True 00 ( 1068,  878)   5   853  1544
[235] [    10514859] 1 | True  True 00 ( 1052,  856)   5   900  1508
[236] [    10524800] 1 | True  True 00 ( 1036,  834)   5   873  1360
[237] [    10534736] 1 | True  True 00 ( 1020,  813)   5   891  1120
[238] [    10544675] 1 | True  True 00 ( 1007,  794)   6   990  1068
[239] [    10554611] 1 | True  True 00 (  995,  773)   6   971  1124
[240] [    10564546] 1 | True  True 00 (  985,  752)   7  1026  1220
[241] [    10574490] 1 | True  True 00 (  976,  727)   5   915  1280
[242] [    10584437] 1 | True  True 00 (  969,  702)   4   930  1120
[243] [    10594378] 1 | True  True 00 (  964,  679)   4   877   996
[244] [    10604321] 1 | True  True 00 (  961,  655)   5   947  1332
[245] [    10614275] 1 | True  True 00 (  960,  628)   7  1033  1292
[246] [    10624215] 1 | True  True 00 (  959,  602)   6   999  1312
[247] [    10634151] 1 | True  True 00 (  957,  576)   4   893  1112
[248] [    10644093] 1 | True  True 00 (  957,  553)   4   926   984
[249] [    10654022] 1 | True  True 00 (  959,  532)   5   893  1104
[250] [    10663960] 1 | True  True 00 (  962,  509)   5   914  1284
[251] [    10673899] 1 | True  True 00 (  966,  485)   6   979  1384
[252] [    10683837] 1 | True  True 00 (  973,  460)   5   915  1424
[253] [    10693775] 1 | True  True 00 (  982,  438)   6   961  1324
[254] [    10703713] 1 | True  True 00 (  992,  416)   7  1100  1464
[255] [    10713652] 1 | True  True 00 ( 1003,  392)   5   900  1664
[  0] [    10723607] 1 | True  True 00 ( 1014,  369)   6   997  1844
[  1] [    10733540] 1 | True  True 00 ( 1027,  348)   5   907  1704
[  2] [    10743485] 1 | True  True 00 ( 1041,  325)   4   928  1444
[  3] [    10753421] 1 | True  True 00 ( 1055,  305)   4   945  1120
[  4] [    10763377] 1 | True  True 00 ( 1071,  288)   6   981  1056
[  5] [    10773320] 1 | True  True 00 ( 1092,  269)   7  1076  1208
[  6] [    10783254] 1 | True  True 00 ( 1113,  251)   6  1030  1536
[  7] [    10793211] 1 | True  True 00 ( 1134,  236)   6  1066  1792
[  8] [    10803149] 1 | True  True 00 ( 1157,  221)   7  1099  1676
[  9] [    10813108] 1 | True  True 00 ( 1177,  206)   6  1063  1520
[ 10] [    10823046] 1 | True  True 00 ( 1196,  195)   5  1056  1436
[ 11] [    10832982] 1 | True  True 00 ( 1215,  183)   6  1051  1528
[ 12] [    10842938] 1 | True  True 00 ( 1239,  172)   7  1155  2000
[ 13] [    10852880] 1 | True  True 00 ( 1264,  163)   5  1103  1952
[ 14] [    10862818] 1 | True  True 00 ( 1287,  155)   4  1138  1836
[ 15] [    10872751] 1 | True  True 00 ( 1309,  148)   4  1124  1504
[ 16] [    10882687] 1 | True  True 00 ( 1329,  143)   4  1126  1376
[ 17] [    10892627] 1 | True  True 00 ( 1353,  140)   6  1229  1740
[ 18] [    10902586] 1 | True  True 00 ( 1380,  139)   6  1256  1844
[ 19] [    10912522] 1 | True  True 00 ( 1406,  138)   4  1177  1948
[ 20] [    10922463] 1 | True  True 00 ( 1429,  138)   4  1193  1844
[ 21] [    10932399] 1 | True  True 00 ( 1451,  140)   4  1104  1428
[ 22] [    10942332] 1 | True  True 00 ( 1474,  142)   5  1129  1636
[ 23] [    10952270] 1 | True  True 00 ( 1499,  146)   7  1252  1988
[ 24] [    10962209] 1 | True  True 00 ( 1523,  151)   6  1169  2112
[ 25] [    10972146] 1 | True  True 00 ( 1548,  156)   6  1233  2188
[ 26] [    10982084] 1 | True  True 00 ( 1571,  165)   6  1187  1988
[ 27] [    10992042] 1 | True  True 00 ( 1591,  175)   6  1202  1608
[ 28] [    11001978] 1 | True  True 00 ( 1611,  186)   6  1164  1520
[ 29] [    11011932] 1 | True  True 00 ( 1633,  199)   7  1158  1544
[ 30] [    11021874] 1 | True  True 00 ( 1653,  214)   6  1089  1520
[ 31] [    11031816] 1 | True  True 00 ( 1677,  229)   6  1183  1752
[ 32] [    11041770] 1 | True  True 00 ( 1698,  243)   4  1028  1712
[ 33] [    11051708] 1 | True  True 00 ( 1717,  257)   7  1179  1712
[ 34] [    11061647] 1 | True  True 00 ( 1734,  275)   7  1227  1648
[ 35] [    11071602] 1 | True  True 00 ( 1749,  298)   5  1077  1308
[ 36] [    11081536] 1 | True  True 00 ( 1761,  319)   5  1084  1372
[ 37] [    11091480] 1 | True  True 00 ( 1774,  339)   5  1077  1296
[ 38] [    11101438] 1 | True  True 00 ( 1787,  358)   7  1164  1568
[ 39] [    11111372] 1 | True  True 00 ( 1800,  377)   6  1061  1692
[ 40] [    11121313] 1 | True  True 00 ( 1811,  400)   6  1053  1716
[ 41] [    11131266] 1 | True  True 00 ( 1822,  425)   7  1110  1608
[ 42] [    11141206] 1 | True  True 00 ( 1832,  450)   5   979  1528
[ 43] [    11151144] 1 | True  True 00 ( 1841,  474)   7  1083  1772
[ 44] [    11161104] 1 | True  True 00 ( 1847,  500)   7  1121  1992
[ 45] [    11171041] 1 | True  True 00 ( 1851,  524)   6  1110  2016
[ 46] [    11180998] 1 | True  True 00 ( 1854,  553)   6  1089  1772
[ 47] [    11190954] 1 | True  True 00 ( 1857,  578)   4   987  1596
[ 48] [    11200894] 1 | True  True 00 ( 1858,  601)   5  1005  1908
[ 49] [    11210852] 1 | True  True 00 ( 1854,  625)   5  1004  1976
[ 50] [    11220786] 1 | True  True 00 ( 1851,  648)   5   942  1864
[ 51] [    11230732] 1 | True  True 00 ( 1847,  673)   7  1135  1664
[ 52] [    11240679] 1 | True  True 00 ( 1841,  698)   6  1020  1376
[ 53] [    11250620] 1 | True  True 00 ( 1833,  721)   7  1165  1404
[ 54] [    11260577] 1 | True  True 00 ( 1823,  742)   6  1077  1404
[ 55] [    11270515] 1 | True  True 00 ( 1812,  764)   7  1098  1296
[ 56] [    11280476] 1 | True  True 00 ( 1800,  789)   7  1124  1444
[ 57] [    11290412] 1 | True  True 00 ( 1788,  813)   4   906  1360
[ 58] [    11300368] 1 | True  True 00 ( 1776,  835)   5  1032  1276
[ 59] [    11310309] 1 | True  True 00 ( 1765,  855)   6  1079  1552
[ 60] [    11320244] 1 | True  True 00 ( 1751,  874)   7  1134  1800
[ 61] [    11330205] 1 | True  True 00 ( 1733,  893)   7  1132  1800
[ 62] [    11340142] 1 | True  True 00 ( 1716,  910)   6  1079  1532
[ 63] [    11350083] 1 | True  True 00 ( 1694,  925)   6  1171  1500
[ 64] [    11360039] 1 | True  True 00 ( 1671,  942)   7  1195  1684
[ 65] [    11369975] 1 | True  True 00 ( 1650,  958)   5  1073  1732
[ 66] [    11379931] 1 | True  True 00 ( 1633,  973)   5  1076  1572
[ 67] [    11389872] 1 | True  True 00 ( 1617,  985)   6  1178  1548
[ 68] [    11399830] 1 | True  True 00 ( 1594,  994)   7  1302  1428
[ 69] [    11409769] 1 | True  True 00 ( 1569, 1002)   6  1215  1284
[ 70] [    11419723] 1 | True  True 00 ( 1544, 1010)   4  1132  1568
[ 71] [    11429680] 1 | True  True 00 ( 1522, 1016)   4  1131  1844
[ 72] [    11439622] 1 | True  True 00 ( 1501, 1021)   5  1092  1996
[ 73] [    11449559] 1 | True  True 00 ( 1478, 1026)   6  1138  1868
[ 74] [    11459513] 1 | True  True 00 ( 1455, 1027)   6  1202  1568
[ 75] [    11469473] 1 | True  True 00 ( 1428, 1028)   4  1053  1336
[ 76] [    11479409] 1 | True  True 00 ( 1403, 1029)   4  1141  1712
[ 77] [    11489366] 1 | True  True 00 ( 1381, 1030)   4  1077  1852
[ 78] [    11499310] 1 | True  True 00 ( 1360, 1030)   5  1059  1804
[ 79] [    11509261] 1 | True  True 00 ( 1335, 1029)   6  1075  1524
[ 80] [    11519201] 1 | True  True 00 ( 1310, 1026)   5  1056  1200
[ 81] [    11529136] 1 | True  True 00 ( 1285, 1020)   5  1138  1204
[ 82] [    11539097] 1 | True  True 00 ( 1260, 1015)   4   976  1372
[ 83] [    11549032] 1 | True  True 00 ( 1239, 1009)   5  1000  1620
[ 84] [    11558975] 1 | True  True 00 ( 1218,  999)   7  1126  1808
[ 85] [    11568931] 1 | True  True 00 ( 1198,  987)   5   954  1620
[ 86] [    11578885] 1 | True  True 00 ( 1176,  973)   6   957  1268
[ 87] [    11588825] 1 | True  True 00 ( 1152,  957)   6  1008  1256
[ 88] [    11598763] 1 | True  True 00 ( 1131,  942)   5   966  1316
[ 89] [    11608722] 1 | True  True 00 ( 1113,  925)   4   937  1180
[ 90] [    11618659] 1 | True  True 00 ( 1097,  909)   5  1039  1508
[ 91] [    11628614] 1 | True  True 00 ( 1084,  892)   6   971  1544
[ 92] [    11638555] 1 | True  True 00 ( 1069,  872)   5   856  1544
[ 93] [    11648489] 1 | True  True 00 ( 1051,  851)   5   898  1528
[ 94] [    11658431] 1 | True  True 00 ( 1039,  830)   6   939  1360
[ 95] [    11668384] 1 | True  True 00 ( 1026,  809)   6  1015  1140
[ 96] [    11678323] 1 | True  True 00 ( 1010,  788)   4   864  1204
[ 97] [    11688281] 1 | True  True 00 (  998,  766)   6   978  1140
[ 98] [    11698218] 1 | True  True 00 (  987,  741)   7  1003  1376
[ 99] [    11708159] 1 | True  True 00 (  977,  716)   5   932  1160
[100] [    11718095] 1 | True  True 00 (  970,  693)   5   947  1080
[101] [    11728051] 1 | True  True 00 (  964,  671)   4   872  1076
[102] [    11737993] 1 | True  True 00 (  960,  648)   5   877  1252
[103] [    11747930] 1 | True  True 00 (  959,  624)   6   993  1312
[104] [    11757863] 1 | True  True 00 (  957,  598)   4   916  1452
[105] [    11767787] 1 | True  True 00 (  956,  572)   4   904  1076
[106] [    11777723] 1 | True  True 00 (  956,  548)   4   922  1084
[107] [    11787658] 1 | True  True 00 (  957,  525)   5   928  1212
[108] [    11797596] 1 | True  True 00 (  961,  501)   7  1009  1304
[109] [    11807531] 1 | True  True 00 (  965,  478)   5   896  1404
[110] [    11817488] 1 | True  True 00 (  970,  456)   5   907  1384
[111] [    11827410] 1 | True  True 00 (  981,  434)   6   948  1324
[112] [    11837348] 1 | True  True 00 (  995,  413)   6   984  1444
[113] [    11847295] 1 | True  True 00 ( 1007,  391)   6   944  1624
[114] [    11857216] 1 | True  True 00 ( 1020,  368)   5   909  1804
[115] [    11867172] 1 | True  True 00 ( 1032,  344)   5   921  1664
[116] [    11877094] 1 | True  True 00 ( 1044,  322)   5   925  1364
[117] [    11887052] 1 | True  True 00 ( 1058,  301)   4   929  1000
[118] [    11896986] 1 | True  True 00 ( 1074,  282)   6  1021  1072
[119] [    11906907] 1 | True  True 00 ( 1094,  266)   7  1065  1244
[120] [    11916843] 1 | True  True 00 ( 1119,  251)   6   988  1500
[121] [    11926778] 1 | True  True 00 ( 1141,  235)   7  1096  1712
[122] [    11936735] 1 | True  True 00 ( 1163,  219)   6  1066  1656
[123] [    11946676] 1 | True  True 00 ( 1183,  204)   5  1026  1440
[124] [    11956610] 1 | True  True 00 ( 1201,  191)   7  1125  1480
[125] [    11966551] 1 | True  True 00 ( 1223,  179)   7  1058  1740
[126] [    11976505] 1 | True  True 00 ( 1248,  168)   7  1220  1976
[127] [    11986445] 1 | True  True 00 ( 1274,  161)   4  1126  2072
[128] [    11996382] 1 | True  True 00 ( 1295,  155)   4  1127  1836
[129] [    12006320] 1 | True  True 00 ( 1314,  149)   4  1143  1552
[130] [    12016257] 1 | True  True 00 ( 1335,  144)   5  1106  1456
[131] [    12026195] 1 | True  True 00 ( 1357,  142)   6  1183  1844
[132] [    12036132] 1 | True  True 00 ( 1383,  141)   5  1139  1976
[133] [    12046070] 1 | True  True 00 ( 1409,  141)   5  1216  1924
[134] [    12056007] 1 | True  True 00 ( 1432,  141)   5  1237  1740
[135] [    12065947] 1 | True  True 00 ( 1453,  140)   4  1164  1428
[136] [    12075884] 1 | True  True 00 ( 1475,  142)   5  1173  1784
[137] [    12085838] 1 | True  True 00 ( 1501,  146)   7  1278  2064
[138] [    12095774] 1 | True  True 00 ( 1527,  152)   6  1187  2240
[139] [    12105719] 1 | True  True 00 ( 1552,  159)   6  1222  2164
[140] [    12115651] 1 | True  True 00 ( 1574,  167)   6  1170  1888
[141] [    12125588] 1 | True  True 00 ( 1595,  177)   6  1163  1508
[142] [    12135523] 1 | True  True 00 ( 1615,  190)   6  1147  1520
[143] [    12145468] 1 | True  True 00 ( 1638,  205)   6  1187  1644
[144] [    12155396] 1 | True  True 00 ( 1663,  219)   6  1178  1568
[145] [    12165340] 1 | True  True 00 ( 1687,  232)   4  1079  1688
[146] [    12175276] 1 | True  True 00 ( 1706,  247)   5  1081  1796
[147] [    12185211] 1 | True  True 00 ( 1722,  262)   6  1113  1772
[148] [    12195153] 1 | True  True 00 ( 1737,  280)   6  1132  1584
[149] [    12205089] 1 | True  True 00 ( 1751,  301)   5  1067  1276
[150] [    12215027] 1 | True  True 00 ( 1763,  323)   5  1077  1300
[151] [    12224963] 1 | True  True 00 ( 1775,  343)   5  1043  1380
[152] [    12234899] 1 | True  True 00 ( 1789,  363)   7  1184  1652
[153] [    12244836] 1 | True  True 00 ( 1802,  383)   6  1023  1672
[154] [    12254757] 1 | True  True 00 ( 1813,  406)   5  1044  1756
[155] [    12264711] 1 | True  True 00 ( 1823,  431)   7  1120  1568
[156] [    12274646] 1 | True  True 00 ( 1834,  456)   6  1070  1660
[157] [    12284569] 1 | True  True 00 ( 1842,  480)   6  1098  1860
[158] [    12294506] 1 | True  True 00 ( 1848,  503)   7  1135  2104
[159] [    12304440] 1 | True  True 00 ( 1852,  528)   5   992  1904
[160] [    12314378] 1 | True  True 00 ( 1855,  554)   7  1143  1772
[161] [    12324316] 1 | True  True 00 ( 1856,  580)   6  1108  1664
[162] [    12334253] 1 | True  True 00 ( 1859,  603)   5  1054  1840
[163] [    12344194] 1 | True  True 00 ( 1858,  628)   7  1148  2108
[164] [    12354130] 1 | True  True 00 ( 1856,  653)   6  1088  1908
[165] [    12364063] 1 | True  True 00 ( 1851,  677)   6  1034  1732
[166] [    12374001] 1 | True  True 00 ( 1847,  701)   6  1094  1440
[167] [    12383939] 1 | True  True 00 ( 1839,  724)   6  1096  1448
[168] [    12393857] 1 | True  True 00 ( 1828,  746)   7  1143  1364
[169] [    12403795] 1 | True  True 00 ( 1817,  767)   8  1197  1316
[170] [    12413733] 1 | True  True 00 ( 1805,  791)   6  1030  1316
[171] [    12423668] 1 | True  True 00 ( 1793,  815)   4  1032  1464
[172] [    12433588] 1 | True  True 00 ( 1779,  838)   4   938  1288
[173] [    12443539] 1 | True  True 00 ( 1764,  859)   5  1025  1696
[174] [    12453460] 1 | True  True 00 ( 1750,  876)   6  1085  1780
[175] [    12463398] 1 | True  True 00 ( 1734,  893)   6  1067  1636
[176] [    12473334] 1 | True  True 00 ( 1713,  911)   6  1026  1368
[177] [    12483273] 1 | True  True 00 ( 1690,  930)   5   986  1384
[178] [    12493208] 1 | True  True 00 ( 1669,  946)   6  1185  1708
[179] [    12503143] 1 | True  True 00 ( 1650,  960)   6  1198  1732
[180] [    12513087] 1 | True  True 00 ( 1632,  974)   5  1163  1800
[181] [    12523023] 1 | True  True 00 ( 1614,  985)   7  1213  1572
[182] [    12532959] 1 | True  True 00 ( 1590,  996)   6  1107  1404
[183] [    12542895] 1 | True  True 00 ( 1564, 1006)   4  1054  1260
[184] [    12552832] 1 | True  True 00 ( 1539, 1014)   4  1086  1592
[185] [    12562765] 1 | True  True 00 ( 1516, 1021)   4  1092  1944
[186] [    12572710] 1 | True  True 00 ( 1496, 1025)   6  1154  2020
[187] [    12582645] 1 | True  True 00 ( 1473, 1028)   6  1109  1792
[188] [    12592581] 1 | True  True 00 ( 1448, 1031)   6  1065  1464
[189] [    12602515] 1 | True  True 00 ( 1421, 1031)   4  1134  1452
[190] [    12612459] 1 | True  True 00 ( 1397, 1031)   4  1116  1760
[191] [    12622397] 1 | True  True 00 ( 1376, 1031)   4  1040  1828
[192] [    12632332] 1 | True  True 00 ( 1356, 1028)   6  1200  1784
[193] [    12642268] 1 | True  True 00 ( 1332, 1026)   6  1099  1428
[194] [    12652225] 1 | True  True 00 ( 1306, 1023)   5  1119  1176
[195] [    12662147] 1 | True  True 00 ( 1279, 1018)   5  1088  1228
[196] [    12672103] 1 | True  True 00 ( 1255, 1013)   5  1034  1560
[197] [    12682041] 1 | True  True 00 ( 1233, 1005)   6  1040  1680
[198] [    12691975] 1 | True  True 00 ( 1213,  994)   7  1132  1872
[199] [    12701916] 1 | True  True 00 ( 1193,  983)   5   935  1576
[200] [    12711850] 1 | True  True 00 ( 1174,  971)   7  1039  1348
[201] [    12721794] 1 | True  True 00 ( 1153,  955)   6  1008  1200
[202] [    12731725] 1 | True  True 00 ( 1131,  941)   5   959  1276
[203] [    12741666] 1 | True  True 00 ( 1111,  925)   4   955  1216
[204] [    12751600] 1 | True  True 00 ( 1093,  909)   4   869  1416
[205] [    12761543] 1 | True  True 00 ( 1080,  894)   5   876  1488
[206] [    12771478] 1 | True  True 00 ( 1062,  874)   5   887  1600
[207] [    12781413] 1 | True  True 00 ( 1047,  850)   8  1038  1488
[208] [    12791354] 1 | True  True 00 ( 1034,  827)   6   976  1360
[209] [    12801291] 1 | True  True 00 ( 1019,  806)   6   937  1068
[210] [    12811224] 1 | True  True 00 ( 1006,  786)   6   925  1244
[211] [    12821167] 1 | True  True 00 (  994,  765)   5   952  1264
[212] [    12831101] 1 | True  True 00 (  985,  741)   6   970  1280
[213] [    12841038] 1 | True  True 00 (  977,  716)   4   832  1120
[214] [    12850972] 1 | True  True 00 (  970,  694)   5   946  1100
[215] [    12860914] 1 | True  True 00 (  964,  671)   4   925  1172
[216] [    12870848] 1 | True  True 00 (  960,  647)   5   927  1352
[217] [    12880789] 1 | True  True 00 (  959,  620)   6  1004  1332
[218] [    12890742] 1 | True  True 00 (  957,  593)   4   857  1232
[219] [    12900682] 1 | True  True 00 (  956,  569)   4   904  1056
[220] [    12910619] 1 | True  True 00 (  957,  545)   4   897  1064
[221] [    12920557] 1 | True  True 00 (  958,  523)   6   997  1252
[222] [    12930494] 1 | True  True 00 (  962,  500)   5   921  1344
[223] [    12940432] 1 | True  True 00 (  968,  475)   6   974  1484
[224] [    12950390] 1 | True  True 00 (  974,  451)   5   955  1404
[225] [    12960326] 1 | True  True 00 (  983,  430)   6   957  1324
[226] [    12970247] 1 | True  True 00 (  995,  407)   6   962  1524
[227] [    12980201] 1 | True  True 00 ( 1009,  386)   6   979  1684
[228] [    12990136] 1 | True  True 00 ( 1022,  363)   6   997  1804
[229] [    13000058] 1 | True  True 00 ( 1034,  339)   6  1014  1724
[230] [    13009996] 1 | True  True 00 ( 1047,  318)   4   908  1344
[231] [    13019931] 1 | True  True 00 ( 1061,  298)   5   958  1020
[232] [    13029870] 1 | True  True 00 ( 1077,  280)   6   986  1012
[233] [    13039788] 1 | True  True 00 ( 1097,  262)   6  1030  1420
[234] [    13049741] 1 | True  True 00 ( 1121,  246)   6   977  1556
[235] [    13059681] 1 | True  True 00 ( 1144,  228)   7  1092  1676
[236] [    13069598] 1 | True  True 00 ( 1164,  215)   7  1102  1656
[237] [    13079535] 1 | True  True 00 ( 1183,  201)   6  1089  1480
[238] [    13089475] 1 | True  True 00 ( 1202,  189)   6  1119  1576
[239] [    13099412] 1 | True  True 00 ( 1227,  178)   7  1132  1788
[240] [    13109344] 1 | True  True 00 ( 1252,  169)   7  1242  2048
[241] [    13119286] 1 | True  True 00 ( 1276,  162)   5  1175  2048
[242] [    13129219] 1 | True  True 00 ( 1298,  156)   4  1135  1716
[243] [    13139142] 1 | True  True 00 ( 1320,  150)   5  1200  1412
[244] [    13149079] 1 | True  True 00 ( 1341,  144)   6  1197  1508
[245] [    13159015] 1 | True  True 00 ( 1363,  142)   6  1217  1768
[246] [    13168950] 1 | True  True 00 ( 1390,  140)   5  1158  1976
[247] [    13178887] 1 | True  True 00 ( 1415,  138)   4  1111  1820
[248] [    13188823] 1 | True  True 00 ( 1438,  138)   4  1153  1612
[249] [    13198757] 1 | True  True 00 ( 1459,  138)   5  1167  1300
[250] [    13208702] 1 | True  True 00 ( 1479,  141)   6  1207  1684
[251] [    13218639] 1 | True  True 00 ( 1504,  146)   7  1187  1988
[252] [    13228574] 1 | True  True 00 ( 1529,  153)   8  1263  2212
[253] [    13238510] 1 | True  True 00 ( 1554,  161)   6  1218  2164
[254] [    13248447] 1 | True  True 00 ( 1577,  169)   6  1209  1888
[255] [    13258381] 1 | True  True 00 ( 1597,  180)   7  1270  1584
[  0] [    13268304] 1 | True  True 00 ( 1616,  193)   5  1070  1420
[  1] [    13278243] 1 | True  True 00 ( 1639,  206)   6  1210  1740
[  2] [    13288176] 1 | True  True 00 ( 1664,  220)   6  1113  1568
[  3] [    13298115] 1 | True  True 00 ( 1688,  234)   4  1083  1732
[  4] [    13308053] 1 | True  True 00 ( 1707,  248)   5  1150  1860
[  5] [    13317992] 1 | True  True 00 ( 1724,  263)   6  1150  1752
[  6] [    13327933] 1 | True  True 00 ( 1739,  282)   6  1117  1540
[  7] [    13337863] 1 | True  True 00 ( 1753,  303)   6  1116  1348
[  8] [    13347803] 1 | True  True 00 ( 1765,  325)   5  1063  1348
[  9] [    13357735] 1 | True  True 00 ( 1778,  344)   6  1185  1420
[ 10] [    13367673] 1 | True  True 00 ( 1794,  363)   7  1155  1672
[ 11] [    13377610] 1 | True  True 00 ( 1806,  385)   5   993  1672
[ 12] [    13387531] 1 | True  True 00 ( 1817,  408)   5  1025  1672
[ 13] [    13397470] 1 | True  True 00 ( 1828,  434)   7  1125  1588
[ 14] [    13407408] 1 | True  True 00 ( 1839,  459)   6  1065  1640
[ 15] [    13417341] 1 | True  True 00 ( 1845,  482)   5  1001  1840
[ 16] [    13427264] 1 | True  True 00 ( 1852,  506)   7  1155  2040
[ 17] [    13437201] 1 | True  True 00 ( 1854,  531)   5  1048  2016
[ 18] [    13447136] 1 | True  True 00 ( 1855,  557)   6  1039  1660
[ 19] [    13457072] 1 | True  True 00 ( 1856,  582)   6  1087  1576
[ 20] [    13467008] 1 | True  True 00 ( 1856,  605)   5   964  1884
[ 21] [    13476944] 1 | True  True 00 ( 1855,  629)   6  1127  2132
[ 22] [    13486878] 1 | True  True 00 ( 1851,  654)   6  1043  1864
[ 23] [    13496823] 1 | True  True 00 ( 1845,  678)   7  1037  1664
[ 24] [    13506740] 1 | True  True 00 ( 1841,  703)   6  1116  1384
[ 25] [    13516695] 1 | True  True 00 ( 1831,  727)   6  1108  1532
[ 26] [    13526611] 1 | True  True 00 ( 1822,  750)   6  1046  1448
[ 27] [    13536549] 1 | True  True 00 ( 1809,  775)   6  1030  1484
[ 28] [    13546507] 1 | True  True 00 ( 1797,  799)   6  1138  1484
[ 29] [    13556443] 1 | True  True 00 ( 1783,  823)   6  1085  1400
[ 30] [    13566377] 1 | True  True 00 ( 1772,  844)   4  1028  1380
[ 31] [    13576300] 1 | True  True 00 ( 1759,  862)   5  1057  1760
[ 32] [    13586239] 1 | True  True 00 ( 1743,  879)   7  1060  1736
[ 33] [    13596152] 1 | True  True 00 ( 1725,  898)   6  1096  1716
[ 34] [    13606095] 1 | True  True 00 ( 1708,  916)   6   992  1348
[ 35] [    13616032] 1 | True  True 00 ( 1688,  934)   5  1009  1408
[ 36] [    13625965] 1 | True  True 00 ( 1667,  949)   6  1182  1684
[ 37] [    13635900] 1 | True  True 00 ( 1648,  964)   6  1175  1756
[ 38] [    13645840] 1 | True  True 00 ( 1631,  977)   6  1177  1708
[ 39] [    13655775] 1 | True  True 00 ( 1611,  990)   6  1089  1548
[ 40] [    13665716] 1 | True  True 00 ( 1586, 1000)   5  1121  1380
[ 41] [    13675650] 1 | True  True 00 ( 1561, 1007)   5  1176  1264
[ 42] [    13685585] 1 | True  True 00 ( 1536, 1013)   4  1163  1692
[ 43] [    13695509] 1 | True  True 00 ( 1514, 1019)   4  1081  1996
[ 44] [    13705444] 1 | True  True 00 ( 1495, 1023)   6  1184  1996
[ 45] [    13715382] 1 | True  True 00 ( 1474, 1027)   6  1091  1744
[ 46] [    13725338] 1 | True  True 00 ( 1449, 1030)   6  1123  1464
[ 47] [    13735276] 1 | True  True 00 ( 1423, 1031)   4  1081  1428
[ 48] [    13745210] 1 | True  True 00 ( 1398, 1032)   4  1034  1712
[ 49] [    13755132] 1 | True  True 00 ( 1376, 1032)   4  1039  1852
[ 50] [    13765068] 1 | True  True 00 ( 1355, 1031)   6  1115  1712
[ 51] [    13775006] 1 | True  True 00 ( 1332, 1028)   6  1123  1408
[ 52] [    13784942] 1 | True  True 00 ( 1304, 1025)   4   992  1124
[ 53] [    13794877] 1 | True  True 00 ( 1279, 1020)   5  1098  1164
[ 54] [    13804814] 1 | True  True 00 ( 1256, 1012)   6  1171  1536
[ 55] [    13814736] 1 | True  True 00 ( 1235, 1005)   5   987  1704
[ 56] [    13824668] 1 | True  True 00 ( 1215,  995)   6  1006  1728
[ 57] [    13834607] 1 | True  True 00 ( 1192,  982)   6  1052  1560
[ 58] [    13844545] 1 | True  True 00 ( 1167,  968)   6  1028  1308
[ 59] [    13854462] 1 | True  True 00 ( 1148,  953)   7  1093  1200
[ 60] [    13864400] 1 | True  True 00 ( 1126,  937)   5  1030  1376
[ 61] [    13874334] 1 | True  True 00 ( 1108,  922)   5   954  1180
[ 62] [    13884275] 1 | True  True 00 ( 1092,  906)   4   844  1360
[ 63] [    13894208] 1 | True  True 00 ( 1080,  890)   7  1042  1580
[ 64] [    13904130] 1 | True  True 00 ( 1064,  870)   5   935  1656
[ 65] [    13914066] 1 | True  True 00 ( 1048,  848)   5   888  1436
[ 66] [    13924003] 1 | True  True 00 ( 1029,  825)   7  1007  1252
[ 67] [    13933938] 1 | True  True 00 ( 1014,  805)   6   980  1108
[ 68] [    13943893] 1 | True  True 00 ( 1002,  784)   6   958  1144
[ 69] [    13953834] 1 | True  True 00 (  989,  763)   5   929  1260
[ 70] [    13963770] 1 | True  True 00 (  980,  739)   5   879  1224
[ 71] [    13973691] 1 | True  True 00 (  974,  714)   4   900  1224
[ 72] [    13983645] 1 | True  True 00 (  967,  689)   4   891   984
[ 73] [    13993566] 1 | True  True 00 (  962,  667)   6   994  1056
[ 74] [    14003501] 1 | True  True 00 (  958,  643)   6  1007  1352
[ 75] [    14013439] 1 | True  True 00 (  955,  617)   6   974  1412
[ 76] [    14023374] 1 | True  True 00 (  954,  591)   4   921  1332
[ 77] [    14033311] 1 | True  True 00 (  954,  566)   4   899   956
[ 78] [    14043232] 1 | True  True 00 (  956,  543)   4   897  1084
[ 79] [    14053187] 1 | True  True 00 (  958,  522)   5   918  1212
[ 80] [    14063102] 1 | True  True 00 (  961,  497)   6   970  1244
[ 81] [    14073041] 1 | True  True 00 (  968,  473)   6   973  1424
[ 82] [    14082979] 1 | True  True 00 (  975,  449)   5   956  1484
[ 83] [    14092917] 1 | True  True 00 (  984,  428)   6   986  1304
[ 84] [    14102875] 1 | True  True 00 (  997,  407)   6   979  1524
[ 85] [    14112810] 1 | True  True 00 ( 1010,  384)   6   964  1744
[ 86] [    14122744] 1 | True  True 00 ( 1023,  361)   5   971  1784
[ 87] [    14132689] 1 | True  True 00 ( 1035,  338)   5   915  1624
[ 88] [    14142626] 1 | True  True 00 ( 1048,  316)   4   931  1324
[ 89] [    14152582] 1 | True  True 00 ( 1061,  297)   5   973   980
[ 90] [    14162520] 1 | True  True 00 ( 1077,  280)   5   950  1072
[ 91] [    14172454] 1 | True  True 00 ( 1099,  263)   7  1011  1324
[ 92] [    14182396] 1 | True  True 00 ( 1121,  245)   6  1026  1576
[ 93] [    14192350] 1 | True  True 00 ( 1143,  230)   7  1102  1752
[ 94] [    14202289] 1 | True  True 00 ( 1165,  215)   6  1066  1656
[ 95] [    14212227] 1 | True  True 00 ( 1186,  201)   5  1002  1420
[ 96] [    14222165] 1 | True  True 00 ( 1206,  189)   6  1116  1552
[ 97] [    14232122] 1 | True  True 00 ( 1230,  179)   7  1187  1860
[ 98] [    14242046] 1 | True  True 00 ( 1255,  170)   6  1179  2140
[ 99] [    14251996] 1 | True  True 00 ( 1280,  162)   4  1134  1976
[100] [    14261939] 1 | True  True 00 ( 1301,  155)   4  1130  1812
[101] [    14271874] 1 | True  True 00 ( 1321,  150)   4  1087  1364
[102] [    14281811] 1 | True  True 00 ( 1342,  145)   4  1009  1456
[103] [    14291767] 1 | True  True 00 ( 1366,  142)   6  1243  1924
[104] [    14301688] 1 | True  True 00 ( 1393,  139)   5  1216  2000
[105] [    14311624] 1 | True  True 00 ( 1418,  137)   4  1202  1872
[106] [    14321580] 1 | True  True 00 ( 1440,  137)   4  1165  1636
[107] [    14331518] 1 | True  True 00 ( 1461,  139)   4  1142  1508
[108] [    14341453] 1 | True  True 00 ( 1484,  142)   6  1201  1712
[109] [    14351394] 1 | True  True 00 ( 1509,  147)   7  1255  2088
[110] [    14361328] 1 | True  True 00 ( 1535,  152)   7  1313  2264
[111] [    14371269] 1 | True  True 00 ( 1559,  160)   6  1190  2036
[112] [    14381202] 1 | True  True 00 ( 1580,  168)   6  1230  1860
[113] [    14391144] 1 | True  True 00 ( 1600,  178)   5  1102  1560
[114] [    14401077] 1 | True  True 00 ( 1620,  192)   6  1124  1568
[115] [    14411018] 1 | True  True 00 ( 1644,  207)   6  1132  1644
[116] [    14420952] 1 | True  True 00 ( 1668,  221)   6  1104  1544
[117] [    14430893] 1 | True  True 00 ( 1691,  236)   4  1051  1752
[118] [    14440826] 1 | True  True 00 ( 1710,  250)   6  1147  1796
[119] [    14450768] 1 | True  True 00 ( 1727,  265)   6  1179  1668
[120] [    14460701] 1 | True  True 00 ( 1741,  284)   6  1133  1436
[121] [    14470643] 1 | True  True 00 ( 1754,  306)   6  1119  1252
[122] [    14480576] 1 | True  True 00 ( 1766,  327)   5  1060  1232
[123] [    14490517] 1 | True  True 00 ( 1779,  347)   5  1027  1444
[124] [    14500450] 1 | True  True 00 ( 1792,  366)   7  1171  1692
[125] [    14510372] 1 | True  True 00 ( 1804,  387)   6  1087  1800
[126] [    14520308] 1 | True  True 00 ( 1816,  412)   6  1056  1672
[127] [    14530246] 1 | True  True 00 ( 1829,  436)   7  1162  1588
[128] [    14540182] 1 | True  True 00 ( 1838,  461)   6  1063  1748
[129] [    14550118] 1 | True  True 00 ( 1845,  484)   6  1099  1948
[130] [    14560055] 1 | True  True 00 ( 1851,  508)   6  1091  2060
[131] [    14569970] 1 | True  True 00 ( 1854,  533)   6  1054  1928
[132] [    14579909] 1 | True  True 00 ( 1854,  560)   6  1096  1660
[133] [    14589846] 1 | True  True 00 ( 1855,  585)   6  1092  1752
[134] [    14599787] 1 | True  True 00 ( 1857,  611)   6  1087  1908
[135] [    14609724] 1 | True  True 00 ( 1853,  634)   5   971  1976
[136] [    14619656] 1 | True  True 00 ( 1855,  660)   6  1095  1820
[137] [    14629594] 1 | True  True 00 ( 1849,  685)   6  1061  1532
[138] [    14639533] 1 | True  True 00 ( 1843,  709)   6  1039  1216
[139] [    14649471] 1 | True  True 00 ( 1833,  733)   6  1003  1448
[140] [    14659409] 1 | True  True 00 ( 1822,  753)   6  1109  1424
[141] [    14669346] 1 | True  True 00 ( 1810,  775)   8  1123  1360
[142] [    14679284] 1 | True  True 00 ( 1797,  798)   7  1110  1380
[143] [    14689221] 1 | True  True 00 ( 1785,  822)   4   984  1420
[144] [    14699159] 1 | True  True 00 ( 1772,  845)   4   973  1512
[145] [    14709096] 1 | True  True 00 ( 1761,  864)   4   968  1656
[146] [    14719036] 1 | True  True 00 ( 1747,  881)   7  1077  1736
[147] [    14728973] 1 | True  True 00 ( 1732,  899)   6  1067  1596
[148] [    14738906] 1 | True  True 00 ( 1713,  915)   7  1181  1368
[149] [    14748845] 1 | True  True 00 ( 1689,  932)   6  1156  1592
[150] [    14758783] 1 | True  True 00 ( 1667,  948)   7  1179  1548
[151] [    14768701] 1 | True  True 00 ( 1647,  965)   5  1065  1640
[152] [    14778639] 1 | True  True 00 ( 1627,  980)   5  1066  1592
[153] [    14788573] 1 | True  True 00 ( 1606,  991)   6  1142  1524
[154] [    14798515] 1 | True  True 00 ( 1581, 1000)   5  1116  1380
[155] [    14808449] 1 | True  True 00 ( 1556, 1007)   5  1185  1312
[156] [    14818367] 1 | True  True 00 ( 1532, 1015)   4  1095  1768
[157] [    14828303] 1 | True  True 00 ( 1511, 1020)   4  1120  1920
[158] [    14838238] 1 | True  True 00 ( 1490, 1023)   6  1176  1972
[159] [    14848154] 1 | True  True 00 ( 1468, 1024)   6  1205  1716
[160] [    14858091] 1 | True  True 00 ( 1444, 1026)   5  1129  1492
[161] [    14868016] 1 | True  True 00 ( 1418, 1027)   4  1097  1500
[162] [    14877968] 1 | True  True 00 ( 1393, 1029)   4  1080  1760
[163] [    14887907] 1 | True  True 00 ( 1372, 1030)   4  1016  1876
[164] [    14897844] 1 | True  True 00 ( 1352, 1029)   5  1096  1664
[165] [    14907780] 1 | True  True 00 ( 1326, 1027)   6  1108  1408
[166] [    14917717] 1 | True  True 00 ( 1299, 1024)   4   981  1076
[167] [    14927657] 1 | True  True 00 ( 1272, 1020)   5  1026  1204
[168] [    14937575] 1 | True  True 00 ( 1250, 1012)   6  1172  1600
[169] [    14947512] 1 | True  True 00 ( 1230, 1005)   5   985  1680
[170] [    14957445] 1 | True  True 00 ( 1210,  993)   6  1098  1872
[171] [    14967388] 1 | True  True 00 ( 1186,  979)   6   951  1412
[172] [    14977322] 1 | True  True 00 ( 1162,  966)   5   906  1308
[173] [    14987240] 1 | True  True 00 ( 1142,  950)   5  1040  1316
[174] [    14997176] 1 | True  True 00 ( 1122,  935)   5   952  1236
[175] [    15007112] 1 | True  True 00 ( 1105,  920)   4   890  1160
[176] [    15017056] 1 | True  True 00 ( 1088,  903)   6   963  1436
[177] [    15026989] 1 | True  True 00 ( 1073,  885)   6   959  1672
[178] [    15036925] 1 | True  True 00 ( 1062,  863)   5   923  1656
[179] [    15046841] 1 | True  True 00 ( 1050,  842)   6   931  1528
[180] [    15056778] 1 | True  True 00 ( 1034,  821)   6   981  1288
[181] [    15066716] 1 | True  True 00 ( 1018,  802)   4   835  1164
[182] [    15076634] 1 | True  True 00 ( 1003,  783)   5   878  1164
[183] [    15086568] 1 | True  True 00 (  992,  761)   6   979  1224
[184] [    15096489] 1 | True  True 00 (  983,  737)   6   944  1184
[185] [    15106425] 1 | True  True 00 (  974,  713)   5   937  1260
[186] [    15116363] 1 | True  True 00 (  967,  689)   4   901   944
[187] [    15126277] 1 | True  True 00 (  963,  665)   5   961  1212
[188] [    15136214] 1 | True  True 00 (  959,  641)   6   977  1372
[189] [    15146132] 1 | True  True 00 (  956,  616)   6   970  1432
[190] [    15156073] 1 | True  True 00 (  954,  590)   4   886  1252
[191] [    15165989] 1 | True  True 00 (  955,  565)   4   924   972
[192] [    15175924] 1 | True  True 00 (  956,  541)   4   942  1172
[193] [    15185859] 1 | True  True 00 (  958,  519)   5   938  1204
[194] [    15195797] 1 | True  True 00 (  962,  495)   4   836  1344
[195] [    15205731] 1 | True  True 00 (  967,  470)   6   994  1364
[196] [    15215655] 1 | True  True 00 (  974,  447)   6   999  1464
[197] [    15225590] 1 | True  True 00 (  985,  427)   6   950  1324
[198] [    15235523] 1 | True  True 00 (  999,  406)   6   980  1524
[199] [    15245462] 1 | True  True 00 ( 1011,  384)   6   959  1704
[200] [    15255380] 1 | True  True 00 ( 1024,  360)   6   976  1684
[201] [    15265314] 1 | True  True 00 ( 1037,  335)   4   880  1584
[202] [    15275255] 1 | True  True 00 ( 1048,  314)   4   937  1364
[203] [    15285169] 1 | True  True 00 ( 1063,  295)   6  1005   940
[204] [    15295111] 1 | True  True 00 ( 1080,  277)   6  1010  1208
[205] [    15305025] 1 | True  True 00 ( 1100,  259)   7  1015  1324
[206] [    15314962] 1 | True  True 00 ( 1122,  242)   5   969  1636
[207] [    15324899] 1 | True  True 00 ( 1145,  227)   7  1064  1636
[208] [    15334817] 1 | True  True 00 ( 1167,  214)   6  1086  1636
[209] [    15344735] 1 | True  True 00 ( 1187,  200)   5  1021  1344
[210] [    15354671] 1 | True  True 00 ( 1206,  187)   6  1081  1528
[211] [    15364586] 1 | True  True 00 ( 1228,  177)   7  1130  1880
[212] [    15374524] 1 | True  True 00 ( 1254,  168)   6  1134  2000
[213] [    15384441] 1 | True  True 00 ( 1279,  161)   4  1110  1952
[214] [    15394359] 1 | True  True 00 ( 1301,  153)   4  1193  1788
[215] [    15404295] 1 | True  True 00 ( 1322,  147)   4  1115  1300
[216] [    15414211] 1 | True  True 00 ( 1343,  142)   4  1057  1480
[217] [    15424149] 1 | True  True 00 ( 1368,  139)   6  1198  1740
[218] [    15434065] 1 | True  True 00 ( 1394,  136)   5  1180  1924
[219] [    15443983] 1 | True  True 00 ( 1419,  134)   4  1235  1924
[220] [    15453919] 1 | True  True 00 ( 1441,  134)   4  1179  1612
[221] [    15463835] 1 | True  True 00 ( 1462,  137)   4  1064  1384
[222] [    15473774] 1 | True  True 00 ( 1485,  142)   6  1128  1760
[223] [    15483705] 1 | True  True 00 ( 1511,  146)   7  1301  2088
[224] [    15493631] 1 | True  True 00 ( 1537,  152)   6  1158  2212
[225] [    15503565] 1 | True  True 00 ( 1560,  160)   7  1270  2164
[226] [    15513480] 1 | True  True 00 ( 1582,  169)   6  1234  1760
[227] [    15523414] 1 | True  True 00 ( 1602,  182)   6  1153  1432
[228] [    15533336] 1 | True  True 00 ( 1620,  196)   5  1043  1496
[229] [    15543275] 1 | True  True 00 ( 1642,  210)   6  1155  1616
[230] [    15553192] 1 | True  True 00 ( 1667,  223)   5  1079  1568
[231] [    15563129] 1 | True  True 00 ( 1691,  237)   4  1074  1796
[232] [    15573063] 1 | True  True 00 ( 1710,  251)   5  1100  1732
[233] [    15582981] 1 | True  True 00 ( 1727,  267)   6  1155  1712
[234] [    15592916] 1 | True  True 00 ( 1742,  287)   6  1116  1520
[235] [    15602831] 1 | True  True 00 ( 1756,  308)   6  1100  1392
[236] [    15612771] 1 | True  True 00 ( 1768,  328)   5  1111  1392
[237] [    15622688] 1 | True  True 00 ( 1782,  348)   6  1156  1504
[238] [    15632625] 1 | True  True 00 ( 1794,  368)   7  1145  1692
[239] [    15642560] 1 | True  True 00 ( 1805,  390)   5   992  1756
[240] [    15652502] 1 | True  True 00 ( 1817,  413)   5   995  1716
[241] [    15662435] 1 | True  True 00 ( 1828,  439)   7  1131  1484
[242] [    15672376] 1 | True  True 00 ( 1838,  463)   5  1033  1728
[243] [    15682309] 1 | True  True 00 ( 1844,  487)   6  1042  1948
[244] [    15692251] 1 | True  True 00 ( 1850,  510)   7  1144  1948
[245] [    15702184] 1 | True  True 00 ( 1853,  536)   5   998  1860
[246] [    15712125] 1 | True  True 00 ( 1853,  562)   6  1146  1772
[247] [    15722059] 1 | True  True 00 ( 1855,  588)   5  1088  1708
[248] [    15732000] 1 | True  True 00 ( 1857,  611)   5   976  1952
[249] [    15741934] 1 | True  True 00 ( 1854,  635)   6  1053  2064
[250] [    15751875] 1 | True  True 00 ( 1853,  658)   5   998  1796
[251] [    15761808] 1 | True  True 00 ( 1849,  683)   5   958  1488
[252] [    15771749] 1 | True  True 00 ( 1843,  707)   5   962  1332
[253] [    15781683] 1 | True  True 00 ( 1831,  730)   6  1074  1552
[254] [    15791605] 1 | True  True 00 ( 1820,  753)   8  1178  1300
[255] [    15801542] 1 | True  True 00 ( 1806,  776)   6   988  1484
[  0] [    15811471] 1 | True  True 00 ( 1792,  800)   6  1026  1400
[  1] [    15821417] 1 | True  True 00 ( 1780,  824)   4   941  1316
[  2] [    15831352] 1 | True  True 00 ( 1768,  845)   6  1029  1328
[  3] [    15841289] 1 | True  True 00 ( 1754,  864)   7  1191  1760
[  4] [    15851223] 1 | True  True 00 ( 1742,  880)   7  1032  1696
[  5] [    15861145] 1 | True  True 00 ( 1722,  899)   6  1046  1572
[  6] [    15871083] 1 | True  True 00 ( 1705,  917)   6  1031  1204
[  7] [    15881016] 1 | True  True 00 ( 1684,  936)   7  1097  1432
[  8] [    15890953] 1 | True  True 00 ( 1664,  952)   6  1190  1732
[  9] [    15900892] 1 | True  True 00 ( 1645,  967)   4  1045  1684
[ 10] [    15910829] 1 | True  True 00 ( 1627,  981)   5  1080  1592
[ 11] [    15920766] 1 | True  True 00 ( 1607,  991)   6  1204  1524
[ 12] [    15930704] 1 | True  True 00 ( 1581, 1000)   5  1152  1404
[ 13] [    15940642] 1 | True  True 00 ( 1556, 1008)   4  1109  1312
[ 14] [    15950579] 1 | True  True 00 ( 1532, 1015)   4  1106  1768
[ 15] [    15960520] 1 | True  True 00 ( 1511, 1020)   4  1092  1972
[ 16] [    15970456] 1 | True  True 00 ( 1491, 1024)   6  1214  1972
[ 17] [    15980389] 1 | True  True 00 ( 1468, 1026)   6  1165  1744
[ 18] [    15990347] 1 | True  True 00 ( 1442, 1028)   4  1052  1464
[ 19] [    16000269] 1 | True  True 00 ( 1416, 1030)   4  1035  1524
[ 20] [    16010206] 1 | True  True 00 ( 1392, 1032)   4  1056  1712
[ 21] [    16020138] 1 | True  True 00 ( 1371, 1030)   4  1094  1828
[ 22] [    16030077] 1 | True  True 00 ( 1350, 1027)   6  1191  1688
[ 23] [    16040015] 1 | True  True 00 ( 1325, 1024)   6  1111  1336
[ 24] [    16049952] 1 | True  True 00 ( 1299, 1020)   5  1100  1220
[ 25] [    16059890] 1 | True  True 00 ( 1274, 1015)   5  1088  1308
[ 26] [    16069827] 1 | True  True 00 ( 1251, 1009)   5  1072  1576
[ 27] [    16079765] 1 | True  True 00 ( 1231, 1003)   6  1038  1744
[ 28] [    16089702] 1 | True  True 00 ( 1211,  992)   6  1080  1872
[ 29] [    16099641] 1 | True  True 00 ( 1188,  978)   6  1078  1620
[ 30] [    16109578] 1 | True  True 00 ( 1163,  964)   5   872  1140
[ 31] [    16119517] 1 | True  True 00 ( 1138,  948)   4   866  1316
[ 32] [    16129453] 1 | True  True 00 ( 1117,  934)   4   870  1276
[ 33] [    16139391] 1 | True  True 00 ( 1101,  919)   5  1044  1296
[ 34] [    16149328] 1 | True  True 00 ( 1086,  903)   6  1077  1620
[ 35] [    16159281] 1 | True  True 00 ( 1075,  886)   5   944  1656
[ 36] [    16169224] 1 | True  True 00 ( 1058,  867)   6   939  1600
[ 37] [    16179160] 1 | True  True 00 ( 1044,  845)   7  1022  1564
[ 38] [    16189116] 1 | True  True 00 ( 1032,  824)   5   908  1232
[ 39] [    16199058] 1 | True  True 00 ( 1018,  803)   5   891  1184
[ 40] [    16208995] 1 | True  True 00 ( 1004,  782)   6   929  1068
[ 41] [    16218928] 1 | True  True 00 (  992,  759)   6   918  1200
[ 42] [    16228871] 1 | True  True 00 (  982,  733)   5   922  1280
[ 43] [    16238805] 1 | True  True 00 (  973,  709)   4   895  1240
[ 44] [    16248742] 1 | True  True 00 (  967,  686)   4   896   928
[ 45] [    16258696] 1 | True  True 00 (  962,  664)   4   876  1152
[ 46] [    16268636] 1 | True  True 00 (  958,  641)   6   997  1372
[ 47] [    16278574] 1 | True  True 00 (  955,  613)   5   910  1412
[ 48] [    16288512] 1 | True  True 00 (  954,  585)   4   887  1192
[ 49] [    16298449] 1 | True  True 00 (  954,  562)   4   929  1032
[ 50] [    16308387] 1 | True  True 00 (  956,  538)   4   868  1104
[ 51] [    16318344] 1 | True  True 00 (  958,  515)   5   939  1224
[ 52] [    16328280] 1 | True  True 00 (  962,  491)   6   951  1324
[ 53] [    16338201] 1 | True  True 00 (  969,  465)   6   989  1424
[ 54] [    16348155] 1 | True  True 00 (  977,  443)   6   962  1404
[ 55] [    16358096] 1 | True  True 00 (  989,  422)   6  1006  1324
[ 56] [    16368032] 1 | True  True 00 ( 1000,  402)   6   946  1504
[ 57] [    16377968] 1 | True  True 00 ( 1013,  381)   7  1027  1704
[ 58] [    16387904] 1 | True  True 00 ( 1027,  357)   6  1009  1684
[ 59] [    16397860] 1 | True  True 00 ( 1038,  333)   4   861  1624
[ 60] [    16407800] 1 | True  True 00 ( 1050,  312)   4   937  1264
[ 61] [    16417738] 1 | True  True 00 ( 1065,  293)   5   977   960
[ 62] [    16427678] 1 | True  True 00 ( 1082,  277)   5   938  1128
[ 63] [    16437613] 1 | True  True 00 ( 1105,  259)   6  1052  1420
[ 64] [    16447553] 1 | True  True 00 ( 1128,  242)   6  1049  1712
[ 65] [    16457490] 1 | True  True 00 ( 1149,  227)   6  1006  1676
[ 66] [    16467443] 1 | True  True 00 ( 1168,  213)   6  1073  1712
[ 67] [    16477382] 1 | True  True 00 ( 1188,  198)   5  1032  1400
[ 68] [    16487320] 1 | True  True 00 ( 1209,  186)   7  1151  1552
[ 69] [    16497259] 1 | True  True 00 ( 1235,  174)   7  1163  1812
[ 70] [    16507196] 1 | True  True 00 ( 1262,  163)   5  1178  2048
[ 71] [    16517155] 1 | True  True 00 ( 1287,  156)   4  1083  1764
[ 72] [    16527091] 1 | True  True 00 ( 1308,  150)   4  1140  1672
[ 73] [    16537035] 1 | True  True 00 ( 1327,  147)   4  1127  1404
[ 74] [    16546968] 1 | True  True 00 ( 1349,  145)   6  1250  1664
[ 75] [    16556925] 1 | True  True 00 ( 1374,  142)   6  1208  1896
[ 76] [    16566842] 1 | True  True 00 ( 1399,  140)   5  1184  2000
[ 77] [    16576798] 1 | True  True 00 ( 1421,  139)   4  1117  1820
[ 78] [    16586721] 1 | True  True 00 ( 1442,  139)   4  1160  1612
[ 79] [    16596658] 1 | True  True 00 ( 1463,  141)   5  1112  1460
[ 80] [    16606613] 1 | True  True 00 ( 1489,  144)   7  1253  1760
[ 81] [    16616547] 1 | True  True 00 ( 1515,  151)   6  1131  2140
[ 82] [    16626487] 1 | True  True 00 ( 1541,  157)   7  1246  2188
[ 83] [    16636422] 1 | True  True 00 ( 1564,  163)   6  1200  2036
[ 84] [    16646363] 1 | True  True 00 ( 1584,  172)   6  1197  1812
[ 85] [    16656296] 1 | True  True 00 ( 1603,  184)   6  1131  1372
[ 86] [    16666237] 1 | True  True 00 ( 1621,  197)   6  1128  1568
[ 87] [    16676191] 1 | True  True 00 ( 1643,  211)   6  1067  1592
[ 88] [    16686130] 1 | True  True 00 ( 1669,  225)   4  1001  1584
[ 89] [    16696068] 1 | True  True 00 ( 1691,  239)   5  1094  1796
[ 90] [    16706008] 1 | True  True 00 ( 1710,  254)   6  1116  1860
[ 91] [    16715939] 1 | True  True 00 ( 1727,  271)   6  1146  1688
[ 92] [    16725879] 1 | True  True 00 ( 1742,  290)   6  1125  1416
[ 93] [    16735817] 1 | True  True 00 ( 1755,  311)   4   962  1300
[ 94] [    16745757] 1 | True  True 00 ( 1767,  332)   4   978  1252
[ 95] [    16755712] 1 | True  True 00 ( 1781,  351)   6  1148  1504
[ 96] [    16765634] 1 | True  True 00 ( 1794,  371)   7  1159  1800
[ 97] [    16775583] 1 | True  True 00 ( 1807,  392)   6  1110  1800
[ 98] [    16785528] 1 | True  True 00 ( 1819,  416)   8  1179  1756
[ 99] [    16795463] 1 | True  True 00 ( 1831,  442)   6  1020  1464
[100] [    16805399] 1 | True  True 00 ( 1841,  466)   6  1084  1796
[101] [    16815340] 1 | True  True 00 ( 1847,  491)   7  1146  1948
[102] [    16825275] 1 | True  True 00 ( 1851,  516)   7  1141  1948
[103] [    16835211] 1 | True  True 00 ( 1855,  543)   6  1071  1796
[104] [    16845148] 1 | True  True 00 ( 1859,  571)   6  1113  1528
[105] [    16855089] 1 | True  True 00 ( 1860,  594)   5  1043  1776
[106] [    16865025] 1 | True  True 00 ( 1858,  615)   5   982  2064
[107] [    16874961] 1 | True  True 00 ( 1854,  638)   5  1036  1996
[108] [    16884898] 1 | True  True 00 ( 1852,  662)   6  1087  1884
[109] [    16894839] 1 | True  True 00 ( 1849,  687)   7  1125  1508
[110] [    16904795] 1 | True  True 00 ( 1845,  711)   6  1064  1424
[111] [    16914732] 1 | True  True 00 ( 1834,  733)   6  1021  1340
[112] [    16924667] 1 | True  True 00 ( 1819,  755)   7  1108  1316
[113] [    16934609] 1 | True  True 00 ( 1805,  777)   7  1092  1400
[114] [    16944542] 1 | True  True 00 ( 1793,  801)   5  1040  1504
[115] [    16954483] 1 | True  True 00 ( 1780,  826)   4   979  1360
[116] [    16964417] 1 | True  True 00 ( 1769,  847)   5  1011  1432
[117] [    16974358] 1 | True  True 00 ( 1759,  865)   4   968  1676
[118] [    16984292] 1 | True  True 00 ( 1745,  882)   7  1087  1656
[119] [    16994233] 1 | True  True 00 ( 1729,  898)   7  1145  1512
[120] [    17004186] 1 | True  True 00 ( 1706,  916)   7  1191  1476
[121] [    17014125] 1 | True  True 00 ( 1682,  935)   6  1080  1500
[122] [    17024065] 1 | True  True 00 ( 1661,  952)   5  1099  1684
[123] [    17034003] 1 | True  True 00 ( 1643,  968)   6  1156  1548
[124] [    17043920] 1 | True  True 00 ( 1625,  980)   6  1165  1708
[125] [    17053856] 1 | True  True 00 ( 1603,  992)   6  1175  1524
[126] [    17063810] 1 | True  True 00 ( 1579, 1001)   6  1188  1356
[127] [    17073732] 1 | True  True 00 ( 1553, 1009)   4  1083  1440
[128] [    17083665] 1 | True  True 00 ( 1530, 1015)   5  1165  1792
[129] [    17093606] 1 | True  True 00 ( 1510, 1021)   4  1062  1972
[130] [    17103540] 1 | True  True 00 ( 1490, 1026)   6  1108  1972
[131] [    17113481] 1 | True  True 00 ( 1466, 1030)   7  1145  1668
[132] [    17123415] 1 | True  True 00 ( 1439, 1030)   4  1086  1388
[133] [    17133336] 1 | True  True 00 ( 1413, 1031)   4  1090  1572
[134] [    17143271] 1 | True  True 00 ( 1388, 1031)   4  1048  1804
[135] [    17153207] 1 | True  True 00 ( 1368, 1030)   5  1119  1804
[136] [    17163144] 1 | True  True 00 ( 1345, 1029)   6  1052  1616
[137] [    17173085] 1 | True  True 00 ( 1319, 1026)   6  1126  1312
[138] [    17183021] 1 | True  True 00 ( 1293, 1022)   5  1048  1084
[139] [    17192936] 1 | True  True 00 ( 1269, 1017)   4  1001  1244
[140] [    17202874] 1 | True  True 00 ( 1246, 1012)   5  1054  1680
[141] [    17212811] 1 | True  True 00 ( 1226, 1004)   6  1004  1680
[142] [    17222749] 1 | True  True 00 ( 1206,  992)   5  1033  1784
[143] [    17232666] 1 | True  True 00 ( 1186,  977)   6  1092  1600
[144] [    17242604] 1 | True  True 00 ( 1164,  962)   6  1036  1308
[145] [    17252538] 1 | True  True 00 ( 1142,  947)   4   873  1216
[146] [    17262459] 1 | True  True 00 ( 1121,  931)   4   961  1316
[147] [    17272395] 1 | True  True 00 ( 1102,  917)   4   875  1212
[148] [    17282330] 1 | True  True 00 ( 1084,  900)   6   932  1528
[149] [    17292245] 1 | True  True 00 ( 1068,  883)   6   865  1600
[150] [    17302184] 1 | True  True 00 ( 1055,  864)   5   912  1620
[151] [    17312102] 1 | True  True 00 ( 1042,  843)   5   918  1528
[152] [    17322042] 1 | True  True 00 ( 1030,  823)   5   908  1252
[153] [    17331977] 1 | True  True 00 ( 1015,  801)   4   808  1144
[154] [    17341898] 1 | True  True 00 ( 1001,  779)   6  1024  1124
[155] [    17351830] 1 | True  True 00 (  989,  758)   6   984  1244
[156] [    17361766] 1 | True  True 00 (  979,  733)   6   945  1180
[157] [    17371687] 1 | True  True 00 (  971,  708)   5   923  1140
[158] [    17381642] 1 | True  True 00 (  964,  683)   4   900   996
[159] [    17391579] 1 | True  True 00 (  958,  660)   5   907  1272
[160] [    17401516] 1 | True  True 00 (  956,  634)   6   949  1372
[161] [    17411457] 1 | True  True 00 (  955,  609)   5   960  1392
[162] [    17421392] 1 | True  True 00 (  955,  583)   4   888  1096
[163] [    17431328] 1 | True  True 00 (  955,  558)   4   914   940
[164] [    17441243] 1 | True  True 00 (  957,  536)   4   922  1164
[165] [    17451181] 1 | True  True 00 (  959,  513)   5   943  1244
[166] [    17461120] 1 | True  True 00 (  964,  488)   6   993  1344
[167] [    17471058] 1 | True  True 00 (  971,  464)   5   940  1504
[168] [    17480995] 1 | True  True 00 (  980,  441)   6   997  1464
[169] [    17490932] 1 | True  True 00 (  989,  420)   6  1012  1364
[170] [    17500870] 1 | True  True 00 ( 1001,  398)   6   959  1544
[171] [    17510807] 1 | True  True 00 ( 1013,  377)   6   973  1784
[172] [    17520745] 1 | True  True 00 ( 1025,  353)   5   911  1684
[173] [    17530682] 1 | True  True 00 ( 1038,  330)   4   884  1524
[174] [    17540620] 1 | True  True 00 ( 1052,  310)   4   942  1264
[175] [    17550557] 1 | True  True 00 ( 1065,  292)   4   904  1000
[176] [    17560495] 1 | True  True 00 ( 1081,  273)   6  1026  1208
[177] [    17570432] 1 | True  True 00 ( 1103,  255)   6   954  1400
[178] [    17580369] 1 | True  True 00 ( 1129,  238)   6  1040  1712
[179] [    17590306] 1 | True  True 00 ( 1152,  223)   7  1059  1636
[180] [    17600244] 1 | True  True 00 ( 1172,  209)   6  1067  1596
[181] [    17610182] 1 | True  True 00 ( 1192,  196)   5  1040  1340
[182] [    17620123] 1 | True  True 00 ( 1214,  184)   6  1087  1672
[183] [    17630053] 1 | True  True 00 ( 1238,  174)   7  1153  1928
[184] [    17639999] 1 | True  True 00 ( 1263,  166)   6  1104  1928
[185] [    17649929] 1 | True  True 00 ( 1285,  158)   4  1103  1928
[186] [    17659868] 1 | True  True 00 ( 1307,  152)   4  1130  1552
[187] [    17669784] 1 | True  True 00 ( 1329,  146)   6  1251  1480
[188] [    17679726] 1 | True  True 00 ( 1350,  141)   6  1206  1532
[189] [    17689659] 1 | True  True 00 ( 1375,  139)   6  1189  1896
[190] [    17699577] 1 | True  True 00 ( 1402,  135)   4  1132  1792
[191] [    17709513] 1 | True  True 00 ( 1424,  135)   4  1131  1820
[192] [    17719449] 1 | True  True 00 ( 1446,  136)   4  1113  1404
[193] [    17729386] 1 | True  True 00 ( 1467,  139)   5  1157  1560
[194] [    17739327] 1 | True  True 00 ( 1490,  144)   6  1172  1836
[195] [    17749263] 1 | True  True 00 ( 1517,  148)   6  1209  2164
[196] [    17759199] 1 | True  True 00 ( 1542,  154)   5  1124  2212
[197] [    17769136] 1 | True  True 00 ( 1564,  161)   6  1214  2112
[198] [    17779077] 1 | True  True 00 ( 1585,  170)   6  1220  1812
[199] [    17789012] 1 | True  True 00 ( 1605,  182)   6  1183  1496
[200] [    17798968] 1 | True  True 00 ( 1625,  195)   7  1187  1520
[201] [    17808891] 1 | True  True 00 ( 1649,  211)   6  1088  1496
[202] [    17818846] 1 | True  True 00 ( 1672,  225)   6  1202  1648
[203] [    17828800] 1 | True  True 00 ( 1694,  239)   4  1053  1712
[204] [    17838740] 1 | True  True 00 ( 1712,  254)   6  1100  1772
[205] [    17848678] 1 | True  True 00 ( 1729,  270)   6  1132  1564
[206] [    17858616] 1 | True  True 00 ( 1744,  289)   6  1151  1500
[207] [    17868553] 1 | True  True 00 ( 1760,  311)   6  1157  1348
[208] [    17878491] 1 | True  True 00 ( 1773,  332)   6  1125  1276
[209] [    17888428] 1 | True  True 00 ( 1785,  352)   6  1132  1548
[210] [    17898368] 1 | True  True 00 ( 1797,  370)   7  1136  1588
[211] [    17908305] 1 | True  True 00 ( 1810,  393)   6  1109  1736
[212] [    17918239] 1 | True  True 00 ( 1822,  418)   7  1097  1672
[213] [    17928177] 1 | True  True 00 ( 1831,  444)   7  1125  1504
[214] [    17938116] 1 | True  True 00 ( 1839,  470)   6  1072  1816
[215] [    17948054] 1 | True  True 00 ( 1847,  494)   6  1086  1992
[216] [    17957992] 1 | True  True 00 ( 1853,  519)   7  1105  1972
[217] [    17967928] 1 | True  True 00 ( 1856,  546)   6  1110  1884
[218] [    17977866] 1 | True  True 00 ( 1858,  571)   4   983  1596
[219] [    17987802] 1 | True  True 00 ( 1861,  595)   5  1066  1776
[220] [    17997743] 1 | True  True 00 ( 1861,  618)   6  1071  1864
[221] [    18007672] 1 | True  True 00 ( 1857,  642)   5  1022  2040
[222] [    18017611] 1 | True  True 00 ( 1853,  666)   6  1080  1820
[223] [    18027549] 1 | True  True 00 ( 1847,  690)   6  1001  1552
[224] [    18037487] 1 | True  True 00 ( 1837,  713)   4   895  1264
[225] [    18047425] 1 | True  True 00 ( 1829,  735)   5  1039  1448
[226] [    18057342] 1 | True  True 00 ( 1818,  758)   6  1021  1424
[227] [    18067276] 1 | True  True 00 ( 1804,  783)   7  1129  1484
[228] [    18077218] 1 | True  True 00 ( 1790,  809)   5  1000  1380
[229] [    18087152] 1 | True  True 00 ( 1776,  833)   6  1082  1336
[230] [    18097093] 1 | True  True 00 ( 1764,  854)   5  1009  1532
[231] [    18107026] 1 | True  True 00 ( 1750,  871)   6   988  1656
[232] [    18116947] 1 | True  True 00 ( 1735,  890)   5   989  1860
[233] [    18126883] 1 | True  True 00 ( 1714,  907)   7  1146  1572
[234] [    18136819] 1 | True  True 00 ( 1693,  924)   6  1040  1408
[235] [    18146755] 1 | True  True 00 ( 1673,  940)   6  1158  1572
[236] [    18156696] 1 | True  True 00 ( 1654,  956)   4  1021  1708
[237] [    18166632] 1 | True  True 00 ( 1636,  972)   5  1064  1640
[238] [    18176566] 1 | True  True 00 ( 1619,  985)   6  1105  1548
[239] [    18186510] 1 | True  True 00 ( 1599,  994)   8  1300  1500
[240] [    18196446] 1 | True  True 00 ( 1576, 1003)   7  1199  1356
[241] [    18206382] 1 | True  True 00 ( 1552, 1011)   7  1279  1492
[242] [    18216318] 1 | True  True 00 ( 1528, 1017)   4  1124  1792
[243] [    18226254] 1 | True  True 00 ( 1507, 1021)   4  1093  2020
[244] [    18236170] 1 | True  True 00 ( 1488, 1025)   6  1129  1920
[245] [    18246109] 1 | True  True 00 ( 1464, 1027)   6  1174  1640
[246] [    18256048] 1 | True  True 00 ( 1437, 1027)   4  1103  1340
[247] [    18265986] 1 | True  True 00 ( 1411, 1028)   4  1114  1596
[248] [    18275922] 1 | True  True 00 ( 1388, 1028)   4  1131  1784
[249] [    18285861] 1 | True  True 00 ( 1366, 1029)   5  1052  1876
[250] [    18295798] 1 | True  True 00 ( 1345, 1027)   6  1154  1596
[251] [    18305718] 1 | True  True 00 ( 1320, 1024)   6  1170  1312
[252] [    18315652] 1 | True  True 00 ( 1294, 1021)   4  1012  1108
[253] [    18325589] 1 | True  True 00 ( 1268, 1017)   5  1051  1308
[254] [    18335523] 1 | True  True 00 ( 1245, 1012)   4   952  1576
[255] [    18345464] 1 | True  True 00 ( 1225, 1002)   5  1023  1848
[  0] [    18355398] 1 | True  True 00 ( 1203,  991)   5   951  1620
[  1] [    18365339] 1 | True  True 00 ( 1180,  977)   6  1028  1496
[  2] [    18375273] 1 | True  True 00 ( 1159,  962)   6  1091  1412
[  3] [    18385194] 1 | True  True 00 ( 1135,  947)   6  1050  1336
[  4] [    18395129] 1 | True  True 00 ( 1115,  932)   4   858  1140
[  5] [    18405065] 1 | True  True 00 ( 1097,  917)   4   879  1212
[  6] [    18415009] 1 | True  True 00 ( 1083,  900)   5   934  1544
[  7] [    18424943] 1 | True  True 00 ( 1070,  880)   5   851  1528
[  8] [    18434879] 1 | True  True 00 ( 1056,  860)   6  1000  1620
[  9] [    18444814] 1 | True  True 00 ( 1041,  840)   5   944  1508
[ 10] [    18454751] 1 | True  True 00 ( 1026,  819)   6   961  1196
[ 11] [    18464692] 1 | True  True 00 ( 1011,  798)   6  1016  1108
[ 12] [    18474628] 1 | True  True 00 (  999,  775)   6   944  1144
[ 13] [    18484564] 1 | True  True 00 (  987,  752)   7   978  1260
[ 14] [    18494501] 1 | True  True 00 (  976,  729)   7  1003  1320
[ 15] [    18504442] 1 | True  True 00 (  968,  705)   4   906  1200
[ 16] [    18514378] 1 | True  True 00 (  961,  682)   5   909   976
[ 17] [    18524313] 1 | True  True 00 (  958,  658)   5   942  1312
[ 18] [    18534270] 1 | True  True 00 (  957,  632)   6   967  1352
[ 19] [    18544193] 1 | True  True 00 (  955,  605)   6  1029  1452
[ 20] [    18554128] 1 | True  True 00 (  954,  580)   4   957  1232
[ 21] [    18564085] 1 | True  True 00 (  955,  556)   4   911   984
[ 22] [    18574007] 1 | True  True 00 (  956,  534)   5   978  1204
[ 23] [    18583941] 1 | True  True 00 (  960,  511)   5   904  1284
[ 24] [    18593875] 1 | True  True 00 (  964,  485)   5   925  1424
[ 25] [    18603808] 1 | True  True 00 (  970,  462)   5   907  1504
[ 26] [    18613733] 1 | True  True 00 (  977,  439)   5   915  1404
[ 27] [    18623670] 1 | True  True 00 (  990,  418)   6   965  1384
[ 28] [    18633603] 1 | True  True 00 ( 1004,  396)   6   988  1584
[ 29] [    18643522] 1 | True  True 00 ( 1016,  374)   5   943  1824
[ 30] [    18653459] 1 | True  True 00 ( 1028,  351)   5   932  1764
[ 31] [    18663393] 1 | True  True 00 ( 1040,  328)   4   894  1504
[ 32] [    18673335] 1 | True  True 00 ( 1054,  308)   4   896  1160
[ 33] [    18683268] 1 | True  True 00 ( 1069,  290)   6  1026   980
[ 34] [    18693189] 1 | True  True 00 ( 1087,  273)   7  1060  1244
[ 35] [    18703146] 1 | True  True 00 ( 1110,  256)   6   990  1400
[ 36] [    18713084] 1 | True  True 00 ( 1133,  240)   6  1033  1676
[ 37] [    18723018] 1 | True  True 00 ( 1155,  222)   7  1123  1656
[ 38] [    18732959] 1 | True  True 00 ( 1176,  206)   6  1101  1576
[ 39] [    18742913] 1 | True  True 00 ( 1195,  192)   5  1034  1388
[ 40] [    18752852] 1 | True  True 00 ( 1214,  181)   6  1065  1552
[ 41] [    18762790] 1 | True  True 00 ( 1236,  171)   6  1092  1928
[ 42] [    18772749] 1 | True  True 00 ( 1263,  163)   4  1044  2024
[ 43] [    18782685] 1 | True  True 00 ( 1287,  157)   4  1131  1928
[ 44] [    18792642] 1 | True  True 00 ( 1308,  151)   4  1068  1460
[ 45] [    18802603] 1 | True  True 00 ( 1330,  146)   5  1118  1272
[ 46] [    18812540] 1 | True  True 00 ( 1350,  143)   6  1193  1612
[ 47] [    18822477] 1 | True  True 00 ( 1375,  141)   6  1264  1976
[ 48] [    18832435] 1 | True  True 00 ( 1400,  140)   5  1185  1976
[ 49] [    18842391] 1 | True  True 00 ( 1423,  140)   4  1117  1820
[ 50] [    18852315] 1 | True  True 00 ( 1446,  141)   5  1130  1376
[ 51] [    18862270] 1 | True  True 00 ( 1469,  142)   5  1117  1484
[ 52] [    18872207] 1 | True  True 00 ( 1495,  145)   7  1220  1960
[ 53] [    18882140] 1 | True  True 00 ( 1521,  150)   6  1137  2112
[ 54] [    18892084] 1 | True  True 00 ( 1546,  156)   7  1297  2188
[ 55] [    18902019] 1 | True  True 00 ( 1569,  163)   6  1197  1960
[ 56] [    18911960] 1 | True  True 00 ( 1589,  173)   7  1228  1712
[ 57] [    18921893] 1 | True  True 00 ( 1609,  186)   6  1179  1496
[ 58] [    18931831] 1 | True  True 00 ( 1630,  198)   7  1206  1616
[ 59] [    18941765] 1 | True  True 00 ( 1652,  212)   6  1118  1568
[ 60] [    18951706] 1 | True  True 00 ( 1675,  227)   5  1107  1668
[ 61] [    18961640] 1 | True  True 00 ( 1698,  240)   4  1063  1752
[ 62] [    18971582] 1 | True  True 00 ( 1715,  256)   6  1112  1752
[ 63] [    18981515] 1 | True  True 00 ( 1731,  274)   6  1122  1624
[ 64] [    18991456] 1 | True  True 00 ( 1745,  294)   6  1126  1476
[ 65] [    19001389] 1 | True  True 00 ( 1760,  316)   5  1068  1348
[ 66] [    19011330] 1 | True  True 00 ( 1772,  336)   5  1063  1252
[ 67] [    19021264] 1 | True  True 00 ( 1785,  355)   7  1178  1568
[ 68] [    19031205] 1 | True  True 00 ( 1798,  376)   6  1077  1692
[ 69] [    19041159] 1 | True  True 00 ( 1810,  398)   6  1068  1716
[ 70] [    19051098] 1 | True  True 00 ( 1821,  422)   6  1052  1608
[ 71] [    19061036] 1 | True  True 00 ( 1832,  448)   6  1065  1504
[ 72] [    19070973] 1 | True  True 00 ( 1840,  472)   6  1049  1772
[ 73] [    19080911] 1 | True  True 00 ( 1848,  495)   7  1113  1972
[ 74] [    19090848] 1 | True  True 00 ( 1852,  520)   6  1070  1992
[ 75] [    19100786] 1 | True  True 00 ( 1856,  546)   7  1109  1796
[ 76] [    19110704] 1 | True  True 00 ( 1856,  572)   7  1133  1572
[ 77] [    19120638] 1 | True  True 00 ( 1857,  595)   4   939  1820
[ 78] [    19130579] 1 | True  True 00 ( 1859,  619)   6  1051  1932
[ 79] [    19140513] 1 | True  True 00 ( 1855,  644)   6  1042  1976
[ 80] [    19150455] 1 | True  True 00 ( 1852,  670)   6  1001  1688
[ 81] [    19160387] 1 | True  True 00 ( 1845,  695)   6  1047  1576
[ 82] [    19170330] 1 | True  True 00 ( 1836,  718)   5   965  1320
[ 83] [    19180282] 1 | True  True 00 ( 1825,  741)   7  1138  1448
[ 84] [    19190222] 1 | True  True 00 ( 1816,  763)   7  1062  1300
[ 85] [    19200158] 1 | True  True 00 ( 1803,  786)   6  1030  1360
[ 86] [    19210098] 1 | True  True 00 ( 1788,  810)   6  1031  1484
[ 87] [    19220034] 1 | True  True 00 ( 1776,  832)   5  1026  1296
[ 88] [    19229973] 1 | True  True 00 ( 1765,  854)   4   994  1656
[ 89] [    19239911] 1 | True  True 00 ( 1755,  870)   6  1033  1696
[ 90] [    19249844] 1 | True  True 00 ( 1741,  887)   7  1151  1760
[ 91] [    19259782] 1 | True  True 00 ( 1721,  904)   6   985  1328
[ 92] [    19269721] 1 | True  True 00 ( 1697,  922)   6  1117  1456
[ 93] [    19279658] 1 | True  True 00 ( 1674,  940)   7  1141  1616
[ 94] [    19289596] 1 | True  True 00 ( 1654,  956)   5  1071  1548
[ 95] [    19299533] 1 | True  True 00 ( 1635,  971)   5  1075  1664
[ 96] [    19309471] 1 | True  True 00 ( 1617,  984)   6  1135  1548
[ 97] [    19319428] 1 | True  True 00 ( 1597,  994)   7  1264  1524
[ 98] [    19329365] 1 | True  True 00 ( 1572, 1003)   5  1173  1332
[ 99] [    19339306] 1 | True  True 00 ( 1547, 1011)   4  1125  1516
[100] [    19349242] 1 | True  True 00 ( 1525, 1015)   5  1234  1820
[101] [    19359179] 1 | True  True 00 ( 1505, 1019)   4  1104  1996
[102] [    19369114] 1 | True  True 00 ( 1484, 1022)   6  1199  1920
[103] [    19379076] 1 | True  True 00 ( 1460, 1024)   7  1261  1668
[104] [    19389009] 1 | True  True 00 ( 1433, 1026)   4  1090  1340
[105] [    19398950] 1 | True  True 00 ( 1407, 1027)   4  1101  1640
[106] [    19408884] 1 | True  True 00 ( 1383, 1028)   4  1070  1784
[107] [    19418824] 1 | True  True 00 ( 1363, 1028)   5  1108  1828
[108] [    19428759] 1 | True  True 00 ( 1341, 1026)   6  1172  1548
[109] [    19438700] 1 | True  True 00 ( 1314, 1022)   5  1082  1264
[110] [    19448653] 1 | True  True 00 ( 1289, 1019)   6  1104  1016
[111] [    19458595] 1 | True  True 00 ( 1265, 1015)   4  1026  1392
[112] [    19468533] 1 | True  True 00 ( 1243, 1008)   5  1050  1728
[113] [    19478472] 1 | True  True 00 ( 1223, 1000)   6  1029  1728
[114] [    19488403] 1 | True  True 00 ( 1202,  989)   5   934  1576
[115] [    19498342] 1 | True  True 00 ( 1181,  976)   5   958  1432
[116] [    19508277] 1 | True  True 00 ( 1160,  961)   7  1011  1180
[117] [    19518217] 1 | True  True 00 ( 1136,  945)   4   878  1336
[118] [    19528153] 1 | True  True 00 ( 1114,  929)   5   967  1236
[119] [    19538071] 1 | True  True 00 ( 1097,  913)   5   992  1360
[120] [    19548013] 1 | True  True 00 ( 1083,  897)   5   902  1564
[121] [    19557949] 1 | True  True 00 ( 1065,  877)   5   899  1528
[122] [    19567882] 1 | True  True 00 ( 1049,  855)   5   857  1488
[123] [    19577803] 1 | True  True 00 ( 1034,  834)   5   900  1436
[124] [    19587738] 1 | True  True 00 ( 1019,  812)   5   927  1144
[125] [    19597674] 1 | True  True 00 ( 1007,  791)   6   921  1088
[126] [    19607631] 1 | True  True 00 (  994,  770)   6   956  1164
[127] [    19617552] 1 | True  True 00 (  985,  746)   5   878  1204
[128] [    19627487] 1 | True  True 00 (  976,  722)   5   922  1224
[129] [    19637443] 1 | True  True 00 (  968,  699)   4   930  1240
[130] [    19647365] 1 | True  True 00 (  962,  676)   4   858  1036
[131] [    19657301] 1 | True  True 00 (  957,  652)   5   912  1272
[132] [    19667237] 1 | True  True 00 (  954,  627)   6   953  1412
[133] [    19677193] 1 | True  True 00 (  953,  600)   5   936  1312
[134] [    19687115] 1 | True  True 00 (  953,  575)   4   927  1112
[135] [    19697051] 1 | True  True 00 (  955,  551)   4   901  1064
[136] [    19706986] 1 | True  True 00 (  956,  529)   4   913  1232
[137] [    19716922] 1 | True  True 00 (  959,  505)   7  1048  1324
[138] [    19726859] 1 | True  True 00 (  965,  481)   6   984  1444
[139] [    19736800] 1 | True  True 00 (  973,  458)   5   950  1504
[140] [    19746736] 1 | True  True 00 (  980,  436)   6  1007  1404
[141] [    19756672] 1 | True  True 00 (  993,  415)   7  1005  1384
[142] [    19766609] 1 | True  True 00 ( 1007,  394)   6   968  1684
[143] [    19776564] 1 | True  True 00 ( 1018,  371)   5   910  1724
[144] [    19786505] 1 | True  True 00 ( 1031,  348)   5   945  1704
[145] [    19796446] 1 | True  True 00 ( 1043,  325)   4   874  1424
[146] [    19806380] 1 | True  True 00 ( 1056,  305)   4   925  1100
[147] [    19816315] 1 | True  True 00 ( 1069,  287)   6   994   940
[148] [    19826254] 1 | True  True 00 ( 1088,  270)   7  1092  1244
[149] [    19836191] 1 | True  True 00 ( 1110,  252)   5   949  1520
[150] [    19846133] 1 | True  True 00 ( 1132,  234)   7  1124  1732
[151] [    19856070] 1 | True  True 00 ( 1155,  219)   6  1056  1712
[152] [    19866003] 1 | True  True 00 ( 1177,  205)   5  1005  1576
[153] [    19875946] 1 | True  True 00 ( 1198,  193)   6  1134  1504
[154] [    19885881] 1 | True  True 00 ( 1218,  181)   6  1034  1600
[155] [    19895819] 1 | True  True 00 ( 1242,  171)   7  1214  2024
[156] [    19905752] 1 | True  True 00 ( 1268,  162)   4  1118  2024
[157] [    19915693] 1 | True  True 00 ( 1292,  156)   4  1188  1904
[158] [    19925627] 1 | True  True 00 ( 1312,  150)   4  1144  1552
[159] [    19935568] 1 | True  True 00 ( 1332,  147)   5  1144  1404
[160] [    19945502] 1 | True  True 00 ( 1355,  144)   6  1137  1740
[161] [    19955443] 1 | True  True 00 ( 1380,  139)   6  1264  1976
[162] [    19965376] 1 | True  True 00 ( 1407,  138)   4  1170  1976
[163] [    19975297] 1 | True  True 00 ( 1430,  137)   4  1174  1740
[164] [    19985253] 1 | True  True 00 ( 1450,  136)   4  1113  1404
[165] [    19995191] 1 | True  True 00 ( 1472,  139)   6  1147  1608
[166] [    20005126] 1 | True  True 00 ( 1496,  144)   7  1240  1912
[167] [    20015047] 1 | True  True 00 ( 1523,  150)   7  1215  2064
[168] [    20024983] 1 | True  True 00 ( 1548,  157)   8  1329  2088
[169] [    20034920] 1 | True  True 00 ( 1571,  166)   6  1165  1988
[170] [    20044856] 1 | True  True 00 ( 1591,  176)   6  1198  1712
[171] [    20054791] 1 | True  True 00 ( 1610,  188)   8  1294  1472
[172] [    20064734] 1 | True  True 00 ( 1631,  201)   7  1189  1568
[173] [    20074671] 1 | True  True 00 ( 1656,  214)   6  1111  1644
[174] [    20084606] 1 | True  True 00 ( 1681,  228)   4  1116  1712
[175] [    20094543] 1 | True  True 00 ( 1702,  241)   4  1078  1836
[176] [    20104482] 1 | True  True 00 ( 1719,  258)   6  1090  1772
[177] [    20114395] 1 | True  True 00 ( 1734,  277)   6  1077  1520
[178] [    20124335] 1 | True  True 00 ( 1748,  298)   5  1088  1392
[179] [    20134272] 1 | True  True 00 ( 1761,  321)   5  1077  1232
[180] [    20144192] 1 | True  True 00 ( 1774,  341)   6  1094  1336
[181] [    20154125] 1 | True  True 00 ( 1785,  360)   7  1148  1528
[182] [    20164047] 1 | True  True 00 ( 1798,  380)   7  1110  1716
[183] [    20173984] 1 | True  True 00 ( 1811,  402)   5  1014  1756
[184] [    20183919] 1 | True  True 00 ( 1824,  427)   7  1083  1548
[185] [    20193855] 1 | True  True 00 ( 1834,  451)   6  1055  1484
[186] [    20203791] 1 | True  True 00 ( 1843,  475)   5  1021  1904
[187] [    20213727] 1 | True  True 00 ( 1850,  499)   6  1082  1948
[188] [    20223668] 1 | True  True 00 ( 1854,  524)   6  1073  1992
[189] [    20233625] 1 | True  True 00 ( 1857,  551)   6  1077  1796
[190] [    20243563] 1 | True  True 00 ( 1857,  576)   6  1141  1616
[191] [    20253498] 1 | True  True 00 ( 1855,  599)   5  1080  1908
[192] [    20263439] 1 | True  True 00 ( 1856,  621)   5   980  1976
[193] [    20273372] 1 | True  True 00 ( 1851,  646)   5  1039  1996
[194] [    20283313] 1 | True  True 00 ( 1844,  671)   7  1103  1776
[195] [    20293246] 1 | True  True 00 ( 1836,  698)   5   990  1376
[196] [    20303188] 1 | True  True 00 ( 1829,  722)   7  1083  1424
[197] [    20313121] 1 | True  True 00 ( 1819,  743)   6  1079  1256
[198] [    20323082] 1 | True  True 00 ( 1809,  768)   6  1014  1296
[199] [    20333019] 1 | True  True 00 ( 1798,  792)   5  1021  1528
[200] [    20342957] 1 | True  True 00 ( 1786,  815)   4   942  1444
[201] [    20352895] 1 | True  True 00 ( 1775,  837)   4   977  1296
[202] [    20362835] 1 | True  True 00 ( 1763,  857)   5   984  1572
[203] [    20372772] 1 | True  True 00 ( 1750,  875)   6   989  1656
[204] [    20382706] 1 | True  True 00 ( 1737,  891)   7  1091  1656
[205] [    20392645] 1 | True  True 00 ( 1719,  909)   5   953  1368
[206] [    20402585] 1 | True  True 00 ( 1695,  926)   6  1124  1500
[207] [    20412537] 1 | True  True 00 ( 1673,  941)   6  1173  1616
[208] [    20422481] 1 | True  True 00 ( 1653,  958)   5  1090  1708
[209] [    20432416] 1 | True  True 00 ( 1633,  973)   5  1107  1780
[210] [    20442351] 1 | True  True 00 ( 1616,  984)   7  1217  1572
[211] [    20452286] 1 | True  True 00 ( 1591,  993)   6  1187  1428
[212] [    20462224] 1 | True  True 00 ( 1567, 1003)   6  1166  1236
[213] [    20472165] 1 | True  True 00 ( 1543, 1011)   5  1132  1516
[214] [    20482101] 1 | True  True 00 ( 1521, 1017)   4  1131  1868
[215] [    20492037] 1 | True  True 00 ( 1500, 1023)   5  1103  2048
[216] [    20501981] 1 | True  True 00 ( 1481, 1026)   7  1208  1868
[217] [    20511915] 1 | True  True 00 ( 1459, 1029)   6  1121  1716
[218] [    20521871] 1 | True  True 00 ( 1442, 1030)   6  1157  1640
[219] [    20531808] 1 | True  True 00 ( 1430, 1032)   5  1012  1668
[220] [    20541762] 1 | True  True 00 ( 1422, 1033)   5  1077  1716
[221] [    20551702] 1 | True  True 00 ( 1415, 1032)   5  1145  1692
[222] [    20561639] 1 | True  True 00 ( 1412, 1032)   5  1031  1692
[223] [    20571578] 1 |False  True 00 ( 1412, 1032)   5  1031  1692
[224] [    20581535] 0 
