[233] [    19426740]   0-None                     (    0)
[234] [    19439233]   0-None                     (    0)
[235] [    19451735]   0-None                     (    0)
[236] [    19464217]   0-None                     (    0)
[237] [    19476731]   0-None                     (    0)
[238] [    19489214]   0-None                     (    0)
[239] [    19501716]   0-None                     (    0)
[240] [    19514197]   0-None                     (    0)
[241] [    19526707]   0-None                     (    0)
[242] [    19539186]   0-None                     (    0)
[243] [    19551683]   0-None                     (    0)
[244] [    19564181]   0-None                     (    0)
[245] [    19576679]   0-None                     (    0)
[246] [    19589179]   0-None                     (    0)
[247] [    19601679]   0-None                     (    0)
[248] [    19614159]   0-None                     (    0)
[249] [    19626658]   0-None                     (    0)
[250] [    19639145]   0-None                     (    0)
[251] [    19651660]   0-None                     (    0)
[252] [    19664164]   0-None                     (    0)
[253] [    19676659]   0-None                     (    0)
[254] [    19689138]   0-None                     (    0)
[255] [    19701642]   0-None                     (    0)
[  0] [    19714159]   0-None                     (    0)
[  1] [    19726659]   0-None                     (    0)
[  2] [    19739159]   0-None                     (    0)
[  3] [    19751660]   0-None                     (    0)
[  4] [    19764160]   0-None                     (    0)
[  5] [    19776660]   0-None                     (    0)
[  6] [    19789160]   0-None                     (    0)
[  7] [    19801660]   0-None                     (    0)
[  8] [    19814159]   0-None                     (    0)
[  9] [    19826639]   0-None                     (    0)
[ 10] [    19839136]   0-None                     (    0)
[ 11] [    19851640]   0-None                     (    0)
[ 12] [    19864116]   0-None                     (    0)
[ 13] [    19876595]   0-None                     (    0)
[ 14] [    19889095]   0-None                     (    0)
[ 15] [    19901574]   0-None                     (    0)
[ 16] [    19914076]   0-None                     (    0)
[ 17] [    19926576]   0-None                     (    0)
[ 18] [    19939078]   0-None                     (    0)
[ 19] [    19951572]   0-None                     (    0)
[ 20] [    19964077]   0-None                     (    0)
[ 21] [    19976573]   0-None                     (    0)
[ 22] [    19989076]   0-None                     (    0)
[ 23] [    20001578]   0-None                     (    0)
[ 24] [    20014092]   0-None                     (    0)
[ 25] [    20026570]   0-None                     (    0)
[ 26] [    20039075]   0-None                     (    0)
[ 27] [    20051574]   0-None                     (    0)
[ 28] [    20064074]   0-None                     (    0)
[ 29] [    20076573]   0-None                     (    0)
[ 30] [    20089054]   0-None                     (    0)
[ 31] [    20101571]   0-None                     (    0)
[ 32] [    20114073]   0-None                     (    0)
[ 33] [    20126553]   0-None                     (    0)
[ 34] [    20139071]   0-None                     (    0)
[ 35] [    20151553]   0-None                     (    0)
[ 36] [    20164050]   0-None                     (    0)
[ 37] [    20176548]   0-None                     (    0)
[ 38] [    20189046]   0-None                     (    0)
[ 39] [    20201546]   0-None                     (    0)
[ 40] [    20214066]   0-None                     (    0)
[ 41] [    20226567]   0-None                     (    0)
[ 42] [    20239072]   0-None                     (    0)
[ 43] [    20251571]   0-None                     (    0)
[ 44] [    20264074]   0-None                     (    0)
[ 45] [    20276570]   0-None                     (    0)
[ 46] [    20289066]   0-None                     (    0)
[ 47] [    20301568]   0-None                     (    0)
[ 48] [    20314069]   0-None                     (    0)
[ 49] [    20326569]   0-None                     (    0)
[ 50] [    20339069]   0-None                     (    0)
[ 51] [    20351571]   0-None                     (    0)
[ 52] [    20364070]   0-None                     (    0)
[ 53] [    20376570]   0-None                     (    0)
[ 54] [    20389070]   0-None                     (    0)
[ 55] [    20401564]   0-None                     (    0)
[ 56] [    20414086]   0-None                     (    0)
[ 57] [    20426586]   0-None                     (    0)
[ 58] [    20439085]   0-None                     (    0)
[ 59] [    20451591]   0-None                     (    0)
[ 60] [    20464091]   0-None                     (    0)
[ 61] [    20476590]   0-None                     (    0)
[ 62] [    20489090]   0-None                     (    0)
[ 63] [    20501568]   0-None                     (    0)
[ 64] [    20514068]   0-None                     (    0)
[ 65] [    20526568]   0-None                     (    0)
[ 66] [    20539068]   0-None                     (    0)
[ 67] [    20551567]   0-None                     (    0)
[ 68] [    20564068]   0-None                     (    0)
[ 69] [    20576588]   0-None                     (    0)
[ 70] [    20589089]   0-None                     (    0)
[ 71] [    20601583]   0-None                     (    0)
[ 72] [    20614083]   0-None                     (    0)
[ 73] [    20626584]   0-None                     (    0)
[ 74] [    20639082]   0-None                     (    0)
[ 75] [    20651581]   0-None                     (    0)
[ 76] [    20664082]   0-None                     (    0)
[ 77] [    20676588]   0-None                     (    0)
[ 78] [    20689067]   0-None                     (    0)
[ 79] [    20701560]   0-None                     (    0)
[ 80] [    20714061]   0-None                     (    0)
[ 81] [    20726565]   0-None                     (    0)
[ 82] [    20739066]   0-None                     (    0)
[ 83] [    20751546]   0-None                     (    0)
[ 84] [    20764043]   0-None                     (    0)
[ 85] [    20776540]   0-None                     (    0)
[ 86] [    20789039]   0-None                     (    0)
[ 87] [    20801538]   0-None                     (    0)
[ 88] [    20814038]   0-None                     (    0)
[ 89] [    20826538]   0-None                     (    0)
[ 90] [    20839038]   0-None                     (    0)
[ 91] [    20851538]   0-None                     (    0)
[ 92] [    20864038]   0-None                     (    0)
[ 93] [    20876537]   0-None                     (    0)
[ 94] [    20889037]   0-None                     (    0)
[ 95] [    20901537]   0-None                     (    0)
[ 96] [    20914039]   0-None                     (    0)
[ 97] [    20926523]   0-None                     (    0)
[ 98] [    20939022]   0-None                     (    0)
[ 99] [    20951517]   0-None                     (    0)
[100] [    20964016]   0-None                     (    0)
[101] [    20976517]   0-None                     (    0)
[102] [    20989017]   0-None                     (    0)
[103] [    21001519]   0-None                     (    0)
[104] [    21014018]   0-None                     (    0)
[105] [    21026517]   0-None                     (    0)
[106] [    21039018]   0-None                     (    0)
[107] [    21051538]   0-None                     (    0)
[108] [       10274]   0-None                     (    0)
[109] [       22793]   0-None                     (    0)
[110] [       35295]   0-None                     (    0)
[111] [       47799]   0-None                     (    0)
[112] [       60300]   0-None                     (    0)
[113] [       72800]   0-None                     (    0)
[114] [       85293]   0-None                     (    0)
[115] [       97774]   0-None                     (    0)
[116] [      110272]   0-None                     (    0)
[117] [      122772]   0-None                     (    0)
[118] [      135272]   0-None                     (    0)
[119] [      147772]   0-None                     (    0)
[120] [      160292]   0-None                     (    0)
[121] [      172773]   0-None                     (    0)
[122] [      185277]   0-None                     (    0)
[123] [      197793]   0-None                     (    0)
[124] [      210296]   0-None                     (    0)
[125] [      222797]   0-None                     (    0)
[126] [      235296]   0-None                     (    0)
[127] [      247818]   0-None                     (    0)
[128] [      260296]   0-None                     (    0)
[129] [      272818]   0-None                     (    0)
[130] [      285317]   0-None                     (    0)
[131] [      297818]   0-None                     (    0)
[132] [      310337]   0-None                     (    0)
[133] [      322856]   0-None                     (    0)
[134] [      335361]   0-None                     (    0)
[135] [      347860]   0-None                     (    0)
[136] [      360335]   0-None                     (    0)
[137] [      372835]   0-None                     (    0)
[138] [      385334]   0-None                     (    0)
[139] [      397834]   0-None                     (    0)
[140] [      410333]   0-None                     (    0)
[141] [      422833]   0-None                     (    0)
[142] [      435333]   0-None                     (    0)
[143] [      447813]   0-None                     (    0)
[144] [      460313]   0-None                     (    0)
[145] [      472833]   0-None                     (    0)
[146] [      485332]   0-None                     (    0)
[147] [      497853]   0-None                     (    0)
[148] [      510355]   0-None                     (    0)
[149] [      522837]   0-None                     (    0)
[150] [      535337]   0-None                     (    0)
[151] [      547836]   0-None                     (    0)
[152] [      560337]   0-None                     (    0)
[153] [      572833]   0-None                     (    0)
[154] [      585332]   0-None                     (    0)
[155] [      597831]   0-None                     (    0)
[156] [      610330]   0-None                     (    0)
[157] [      622830]   0-None                     (    0)
[158] [      635310]   0-None                     (    0)
[159] [      647811]   0-None                     (    0)
[160] [      660310]   0-None                     (    0)
[161] [      672810]   0-None                     (    0)
[162] [      685310]   0-None                     (    0)
[163] [      697810]   0-None                     (    0)
[164] [      710310]   0-None                     (    0)
[165] [      722810]   0-None                     (    0)
[166] [      735309]   0-None                     (    0)
[167] [      747810]   0-None                     (    0)
[168] [      760309]   0-None                     (    0)
[169] [      772809]   0-None                     (    0)
[170] [      785329]   0-None                     (    0)
[171] [      797828]   0-None                     (    0)
[172] [      810328]   0-None                     (    0)
[173] [      822815]   0-None                     (    0)
[174] [      835328]   0-None                     (    0)
[175] [      847828]   0-None                     (    0)
[176] [      860330]   0-None                     (    0)
[177] [      872829]   0-None                     (    0)
[178] [      885312]   0-None                     (    0)
[179] [      897825]   0-None                     (    0)
[180] [      910311]   0-None                     (    0)
[181] [      922804]   0-None                     (    0)
[182] [      935288]   0-None                     (    0)
[183] [      947781]   0-None                     (    0)
[184] [      960283]   0-None                     (    0)
[185] [      972787]   0-None                     (    0)
[186] [      985287]   0-None                     (    0)
[187] [      997787]   0-None                     (    0)
[188] [     1010287]   0-None                     (    0)
[189] [     1022787]   0-None                     (    0)
[190] [     1035287]   0-None                     (    0)
[191] [     1047787]   0-None                     (    0)
[192] [     1060280]   0-None                     (    0)
[193] [     1072782]   0-None                     (    0)
[194] [     1085307]   0-None                     (    0)
[195] [     1097807]   0-None                     (    0)
[196] [     1110307]   0-None                     (    0)
[197] [     1122806]   0-None                     (    0)
[198] [     1135307]   0-None                     (    0)
[199] [     1147821]   0-None                     (    0)
[200] [     1160329]   0-None                     (    0)
[201] [     1172829]   0-None                     (    0)
[202] [     1185309]   0-None                     (    0)
[203] [     1197801]   0-None                     (    0)
[204] [     1210301]   0-None                     (    0)
[205] [     1222820]   0-None                     (    0)
[206] [     1235307]   0-None                     (    0)
[207] [     1247820]   0-None                     (    0)
[208] [     1260326]   0-None                     (    0)
[209] [     1272827]   0-None                     (    0)
[210] [     1285327]   0-None                     (    0)
[211] [     1297847]   0-None                     (    0)
[212] [     1310363]   0-None                     (    0)
[213] [     1322865]   0-None                     (    0)
[214] [     1335365]   0-None                     (    0)
[215] [     1347864]   0-None                     (    0)
[216] [     1360364]   0-None                     (    0)
[217] [     1372864]   0-None                     (    0)
[218] [     1385364]   0-None                     (    0)
[219] [     1397864]   0-None                     (    0)
[220] [     1410382]   0-None                     (    0)
[221] [     1422901]   0-None                     (    0)
[222] [     1435402]   0-None                     (    0)
[223] [     1447906]   0-None                     (    0)
[224] [     1460409]   0-None                     (    0)
[225] [     1472904]   0-None                     (    0)
[226] [     1485406]   0-None                     (    0)
[227] [     1497920]   0-None                     (    0)
[228] [     1510421]   0-None                     (    0)
[229] [     1522941]   0-None                     (    0)
[230] [     1535429]   0-None                     (    0)
[231] [     1547942]   0-None                     (    0)
[232] [     1560447]   0-None                     (    0)
[233] [     1572969]   0-None                     (    0)
[234] [     1585484]   0-None                     (    0)
[235] [     1597985]   0-None                     (    0)
[236] [     1610505]   0-None                     (    0)
[237] [     1623011]   0-None                     (    0)
[238] [     1635527]   0-None                     (    0)
[239] [     1648050]   0-None                     (    0)
[240] [     1660550]   0-None                     (    0)
[241] [     1673071]   0-None                     (    0)
[242] [     1685571]   0-None                     (    0)
[243] [     1698093]   0-None                     (    0)
[244] [     1710628]   0-None                     (    0)
[245] [     1723147]   0-None                     (    0)
[246] [     1735669]   0-None                     (    0)
[247] [     1748189]   0-None                     (    0)
[248] [     1760695]   0-None                     (    0)
[249] [     1773197]   0-None                     (    0)
[250] [     1785715]   0-None                     (    0)
[251] [     1798218]   0-None                     (    0)
[252] [     1810712]   0-None                     (    0)
[253] [     1823237]   0-None                     (    0)
[254] [     1835751]   0-None                     (    0)
[255] [     1848256]   0-None                     (    0)
[  0] [     1860772]   0-None                     (    0)
[  1] [     1873276]   0-None                     (    0)
[  2] [     1885776]   0-None                     (    0)
[  3] [     1898275]   0-None                     (    0)
[  4] [     1910775]   0-None                     (    0)
[  5] [     1923297]   0-None                     (    0)
[  6] [     1935796]   0-None                     (    0)
[  7] [     1948316]   0-None                     (    0)
[  8] [     1960815]   0-None                     (    0)
[  9] [     1973314]   0-None                     (    0)
[ 10] [     1985834]   0-None                     (    0)
[ 11] [     1998339]   0-None                     (    0)
[ 12] [     2010834]   0-None                     (    0)
[ 13] [     2023338]   0-None                     (    0)
[ 14] [     2035874]   0-None                     (    0)
[ 15] [     2048392]   0-None                     (    0)
[ 16] [     2060915]   0-None                     (    0)
[ 17] [     2073434]   0-None                     (    0)
[ 18] [     2085941]   0-None                     (    0)
[ 19] [     2098462]   0-None                     (    0)
[ 20] [     2110965]   0-None                     (    0)
[ 21] [     2123482]   0-None                     (    0)
[ 22] [     2135983]   0-None                     (    0)
[ 23] [     2148498]   0-None                     (    0)
[ 24] [     2161002]   0-None                     (    0)
[ 25] [     2173500]   0-None                     (    0)
[ 26] [     2185979]   0-None                     (    0)
[ 27] [     2198478]   0-None                     (    0)
[ 28] [     2210998]   0-None                     (    0)
[ 29] [     2223495]   0-None                     (    0)
[ 30] [     2236003]   0-None                     (    0)
[ 31] [     2248519]   0-None                     (    0)
[ 32] [     2261021]   0-None                     (    0)
[ 33] [     2273520]   0-None                     (    0)
[ 34] [     2286020]   0-None                     (    0)
[ 35] [     2298520]   0-None                     (    0)
[ 36] [     2311020]   0-None                     (    0)
[ 37] [     2323520]   0-None                     (    0)
[ 38] [     2336043]   0-None                     (    0)
[ 39] [     2348536]   0-None                     (    0)
[ 40] [     2361035]   0-None                     (    0)
[ 41] [     2373541]   0-None                     (    0)
[ 42] [     2386041]   0-None                     (    0)
[ 43] [     2398540]   0-None                     (    0)
[ 44] [     2411021]   0-None                     (    0)
[ 45] [     2423534]   0-None                     (    0)
[ 46] [     2436035]   0-None                     (    0)
[ 47] [     2448535]   0-None                     (    0)
[ 48] [     2461036]   0-None                     (    0)
[ 49] [     2473536]   0-None                     (    0)
[ 50] [     2486036]   0-None                     (    0)
[ 51] [     2498538]   0-None                     (    0)
[ 52] [     2511039]   0-None                     (    0)
[ 53] [     2523538]   0-None                     (    0)
[ 54] [     2536059]   0-None                     (    0)
[ 55] [     2548558]   0-None                     (    0)
[ 56] [     2561057]   0-None                     (    0)
[ 57] [     2573556]   0-None                     (    0)
[ 58] [     2586055]   0-None                     (    0)
[ 59] [     2598535]   0-None                     (    0)
[ 60] [     2611035]   0-None                     (    0)
[ 61] [     2623535]   0-None                     (    0)
[ 62] [     2636035]   0-None                     (    0)
[ 63] [     2648535]   0-None                     (    0)
[ 64] [     2661034]   0-None                     (    0)
[ 65] [     2673534]   0-None                     (    0)
[ 66] [     2686034]   0-None                     (    0)
[ 67] [     2698534]   0-None                     (    0)
[ 68] [     2711034]   0-None                     (    0)
[ 69] [     2723534]   0-None                     (    0)
[ 70] [     2736034]   0-None                     (    0)
[ 71] [     2748536]   0-None                     (    0)
[ 72] [     2761051]   0-None                     (    0)
[ 73] [     2773558]   0-None                     (    0)
[ 74] [     2786036]   0-None                     (    0)
[ 75] [     2798535]   0-None                     (    0)
[ 76] [     2811036]   0-None                     (    0)
[ 77] [     2823550]   0-None                     (    0)
[ 78] [     2836057]   0-None                     (    0)
[ 79] [     2848557]   0-None                     (    0)
[ 80] [     2861037]   0-None                     (    0)
[ 81] [     2873549]   0-None                     (    0)
[ 82] [     2886036]   0-None                     (    0)
[ 83] [     2898528]   0-None                     (    0)
[ 84] [     2911034]   0-None                     (    0)
[ 85] [     2923512]   0-None                     (    0)
[ 86] [     2936034]   0-None                     (    0)
[ 87] [     2948533]   0-None                     (    0)
[ 88] [     2961034]   0-None                     (    0)
[ 89] [     2973533]   0-None                     (    0)
[ 90] [     2986033]   0-None                     (    0)
[ 91] [     2998532]   0-None                     (    0)
[ 92] [     3011053]   0-None                     (    0)
[ 93] [     3023551]   0-None                     (    0)
[ 94] [     3036050]   0-None                     (    0)
[ 95] [     3048549]   0-None                     (    0)
[ 96] [     3061049]   0-None                     (    0)
[ 97] [     3073550]   0-None                     (    0)
[ 98] [     3086069]   0-None                     (    0)
[ 99] [     3098572]   0-None                     (    0)
[100] [     3111095]   0-None                     (    0)
[101] [     3123595]   0-None                     (    0)
[102] [     3136114]   0-None                     (    0)
[103] [     3148612]   0-None                     (    0)
[104] [     3161112]   0-None                     (    0)
[105] [     3173631]   0-None                     (    0)
[106] [     3186134]   0-None                     (    0)
[107] [     3198655]   0-None                     (    0)
[108] [     3211155]   0-None                     (    0)
[109] [     3223654]   0-None                     (    0)
[110] [     3236154]   0-None                     (    0)
[111] [     3248654]   0-None                     (    0)
[112] [     3261154]   0-None                     (    0)
[113] [     3273632]   0-None                     (    0)
[114] [     3286132]   0-None                     (    0)
[115] [     3298612]   0-None                     (    0)
[116] [     3311130]   0-None                     (    0)
[117] [     3323632]   0-None                     (    0)
[118] [     3336126]   0-None                     (    0)
[119] [     3348627]   0-None                     (    0)
[120] [     3361111]   0-None                     (    0)
[121] [     3373632]   0-None                     (    0)
[122] [     3386128]   0-None                     (    0)
[123] [     3398631]   0-None                     (    0)
[124] [     3411127]   0-None                     (    0)
[125] [     3423628]   0-None                     (    0)
[126] [     3436130]   0-None                     (    0)
[127] [     3448609]   0-None                     (    0)
[128] [     3461105]   0-None                     (    0)
[129] [     3473604]   0-None                     (    0)
[130] [     3486124]   0-None                     (    0)
[131] [     3498625]   0-None                     (    0)
[132] [     3511109]   0-None                     (    0)
[133] [     3523627]   0-None                     (    0)
[134] [     3536129]   0-None                     (    0)
[135] [     3548609]   0-None                     (    0)
[136] [     3561106]   0-None                     (    0)
[137] [     3573603]   0-None                     (    0)
[138] [     3586082]   0-None                     (    0)
[139] [     3598582]   0-None                     (    0)
[140] [     3611082]   0-None                     (    0)
[141] [     3623562]   0-None                     (    0)
[142] [     3636066]   0-None                     (    0)
[143] [     3648542]   0-None                     (    0)
[144] [     3661041]   0-None                     (    0)
[145] [     3673521]   0-None                     (    0)
[146] [     3686021]   0-None                     (    0)
[147] [     3698520]   0-None                     (    0)
[148] [     3711022]   0-None                     (    0)
[149] [     3723501]   0-None                     (    0)
[150] [     3736005]   0-None                     (    0)
[151] [     3748499]   0-None                     (    0)
[152] [     3760998]   0-None                     (    0)
[153] [     3773499]   0-None                     (    0)
[154] [     3785981]   0-None                     (    0)
[155] [     3798478]   0-None                     (    0)
[156] [     3810978]   0-None                     (    0)
[157] [     3823478]   0-None                     (    0)
[158] [     3835975]   0-None                     (    0)
[159] [     3848474]   0-None                     (    0)
[160] [     3860962]   0-None                     (    0)
[161] [     3873461]   0-None                     (    0)
[162] [     3885961]   0-None                     (    0)
[163] [     3898460]   0-None                     (    0)
[164] [     3910960]   0-None                     (    0)
[165] [     3923460]   0-None                     (    0)
[166] [     3935960]   0-None                     (    0)
[167] [     3948459]   0-None                     (    0)
[168] [     3960959]   0-None                     (    0)
[169] [     3973459]   0-None                     (    0)
[170] [     3985960]   0-None                     (    0)
[171] [     3998459]   0-None                     (    0)
[172] [     4010959]   0-None                     (    0)
[173] [     4023459]   0-None                     (    0)
[174] [     4035958]   0-None                     (    0)
[175] [     4048456]   0-None                     (    0)
[176] [     4060938]   0-None                     (    0)
[177] [     4073433]   0-None                     (    0)
[178] [     4085931]   0-None                     (    0)
[179] [     4098436]   0-None                     (    0)
[180] [     4110932]   0-None                     (    0)
[181] [     4123437]   0-None                     (    0)
[182] [     4135937]   0-None                     (    0)
[183] [     4148415]   0-None                     (    0)
[184] [     4160915]   0-None                     (    0)
[185] [     4173415]   0-None                     (    0)
[186] [     4185915]   0-None                     (    0)
[187] [     4198415]   0-None                     (    0)
[188] [     4210915]   0-None                     (    0)
[189] [     4223415]   0-None                     (    0)
[190] [     4235915]   0-None                     (    0)
[191] [     4248434]   0-None                     (    0)
[192] [     4260950]   0-None                     (    0)
[193] [     4273450]   0-None                     (    0)
[194] [     4285950]   0-None                     (    0)
[195] [     4298470]   0-None                     (    0)
[196] [     4310956]   0-None                     (    0)
[197] [     4323467]   0-None                     (    0)
[198] [     4335955]   0-None                     (    0)
[199] [     4348448]   0-None                     (    0)
[200] [     4360955]   0-None                     (    0)
[201] [     4373467]   0-None                     (    0)
[202] [     4385971]   0-None                     (    0)
[203] [     4398467]   0-None                     (    0)
[204] [     4410972]   0-None                     (    0)
[205] [     4423470]   0-None                     (    0)
[206] [     4435968]   0-None                     (    0)
[207] [     4448486]   0-None                     (    0)
[208] [     4460967]   0-None                     (    0)
[209] [     4473486]   0-None                     (    0)
[210] [     4485987]   0-None                     (    0)
[211] [     4498491]   0-None                     (    0)
[212] [     4511013]   0-None                     (    0)
[213] [     4523512]   0-None                     (    0)
[214] [     4536033]   0-None                     (    0)
[215] [     4548551]   0-None                     (    0)
[216] [     4561055]   0-None                     (    0)
[217] [     4573571]   0-None                     (    0)
[218] [     4586091]   0-None                     (    0)
[219] [     4598589]   0-None                     (    0)
[220] [     4611089]   0-None                     (    0)
[221] [     4623589]   0-None                     (    0)
[222] [     4636089]   0-None                     (    0)
[223] [     4648589]   0-None                     (    0)
[224] [     4661094]   0-None                     (    0)
[225] [     4673610]   0-None                     (    0)
[226] [     4686113]   0-None                     (    0)
[227] [     4698615]   0-None                     (    0)
[228] [     4711137]   0-None                     (    0)
[229] [     4723635]   0-None                     (    0)
[230] [     4736134]   0-None                     (    0)
[231] [     4748634]   0-None                     (    0)
[232] [     4761155]   0-None                     (    0)
[233] [     4773655]   0-None                     (    0)
[234] [     4786153]   0-None                     (    0)
[235] [     4798653]   0-None                     (    0)
[236] [     4811152]   0-None                     (    0)
[237] [     4823651]   0-None                     (    0)
[238] [     4836151]   0-None                     (    0)
[239] [     4848650]   0-None                     (    0)
[240] [     4861150]   0-None                     (    0)
[241] [     4873671]   0-None                     (    0)
[242] [     4886154]   0-None                     (    0)
[243] [     4898675]   0-None                     (    0)
[244] [     4911171]   0-None                     (    0)
[245] [     4923676]   0-None                     (    0)
[246] [     4936171]   0-None                     (    0)
[247] [     4948696]   0-None                     (    0)
[248] [     4961196]   0-None                     (    0)
[249] [     4973718]   0-None                     (    0)
[250] [     4986213]   0-None                     (    0)
[251] [     4998736]   0-None                     (    0)
[252] [     5011215]   0-None                     (    0)
[253] [     5023735]   0-None                     (    0)
[254] [     5036236]   0-None                     (    0)
[255] [     5048735]   0-None                     (    0)
[  0] [     5061228]   0-None                     (    0)
[  1] [     5073709]   0-None                     (    0)
[  2] [     5086228]   0-None                     (    0)
[  3] [     5098729]   0-None                     (    0)
[  4] [     5111234]   0-None                     (    0)
[  5] [     5123727]   0-None                     (    0)
[  6] [     5136229]   0-None                     (    0)
[  7] [     5148733]   0-None                     (    0)
[  8] [     5161213]   0-None                     (    0)
[  9] [     5173731]   0-None                     (    0)
[ 10] [     5186213]   0-None                     (    0)
[ 11] [     5198710]   0-None                     (    0)
[ 12] [     5211226]   0-None                     (    0)
[ 13] [     5223728]   0-None                     (    0)
[ 14] [     5236211]   0-None                     (    0)
[ 15] [     5248729]   0-None                     (    0)
[ 16] [     5261232]   0-None                     (    0)
[ 17] [     5273732]   0-None                     (    0)
[ 18] [     5286225]   0-None                     (    0)
[ 19] [     5298728]   0-None                     (    0)
[ 20] [     5311232]   0-None                     (    0)
[ 21] [     5323748]   0-None                     (    0)
[ 22] [     5336249]   0-None                     (    0)
[ 23] [     5348747]   0-None                     (    0)
[ 24] [     5361249]   0-None                     (    0)
[ 25] [     5373768]   0-None                     (    0)
[ 26] [     5386268]   0-None                     (    0)
[ 27] [     5398768]   0-None                     (    0)
[ 28] [     5411289]   0-None                     (    0)
[ 29] [     5423792]   0-None                     (    0)
[ 30] [     5436289]   0-None                     (    0)
[ 31] [     5448812]   0-None                     (    0)
[ 32] [     5461311]   0-None                     (    0)
[ 33] [     5473830]   0-None                     (    0)
[ 34] [     5486328]   0-None                     (    0)
[ 35] [     5498847]   0-None                     (    0)
[ 36] [     5511349]   0-None                     (    0)
[ 37] [     5523833]   0-None                     (    0)
[ 38] [     5536331]   0-None                     (    0)
[ 39] [     5548847]   0-None                     (    0)
[ 40] [     5561329]   0-None                     (    0)
[ 41] [     5573827]   0-None                     (    0)
[ 42] [     5586326]   0-None                     (    0)
[ 43] [     5598826]   0-None                     (    0)
[ 44] [     5611348]   0-None                     (    0)
[ 45] [     5623833]   0-None                     (    0)
[ 46] [     5636349]   0-None                     (    0)
[ 47] [     5648852]   0-None                     (    0)
[ 48] [     5661354]   0-None                     (    0)
[ 49] [     5673846]   0-None                     (    0)
[ 50] [     5686326]   0-None                     (    0)
[ 51] [     5698845]   0-None                     (    0)
[ 52] [     5711326]   0-None                     (    0)
[ 53] [     5723824]   0-None                     (    0)
[ 54] [     5736324]   0-None                     (    0)
[ 55] [     5748844]   0-None                     (    0)
[ 56] [     5761346]   0-None                     (    0)
[ 57] [     5773850]   0-None                     (    0)
[ 58] [     5786350]   0-None                     (    0)
[ 59] [     5798871]   0-None                     (    0)
[ 60] [     5811371]   0-None                     (    0)
[ 61] [     5823891]   0-None                     (    0)
[ 62] [     5836390]   0-None                     (    0)
[ 63] [     5848909]   0-None                     (    0)
[ 64] [     5861393]   0-None                     (    0)
[ 65] [     5873913]   0-None                     (    0)
[ 66] [     5886389]   0-None                     (    0)
[ 67] [     5898895]   0-None                     (    0)
[ 68] [     5911390]   0-None                     (    0)
[ 69] [     5923888]   0-None                     (    0)
[ 70] [     5936389]   0-None                     (    0)
[ 71] [     5948890]   0-None                     (    0)
[ 72] [     5961408]   0-None                     (    0)
[ 73] [     5973911]   0-None                     (    0)
[ 74] [     5986407]   0-None                     (    0)
[ 75] [     5998913]   0-None                     (    0)
[ 76] [     6011411]   0-None                     (    0)
[ 77] [     6023907]   0-None                     (    0)
[ 78] [     6036412]   0-None                     (    0)
[ 79] [     6048906]   0-None                     (    0)
[ 80] [     6061409]   0-None                     (    0)
[ 81] [     6073913]   0-None                     (    0)
[ 82] [     6086412]   0-None                     (    0)
[ 83] [     6098911]   0-None                     (    0)
[ 84] [     6111410]   0-None                     (    0)
[ 85] [     6123905]   0-None                     (    0)
[ 86] [     6136410]   0-None                     (    0)
[ 87] [     6148925]   0-None                     (    0)
[ 88] [     6161426]   0-None                     (    0)
[ 89] [     6173925]   0-None                     (    0)
[ 90] [     6186425]   0-None                     (    0)
[ 91] [     6198925]   0-None                     (    0)
[ 92] [     6211426]   0-None                     (    0)
[ 93] [     6223905]   0-None                     (    0)
[ 94] [     6236422]   0-None                     (    0)
[ 95] [     6248931]   0-None                     (    0)
[ 96] [     6261445]   0-None                     (    0)
[ 97] [     6273948]   0-None                     (    0)
[ 98] [     6286445]   0-None                     (    0)
[ 99] [     6298949]   0-None                     (    0)
[100] [     6311428]   0-None                     (    0)
[101] [     6323908]   0-None                     (    0)
[102] [     6336408]   0-None                     (    0)
[103] [     6348903]   0-None                     (    0)
[104] [     6361407]   0-None                     (    0)
[105] [     6373922]   0-None                     (    0)
[106] [     6386423]   0-None                     (    0)
[107] [     6398923]   0-None                     (    0)
[108] [     6411424]   0-None                     (    0)
[109] [     6423924]   0-None                     (    0)
[110] [     6436423]   0-None                     (    0)
[111] [     6448923]   0-None                     (    0)
[112] [     6461423]   0-None                     (    0)
[113] [     6473923]   0-None                     (    0)
[114] [     6486423]   0-None                     (    0)
[115] [     6498922]   0-None                     (    0)
[116] [     6511422]   0-None                     (    0)
[117] [     6523922]   0-None                     (    0)
[118] [     6536422]   0-None                     (    0)
[119] [     6548922]   0-None                     (    0)
[120] [     6561422]   0-None                     (    0)
[121] [     6573922]   0-None                     (    0)
[122] [     6586421]   0-None                     (    0)
[123] [     6598901]   0-None                     (    0)
[124] [     6611384]   0-None                     (    0)
[125] [     6623883]   0-None                     (    0)
[126] [     6636383]   0-None                     (    0)
[127] [     6648899]   0-None                     (    0)
[128] [     6661403]   0-None                     (    0)
[129] [     6673898]   0-None                     (    0)
[130] [     6686383]   0-None                     (    0)
[131] [     6698865]   0-None                     (    0)
[132] [     6711359]   0-None                     (    0)
[133] [     6723879]   0-None                     (    0)
[134] [     6736378]   0-None                     (    0)
[135] [     6748858]   0-None                     (    0)
[136] [     6761359]   0-None                     (    0)
[137] [     6773837]   0-None                     (    0)
[138] [     6786337]   0-None                     (    0)
[139] [     6798837]   0-None                     (    0)
[140] [     6811317]   0-None                     (    0)
[141] [     6823834]   0-None                     (    0)
[142] [     6836336]   0-None                     (    0)
[143] [     6848816]   0-None                     (    0)
[144] [     6861313]   0-None                     (    0)
[145] [     6873830]   0-None                     (    0)
[146] [     6886312]   0-None                     (    0)
[147] [     6898817]   0-None                     (    0)
[148] [     6911314]   0-None                     (    0)
[149] [     6923809]   0-None                     (    0)
[150] [     6936314]   0-None                     (    0)
[151] [     6948831]   0-None                     (    0)
[152] [     6961311]   0-None                     (    0)
[153] [     6973816]   0-None                     (    0)
[154] [     6986312]   0-None                     (    0)
[155] [     6998812]   0-None                     (    0)
[156] [     7011309]   0-None                     (    0)
[157] [     7023827]   0-None                     (    0)
[158] [     7036329]   0-None                     (    0)
[159] [     7048833]   0-None                     (    0)
[160] [     7061333]   0-None                     (    0)
[161] [     7073833]   0-None                     (    0)
[162] [     7086313]   0-None                     (    0)
[163] [     7098810]   0-None                     (    0)
[164] [     7111327]   0-None                     (    0)
[165] [     7123828]   0-None                     (    0)
[166] [     7136332]   0-None                     (    0)
[167] [     7148832]   0-None                     (    0)
[168] [     7161332]   0-None                     (    0)
[169] [     7173832]   0-None                     (    0)
[170] [     7186331]   0-None                     (    0)
[171] [     7198832]   0-None                     (    0)
[172] [     7211334]   0-None                     (    0)
[173] [     7223829]   0-None                     (    0)
[174] [     7236333]   0-None                     (    0)
[175] [     7248828]   0-None                     (    0)
[176] [     7261329]   0-None                     (    0)
[177] [     7273829]   0-None                     (    0)
[178] [     7286351]   0-None                     (    0)
[179] [     7298851]   0-None                     (    0)
[180] [     7311352]   0-None                     (    0)
[181] [     7323851]   0-None                     (    0)
[182] [     7336352]   0-None                     (    0)
[183] [     7348851]   0-None                     (    0)
[184] [     7361351]   0-None                     (    0)
[185] [     7373851]   0-None                     (    0)
[186] [     7386350]   0-None                     (    0)
[187] [     7398850]   0-None                     (    0)
[188] [     7411349]   0-None                     (    0)
[189] [     7423850]   0-None                     (    0)
[190] [     7436350]   0-None                     (    0)
[191] [     7448850]   0-None                     (    0)
[192] [     7461349]   0-None                     (    0)
[193] [     7473827]   0-None                     (    0)
[194] [     7486328]   0-None                     (    0)
[195] [     7498807]   0-None                     (    0)
[196] [     7511305]   0-None                     (    0)
[197] [     7523782]   0-None                     (    0)
[198] [     7536283]   0-None                     (    0)
[199] [     7548782]   0-None                     (    0)
[200] [     7561281]   0-None                     (    0)
[201] [     7573783]   0-None                     (    0)
[202] [     7586283]   0-None                     (    0)
[203] [     7598782]   0-None                     (    0)
[204] [     7611281]   0-None                     (    0)
[205] [     7623781]   0-None                     (    0)
[206] [     7636302]   0-None                     (    0)
[207] [     7648779]   0-None                     (    0)
[208] [     7661279]   0-None                     (    0)
[209] [     7673759]   0-None                     (    0)
[210] [     7686263]   0-None                     (    0)
[211] [     7698739]   0-None                     (    0)
[212] [     7711238]   0-None                     (    0)
[213] [     7723718]   0-None                     (    0)
[214] [     7736198]   0-None                     (    0)
[215] [     7748699]   0-None                     (    0)
[216] [     7761199]   0-None                     (    0)
[217] [     7773699]   0-None                     (    0)
[218] [     7786198]   0-None                     (    0)
[219] [     7798699]   0-None                     (    0)
[220] [     7811198]   0-None                     (    0)
[221] [     7823698]   0-None                     (    0)
[222] [     7836198]   0-None                     (    0)
[223] [     7848679]   0-None                     (    0)
[224] [     7861175]   0-None                     (    0)
[225] [     7873678]   0-None                     (    0)
[226] [     7886156]   0-None                     (    0)
[227] [     7898651]   0-None                     (    0)
[228] [     7911151]   0-None                     (    0)
[229] [     7923631]   0-None                     (    0)
[230] [     7936114]   0-None                     (    0)
[231] [     7948616]   0-None                     (    0)
[232] [     7961096]   0-None                     (    0)
[233] [     7973590]   0-None                     (    0)
[234] [     7986090]   0-None                     (    0)
[235] [     7998568]   0-None                     (    0)
[236] [     8011070]   0-None                     (    0)
[237] [     8023570]   0-None                     (    0)
[238] [     8036050]   0-None                     (    0)
[239] [     8048548]   0-None                     (    0)
[240] [     8061048]   0-None                     (    0)
[241] [     8073548]   0-None                     (    0)
[242] [     8086025]   0-None                     (    0)
[243] [     8098525]   0-None                     (    0)
[244] [     8111006]   0-None                     (    0)
[245] [     8123503]   0-None                     (    0)
[246] [     8136007]   0-None                     (    0)
[247] [     8148503]   0-None                     (    0)
[248] [     8160987]   0-None                     (    0)
[249] [     8173505]   0-None                     (    0)
[250] [     8185988]   0-None                     (    0)
[251] [     8198489]   0-None                     (    0)
[252] [     8210969]   0-None                     (    0)
[253] [     8223481]   0-None                     (    0)
[254] [     8235984]   0-None                     (    0)
[255] [     8248484]   0-None                     (    0)
[  0] [     8260983]   0-None                     (    0)
[  1] [     8273462]   0-None                     (    0)
[  2] [     8285964]   0-None                     (    0)
[  3] [     8298442]   0-None                     (    0)
[  4] [     8310943]   0-None                     (    0)
[  5] [     8323436]   0-None                     (    0)
[  6] [     8335937]   0-None                     (    0)
[  7] [     8348441]   0-None                     (    0)
[  8] [     8360941]   0-None                     (    0)
[  9] [     8373441]   0-None                     (    0)
[ 10] [     8385921]   0-None                     (    0)
[ 11] [     8398418]   0-None                     (    0)
[ 12] [     8410922]   0-None                     (    0)
[ 13] [     8423418]   0-None                     (    0)
[ 14] [     8435898]   0-None                     (    0)
[ 15] [     8448398]   0-None                     (    0)
[ 16] [     8460878]   0-None                     (    0)
[ 17] [     8473374]   0-None                     (    0)
[ 18] [     8485857]   0-None                     (    0)
[ 19] [     8498358]   0-None                     (    0)
[ 20] [     8510837]   0-None                     (    0)
[ 21] [     8523330]   0-None                     (    0)
[ 22] [     8535836]   0-None                     (    0)
[ 23] [     8548329]   0-None                     (    0)
[ 24] [     8560829]   0-None                     (    0)
[ 25] [     8573315]   0-None                     (    0)
[ 26] [     8585808]   0-None                     (    0)
[ 27] [     8598290]   0-None                     (    0)
[ 28] [     8610787]   0-None                     (    0)
[ 29] [     8623267]   0-None                     (    0)
[ 30] [     8635747]   0-None                     (    0)
[ 31] [     8648230]   0-None                     (    0)
[ 32] [     8660732]   0-None                     (    0)
[ 33] [     8673232]   0-None                     (    0)
[ 34] [     8685712]   0-None                     (    0)
[ 35] [     8698205]   0-None                     (    0)
[ 36] [     8710684]   0-None                     (    0)
[ 37] [     8723187]   0-None                     (    0)
[ 38] [     8735687]   0-None                     (    0)
[ 39] [     8748166]   0-None                     (    0)
[ 40] [     8760664]   0-None                     (    0)
[ 41] [     8773141]   0-None                     (    0)
[ 42] [     8785643]   0-None                     (    0)
[ 43] [     8798143]   0-None                     (    0)
[ 44] [     8810623]   0-None                     (    0)
[ 45] [     8823106]   0-None                     (    0)
[ 46] [     8835586]   0-None                     (    0)
[ 47] [     8848078]   0-None                     (    0)
[ 48] [     8860557]   0-None                     (    0)
[ 49] [     8873036]   0-None                     (    0)
[ 50] [     8885520]   0-None                     (    0)
[ 51] [     8898020]   0-None                     (    0)
[ 52] [     8910500]   0-None                     (    0)
[ 53] [     8922980]   0-None                     (    0)
[ 54] [     8935454]   0-None                     (    0)
[ 55] [     8947933]   0-None                     (    0)
[ 56] [     8960413]   0-None                     (    0)
[ 57] [     8972911]   0-None                     (    0)
[ 58] [     8985409]   0-None                     (    0)
[ 59] [     8997895]   0-None                     (    0)
[ 60] [     9010367]   0-None                     (    0)
[ 61] [     9022850]   0-None                     (    0)
[ 62] [     9035352]   0-None                     (    0)
[ 63] [     9047832]   0-None                     (    0)
[ 64] [     9060344]   0-None                     (    0)
[ 65] [     9072830]   0-None                     (    0)
[ 66] [     9085343]   0-None                     (    0)
[ 67] [     9097849]   0-None                     (    0)
[ 68] [     9110351]   0-None                     (    0)
[ 69] [     9122851]   0-None                     (    0)
[ 70] [     9135351]   0-None                     (    0)
[ 71] [     9147851]   0-None                     (    0)
[ 72] [     9160364]   0-None                     (    0)
[ 73] [     9172867]   0-None                     (    0)
[ 74] [     9185351]   0-None                     (    0)
[ 75] [     9197851]   0-None                     (    0)
[ 76] [     9210346]   0-None                     (    0)
[ 77] [     9222846]   0-None                     (    0)
[ 78] [     9235344]   0-None                     (    0)
[ 79] [     9247852]   0-None                     (    0)
[ 80] [     9260346]   0-None                     (    0)
[ 81] [     9272845]   0-None                     (    0)
[ 82] [     9285364]   0-None                     (    0)
[ 83] [     9297869]   0-None                     (    0)
[ 84] [     9310364]   0-None                     (    0)
[ 85] [     9322869]   0-None                     (    0)
[ 86] [     9335364]   0-None                     (    0)
[ 87] [     9347849]   0-None                     (    0)
[ 88] [     9360343]   0-None                     (    0)
[ 89] [     9372850]   0-None                     (    0)
[ 90] [     9385345]   0-None                     (    0)
[ 91] [     9397826]   0-None                     (    0)
[ 92] [     9410318]   0-None                     (    0)
[ 93] [     9422824]   0-None                     (    0)
[ 94] [     9435302]   0-None                     (    0)
[ 95] [     9447804]   0-None                     (    0)
[ 96] [     9460298]   0-None                     (    0)
[ 97] [     9472799]   0-None                     (    0)
[ 98] [     9485303]   0-None                     (    0)
[ 99] [     9497798]   0-None                     (    0)
[100] [     9510298]   0-None                     (    0)
[101] [     9522798]   0-None                     (    0)
[102] [     9535301]   0-None                     (    0)
[103] [     9547822]   0-None                     (    0)
[104] [     9560322]   0-None                     (    0)
[105] [     9572822]   0-None                     (    0)
[106] [     9585321]   0-None                     (    0)
[107] [     9597821]   0-None                     (    0)
[108] [     9610321]   0-None                     (    0)
[109] [     9622821]   0-None                     (    0)
[110] [     9635321]   0-None                     (    0)
[111] [     9647821]   0-None                     (    0)
[112] [     9660299]   0-None                     (    0)
[113] [     9672821]   0-None                     (    0)
