[233] [    19426740] 1 | True  True 00 ( 1235,  273)   5   761  1692
[234] [    19439233] 1 | True  True 00 ( 1243,  277)   4   717  1332
[235] [    19451735] 1 | True  True 00 ( 1255,  284)   4   746  1036
[236] [    19464217] 1 | True  True 00 ( 1270,  293)   4   758  1052
[237] [    19476731] 1 | True  True 00 ( 1284,  306)   5   827  1120
[238] [    19489214] 1 | True  True 00 ( 1297,  320)   4   765  1516
[239] [    19501716] 1 | True  True 00 ( 1310,  335)   4   715  1716
[240] [    19514197] 1 | True  True 00 ( 1322,  352)   5   781  1640
[241] [    19526707] 1 | True  True 00 ( 1333,  373)   5   829  1364
[242] [    19539186] 1 | True  True 00 ( 1347,  393)   4   786  1056
[243] [    19551683] 1 | True  True 00 ( 1359,  413)   4   727  1024
[244] [    19564181] 1 | True  True 00 ( 1368,  432)   5   832  1248
[245] [    19576679] 1 | True  True 00 ( 1374,  452)   5   740  1068
[246] [    19589179] 1 | True  True 00 ( 1380,  473)   5   843  1096
[247] [    19601679] 1 | True  True 00 ( 1387,  496)   4   698   792
[248] [    19614159] 1 | True  True 00 ( 1392,  521)   4   704   948
[249] [    19626658] 1 | True  True 00 ( 1397,  543)   4   748  1244
[250] [    19639145] 1 | True  True 00 ( 1398,  561)   5   825  1212
[251] [    19651660] 1 | True  True 00 ( 1398,  583)   6   819   944
[252] [    19664164] 1 | True  True 00 ( 1395,  606)   4   718   884
[253] [    19676659] 1 | True  True 00 ( 1390,  629)   5   764  1152
[254] [    19689138] 1 | True  True 00 ( 1382,  652)   4   702  1492
[255] [    19701642] 1 | True  True 00 ( 1372,  673)   5   748  1652
[  0] [    19714159] 1 | True  True 00 ( 1361,  694)   3   655  1592
[  1] [    19726659] 1 | True  True 00 ( 1349,  714)   4   754  1312
[  2] [    19739159] 1 | True  True 00 ( 1338,  733)   4   769  1044
[  3] [    19751660] 1 | True  True 00 ( 1326,  752)   4   761  1072
[  4] [    19764160] 1 | True  True 00 ( 1314,  770)   4   731  1144
[  5] [    19776660] 1 | True  True 00 ( 1299,  786)   5   753  1440
[  6] [    19789160] 1 | True  True 00 ( 1281,  801)   5   762  1732
[  7] [    19801660] 1 | True  True 00 ( 1262,  815)   4   746  1644
[  8] [    19814159] 1 | True  True 00 ( 1244,  828)   4   736  1352
[  9] [    19826639] 1 | True  True 00 ( 1225,  838)   4   757  1012
[ 10] [    19839136] 1 | True  True 00 ( 1206,  848)   4   715  1052
[ 11] [    19851640] 1 | True  True 00 ( 1183,  857)   6   812  1180
[ 12] [    19864116] 1 | True  True 00 ( 1160,  864)   4   759  1124
[ 13] [    19876595] 1 | True  True 00 ( 1139,  871)   4   742   944
[ 14] [    19889095] 1 | True  True 00 ( 1119,  875)   4   733   784
[ 15] [    19901574] 1 | True  True 00 ( 1097,  878)   4   684   956
[ 16] [    19914076] 1 | True  True 00 ( 1073,  880)   4   716  1156
[ 17] [    19926576] 1 | True  True 00 ( 1049,  880)   4   748  1124
[ 18] [    19939078] 1 | True  True 00 ( 1027,  877)   4   732   984
[ 19] [    19951572] 1 | True  True 00 ( 1007,  874)   4   718   920
[ 20] [    19964077] 1 | True  True 00 (  985,  870)   3   639  1244
[ 21] [    19976573] 1 | True  True 00 (  962,  864)   4   686  1544
[ 22] [    19989076] 1 | True  True 00 (  941,  856)   4   677  1584
[ 23] [    20001578] 1 | True  True 00 (  924,  847)   5   695  1416
[ 24] [    20014092] 1 | True  True 00 (  907,  836)   4   686  1204
[ 25] [    20026570] 1 | True  True 00 (  889,  825)   4   697  1056
[ 26] [    20039075] 1 | True  True 00 (  870,  812)   4   649  1028
[ 27] [    20051574] 1 | True  True 00 (  850,  796)   4   664  1276
[ 28] [    20064074] 1 | True  True 00 (  832,  779)   4   660  1456
[ 29] [    20076573] 1 | True  True 00 (  817,  762)   3   588  1508
[ 30] [    20089054] 1 | True  True 00 (  805,  744)   4   667  1400
[ 31] [    20101571] 1 | True  True 00 (  794,  726)   4   692  1140
[ 32] [    20114073] 1 | True  True 00 (  783,  707)   4   690   768
[ 33] [    20126553] 1 | True  True 00 (  775,  686)   4   698  1000
[ 34] [    20139071] 1 | True  True 00 (  767,  663)   5   732  1096
[ 35] [    20151553] 1 | True  True 00 (  762,  643)   3   582  1044
[ 36] [    20164050] 1 | True  True 00 (  757,  621)   5   797   960
[ 37] [    20176548] 1 | True  True 00 (  753,  597)   5   830   916
[ 38] [    20189046] 1 | True  True 00 (  750,  575)   4   696  1028
[ 39] [    20201546] 1 | True  True 00 (  749,  553)   4   640  1056
[ 40] [    20214066] 1 | True  True 00 (  750,  531)   5   800  1240
[ 41] [    20226567] 1 | True  True 00 (  752,  509)   4   672   888
[ 42] [    20239072] 1 | True  True 00 (  756,  487)   4   747   884
[ 43] [    20251571] 1 | True  True 00 (  762,  464)   4   675  1228
[ 44] [    20264074] 1 | True  True 00 (  768,  440)   3   606  1516
[ 45] [    20276570] 1 | True  True 00 (  774,  420)   3   640  1660
[ 46] [    20289066] 1 | True  True 00 (  781,  402)   3   638  1528
[ 47] [    20301568] 1 | True  True 00 (  790,  384)   4   699  1272
[ 48] [    20314069] 1 | True  True 00 (  803,  366)   4   704   984
[ 49] [    20326569] 1 | True  True 00 (  819,  348)   4   692   900
[ 50] [    20339069] 1 | True  True 00 (  835,  331)   4   684  1196
[ 51] [    20351571] 1 | True  True 00 (  852,  315)   3   615  1520
[ 52] [    20364070] 1 | True  True 00 (  868,  301)   4   666  1632
[ 53] [    20376570] 1 | True  True 00 (  885,  287)   4   654  1436
[ 54] [    20389070] 1 | True  True 00 (  905,  276)   4   684  1084
[ 55] [    20401564] 1 | True  True 00 (  928,  266)   4   689  1088
[ 56] [    20414086] 1 | True  True 00 (  949,  258)   4   705  1232
[ 57] [    20426586] 1 | True  True 00 (  968,  251)   4   704  1348
[ 58] [    20439085] 1 | True  True 00 (  990,  245)   4   682  1176
[ 59] [    20451591] 1 | True  True 00 ( 1013,  240)   4   708   916
[ 60] [    20464091] 1 | True  True 00 ( 1036,  238)   4   733  1028
[ 61] [    20476590] 1 | True  True 00 ( 1058,  237)   4   723  1232
[ 62] [    20489090] 1 | True  True 00 ( 1078,  237)   4   729  1412
[ 63] [    20501568] 1 | True  True 00 ( 1101,  237)   4   690  1188
[ 64] [    20514068] 1 | True  True 00 ( 1125,  240)   4   723   984
[ 65] [    20526568] 1 | True  True 00 ( 1149,  244)   4   716  1332
[ 66] [    20539068] 1 | True  True 00 ( 1171,  250)   4   717  1632
[ 67] [    20551567] 1 | True  True 00 ( 1190,  255)   5   754  1692
[ 68] [    20564068] 1 | True  True 00 ( 1210,  262)   5   732  1496
[ 69] [    20576588] 1 | True  True 00 ( 1231,  271)   4   738  1224
[ 70] [    20589089] 1 | True  True 00 ( 1252,  283)   4   755  1068
[ 71] [    20601583] 1 | True  True 00 ( 1270,  296)   4   764   964
[ 72] [    20614083] 1 | True  True 00 ( 1287,  311)   4   749  1304
[ 73] [    20626584] 1 | True  True 00 ( 1302,  327)   4   735  1656
[ 74] [    20639082] 1 | True  True 00 ( 1314,  342)   4   715  1732
[ 75] [    20651581] 1 | True  True 00 ( 1327,  358)   5   741  1516
[ 76] [    20664082] 1 | True  True 00 ( 1340,  378)   5   833  1240
[ 77] [    20676588] 1 | True  True 00 ( 1352,  399)   5   837  1068
[ 78] [    20689067] 1 | True  True 00 ( 1361,  419)   5   805  1112
[ 79] [    20701560] 1 | True  True 00 ( 1373,  440)   5   743  1168
[ 80] [    20714061] 1 | True  True 00 ( 1380,  462)   6   845  1112
[ 81] [    20726565] 1 | True  True 00 ( 1385,  482)   4   791  1068
[ 82] [    20739066] 1 | True  True 00 ( 1391,  504)   4   780   808
[ 83] [    20751546] 1 | True  True 00 ( 1394,  529)   4   689  1080
[ 84] [    20764043] 1 | True  True 00 ( 1397,  554)   3   649  1212
[ 85] [    20776540] 1 | True  True 00 ( 1397,  576)   4   717  1092
[ 86] [    20789039] 1 | True  True 00 ( 1395,  598)   5   788   960
[ 87] [    20801538] 1 | True  True 00 ( 1391,  620)   4   734  1016
[ 88] [    20814038] 1 | True  True 00 ( 1386,  642)   4   716  1300
[ 89] [    20826538] 1 | True  True 00 ( 1377,  662)   5   755  1548
[ 90] [    20839038] 1 | True  True 00 ( 1366,  684)   5   730  1592
[ 91] [    20851538] 1 | True  True 00 ( 1355,  703)   4   732  1520
[ 92] [    20864038] 1 | True  True 00 ( 1344,  722)   4   766  1136
[ 93] [    20876537] 1 | True  True 00 ( 1332,  742)   4   751  1044
[ 94] [    20889037] 1 | True  True 00 ( 1321,  760)   4   750  1116
[ 95] [    20901537] 1 | True  True 00 ( 1307,  777)   5   768  1292
[ 96] [    20914039] 1 | True  True 00 ( 1290,  793)   5   731  1512
[ 97] [    20926523] 1 | True  True 00 ( 1271,  808)   3   660  1732
[ 98] [    20939022] 1 | True  True 00 ( 1253,  821)   4   725  1468
[ 99] [    20951517] 1 | True  True 00 ( 1235,  833)   4   757  1232
[100] [    20964016] 1 | True  True 00 ( 1217,  843)   4   723   948
[101] [    20976517] 1 | True  True 00 ( 1196,  853)   5   751  1124
[102] [    20989017] 1 | True  True 00 ( 1173,  861)   4   727  1196
[103] [    21001519] 1 | True  True 00 ( 1151,  868)   4   747  1020
[104] [    21014018] 1 | True  True 00 ( 1130,  874)   4   749   812
[105] [    21026517] 1 | True  True 00 ( 1109,  877)   4   728   912
[106] [    21039018] 1 | True  True 00 ( 1085,  879)   6   791  1096
[107] [    21051538] 1 | True  True 00 ( 1062,  880)   4   745  1184
[108] [       10274] 1 | True  True 00 ( 1039,  879)   4   730  1056
[109] [       22793] 1 | True  True 00 ( 1019,  877)   4   746   924
[110] [       35295] 1 | True  True 00 (  998,  873)   4   699  1060
[111] [       47799] 1 | True  True 00 (  975,  868)   4   682  1400
[112] [       60300] 1 | True  True 00 (  952,  861)   3   610  1512
[113] [       72800] 1 | True  True 00 (  932,  853)   5   727  1556
[114] [       85293] 1 | True  True 00 (  914,  843)   4   662  1300
[115] [       97774] 1 | True  True 00 (  897,  832)   4   674   960
[116] [      110272] 1 | True  True 00 (  878,  819)   4   685  1096
[117] [      122772] 1 | True  True 00 (  858,  805)   6   743  1028
[118] [      135272] 1 | True  True 00 (  839,  788)   4   674  1344
[119] [      147772] 1 | True  True 00 (  823,  770)   3   610  1524
[120] [      160292] 1 | True  True 00 (  810,  753)   3   572  1468
[121] [      172773] 1 | True  True 00 (  799,  736)   4   671  1316
[122] [      185277] 1 | True  True 00 (  789,  718)   4   709   960
[123] [      197793] 1 | True  True 00 (  779,  697)   4   698   852
[124] [      210296] 1 | True  True 00 (  771,  675)   5   745  1072
[125] [      222797] 1 | True  True 00 (  764,  653)   4   672  1096
[126] [      235296] 1 | True  True 00 (  758,  631)   4   691   988
[127] [      247818] 1 | True  True 00 (  754,  612)   4   647   864
[128] [      260296] 1 | True  True 00 (  751,  589)   5   789  1000
[129] [      272818] 1 | True  True 00 (  749,  565)   4   747  1196
[130] [      285317] 1 | True  True 00 (  748,  543)   6   814  1168
[131] [      297818] 1 | True  True 00 (  750,  520)   4   654   944
[132] [      310337] 1 | True  True 00 (  752,  499)   5   831  1040
[133] [      322856] 1 | True  True 00 (  757,  478)   4   745  1056
[134] [      335361] 1 | True  True 00 (  763,  453)   4   658  1388
[135] [      347860] 1 | True  True 00 (  771,  433)   5   745  1600
[136] [      360335] 1 | True  True 00 (  777,  413)   4   703  1600
[137] [      372835] 1 | True  True 00 (  785,  394)   4   681  1388
[138] [      385334] 1 | True  True 00 (  796,  377)   4   676  1100
[139] [      397834] 1 | True  True 00 (  810,  359)   4   703   972
[140] [      410333] 1 | True  True 00 (  826,  341)   4   691  1028
[141] [      422833] 1 | True  True 00 (  844,  323)   4   654  1352
[142] [      435333] 1 | True  True 00 (  859,  308)   4   676  1560
[143] [      447813] 1 | True  True 00 (  874,  294)   4   665  1548
[144] [      460313] 1 | True  True 00 (  893,  282)   4   666  1296
[145] [      472833] 1 | True  True 00 (  915,  271)   4   670   932
[146] [      485332] 1 | True  True 00 (  937,  262)   4   705  1188
[147] [      497853] 1 | True  True 00 (  958,  255)   4   713  1348
[148] [      510355] 1 | True  True 00 (  978,  249)   5   723  1332
[149] [      522837] 1 | True  True 00 ( 1000,  244)   4   671  1048
[150] [      535337] 1 | True  True 00 ( 1023,  240)   4   706   836
[151] [      547836] 1 | True  True 00 ( 1046,  237)   4   723  1100
[152] [      560337] 1 | True  True 00 ( 1068,  236)   4   721  1292
[153] [      572833] 1 | True  True 00 ( 1089,  237)   4   707  1324
[154] [      585332] 1 | True  True 00 ( 1112,  238)   4   720  1144
[155] [      597831] 1 | True  True 00 ( 1136,  242)   4   724  1120
[156] [      610330] 1 | True  True 00 ( 1159,  246)   4   721  1468
[157] [      622830] 1 | True  True 00 ( 1179,  252)   3   655  1692
[158] [      635310] 1 | True  True 00 ( 1197,  258)   5   768  1648
[159] [      647811] 1 | True  True 00 ( 1218,  267)   4   708  1344
[160] [      660310] 1 | True  True 00 ( 1239,  277)   4   739  1012
[161] [      672810] 1 | True  True 00 ( 1259,  290)   4   771   992
[162] [      685310] 1 | True  True 00 ( 1276,  303)   4   791  1088
[163] [      697810] 1 | True  True 00 ( 1292,  318)   4   762  1488
[164] [      710310] 1 | True  True 00 ( 1306,  334)   3   664  1716
[165] [      722810] 1 | True  True 00 ( 1319,  349)   5   755  1672
[166] [      735309] 1 | True  True 00 ( 1332,  369)   5   807  1364
[167] [      747810] 1 | True  True 00 ( 1347,  388)   4   778  1120
[168] [      760309] 1 | True  True 00 ( 1359,  409)   5   825  1144
[169] [      772809] 1 | True  True 00 ( 1371,  429)   4   712  1040
[170] [      785329] 1 | True  True 00 ( 1376,  450)   5   797  1112
[171] [      797828] 1 | True  True 00 ( 1383,  473)   4   694   980
[172] [      810328] 1 | True  True 00 ( 1389,  497)   4   684   736
[173] [      822815] 1 | True  True 00 ( 1394,  519)   4   718   916
[174] [      835328] 1 | True  True 00 ( 1398,  543)   4   684  1152
[175] [      847828] 1 | True  True 00 ( 1398,  562)   5   818  1212
[176] [      860330] 1 | True  True 00 ( 1396,  583)   5   794  1048
[177] [      872829] 1 | True  True 00 ( 1394,  606)   4   722   888
[178] [      885312] 1 | True  True 00 ( 1389,  629)   4   730  1152
[179] [      897825] 1 | True  True 00 ( 1383,  650)   4   716  1476
[180] [      910311] 1 | True  True 00 ( 1373,  672)   5   731  1580
[181] [      922804] 1 | True  True 00 ( 1362,  692)   4   715  1624
[182] [      935288] 1 | True  True 00 ( 1350,  712)   4   740  1300
[183] [      947781] 1 | True  True 00 ( 1339,  731)   4   740   984
[184] [      960283] 1 | True  True 00 ( 1328,  750)   4   746  1072
[185] [      972787] 1 | True  True 00 ( 1316,  768)   4   724  1088
[186] [      985287] 1 | True  True 00 ( 1301,  783)   5   745  1380
[187] [      997787] 1 | True  True 00 ( 1283,  799)   5   753  1644
[188] [     1010287] 1 | True  True 00 ( 1264,  814)   4   704  1632
[189] [     1022787] 1 | True  True 00 ( 1246,  827)   4   729  1336
[190] [     1035287] 1 | True  True 00 ( 1228,  838)   4   739  1012
[191] [     1047787] 1 | True  True 00 ( 1208,  848)   4   730  1064
[192] [     1060280] 1 | True  True 00 ( 1185,  857)   6   820  1152
[193] [     1072782] 1 | True  True 00 ( 1162,  865)   4   745  1124
[194] [     1085307] 1 | True  True 00 ( 1141,  871)   4   742   944
[195] [     1097807] 1 | True  True 00 ( 1120,  876)   4   740   796
[196] [     1110307] 1 | True  True 00 ( 1099,  879)   4   701   992
[197] [     1122806] 1 | True  True 00 ( 1074,  880)   4   684  1124
[198] [     1135307] 1 | True  True 00 ( 1051,  880)   4   726  1124
[199] [     1147821] 1 | True  True 00 ( 1030,  878)   4   725   984
[200] [     1160329] 1 | True  True 00 ( 1009,  876)   4   731   920
[201] [     1172829] 1 | True  True 00 (  987,  872)   5   746  1204
[202] [     1185309] 1 | True  True 00 (  965,  866)   4   682  1512
[203] [     1197801] 1 | True  True 00 (  943,  858)   4   657  1512
[204] [     1210301] 1 | True  True 00 (  925,  849)   4   651  1456
[205] [     1222820] 1 | True  True 00 (  908,  838)   4   689  1172
[206] [     1235307] 1 | True  True 00 (  890,  826)   4   687  1028
[207] [     1247820] 1 | True  True 00 (  871,  813)   5   713  1028
[208] [     1260326] 1 | True  True 00 (  852,  798)   5   715  1168
[209] [     1272827] 1 | True  True 00 (  834,  781)   3   601  1388
[210] [     1285327] 1 | True  True 00 (  819,  764)   3   578  1508
[211] [     1297847] 1 | True  True 00 (  806,  746)   4   664  1440
[212] [     1310363] 1 | True  True 00 (  795,  728)   4   705  1192
[213] [     1322865] 1 | True  True 00 (  784,  708)   4   685   740
[214] [     1335365] 1 | True  True 00 (  775,  687)   4   684  1000
[215] [     1347864] 1 | True  True 00 (  768,  666)   4   670  1112
[216] [     1360364] 1 | True  True 00 (  762,  642)   4   712  1072
[217] [     1372864] 1 | True  True 00 (  758,  622)   4   688   972
[218] [     1385364] 1 | True  True 00 (  754,  601)   4   655   764
[219] [     1397864] 1 | True  True 00 (  751,  578)   4   678   956
[220] [     1410382] 1 | True  True 00 (  751,  555)   4   710  1224
[221] [     1422901] 1 | True  True 00 (  752,  533)   4   759  1268
[222] [     1435402] 1 | True  True 00 (  753,  512)   4   756  1096
[223] [     1447906] 1 | True  True 00 (  755,  489)   4   677   844
[224] [     1460409] 1 | True  True 00 (  759,  468)   4   788  1244
[225] [     1472904] 1 | True  True 00 (  764,  447)   4   701  1516
[226] [     1485406] 1 | True  True 00 (  771,  425)   3   618  1588
[227] [     1497920] 1 | True  True 00 (  779,  405)   3   653  1572
[228] [     1510421] 1 | True  True 00 (  789,  387)   6   797  1244
[229] [     1522941] 1 | True  True 00 (  802,  369)   4   671   928
[230] [     1535429] 1 | True  True 00 (  818,  351)   4   681   884
[231] [     1547942] 1 | True  True 00 (  834,  333)   4   704  1180
[232] [     1560447] 1 | True  True 00 (  851,  317)   5   725  1504
[233] [     1572969] 1 | True  True 00 (  866,  303)   4   647  1588
[234] [     1585484] 1 | True  True 00 (  883,  289)   4   658  1464
[235] [     1597985] 1 | True  True 00 (  903,  277)   4   658  1112
[236] [     1610505] 1 | True  True 00 (  925,  268)   4   692  1088
[237] [     1623011] 1 | True  True 00 (  946,  259)   4   723  1260
[238] [     1635527] 1 | True  True 00 (  966,  253)   4   696  1348
[239] [     1648050] 1 | True  True 00 (  987,  247)   5   711  1160
[240] [     1660550] 1 | True  True 00 ( 1010,  242)   4   705   916
[241] [     1673071] 1 | True  True 00 ( 1034,  239)   4   719   956
[242] [     1685571] 1 | True  True 00 ( 1057,  237)   4   710  1220
[243] [     1698093] 1 | True  True 00 ( 1078,  236)   4   711  1380
[244] [     1710628] 1 | True  True 00 ( 1101,  238)   4   678  1204
[245] [     1723147] 1 | True  True 00 ( 1124,  239)   4   730  1000
[246] [     1735669] 1 | True  True 00 ( 1148,  243)   4   728  1284
[247] [     1748189] 1 | True  True 00 ( 1170,  248)   4   730  1632
[248] [     1760695] 1 | True  True 00 ( 1188,  254)   5   746  1692
[249] [     1773197] 1 | True  True 00 ( 1207,  262)   5   751  1512
[250] [     1785715] 1 | True  True 00 ( 1229,  272)   4   723  1196
[251] [     1798218] 1 | True  True 00 ( 1250,  283)   4   754  1052
[252] [     1810712] 1 | True  True 00 ( 1269,  296)   4   771   992
[253] [     1823237] 1 | True  True 00 ( 1286,  311)   4   742  1304
[254] [     1835751] 1 | True  True 00 ( 1301,  327)   5   798  1624
[255] [     1848256] 1 | True  True 00 ( 1314,  343)   6   827  1716
[  0] [     1860772] 1 | True  True 00 ( 1327,  359)   5   749  1488
[  1] [     1873276] 1 | True  True 00 ( 1340,  375)   4   653  1180
[  2] [     1885776] 1 | True  True 00 ( 1354,  395)   4   722   888
[  3] [     1898275] 1 | True  True 00 ( 1365,  417)   5   826  1128
[  4] [     1910775] 1 | True  True 00 ( 1372,  438)   6   873  1260
[  5] [     1923297] 1 | True  True 00 ( 1380,  461)   4   632   996
[  6] [     1935796] 1 | True  True 00 ( 1385,  483)   5   825   980
[  7] [     1948316] 1 | True  True 00 ( 1390,  504)   4   739   784
[  8] [     1960815] 1 | True  True 00 ( 1394,  531)   4   674  1080
[  9] [     1973314] 1 | True  True 00 ( 1397,  555)   4   690  1228
[ 10] [     1985834] 1 | True  True 00 ( 1398,  577)   4   728  1124
[ 11] [     1998339] 1 | True  True 00 ( 1396,  597)   5   803   932
[ 12] [     2010834] 1 | True  True 00 ( 1392,  619)   4   756  1048
[ 13] [     2023338] 1 | True  True 00 ( 1386,  641)   5   775  1300
[ 14] [     2035874] 1 | True  True 00 ( 1378,  661)   5   770  1548
[ 15] [     2048392] 1 | True  True 00 ( 1367,  682)   4   705  1696
[ 16] [     2060915] 1 | True  True 00 ( 1356,  702)   4   736  1548
[ 17] [     2073434] 1 | True  True 00 ( 1345,  722)   4   763  1136
[ 18] [     2085941] 1 | True  True 00 ( 1334,  742)   4   750  1088
[ 19] [     2098462] 1 | True  True 00 ( 1322,  761)   4   757  1088
[ 20] [     2110965] 1 | True  True 00 ( 1308,  777)   5   738  1232
[ 21] [     2123482] 1 | True  True 00 ( 1291,  793)   5   737  1588
[ 22] [     2135983] 1 | True  True 00 ( 1272,  808)   4   696  1688
[ 23] [     2148498] 1 | True  True 00 ( 1253,  821)   4   732  1512
[ 24] [     2161002] 1 | True  True 00 ( 1236,  833)   4   731  1144
[ 25] [     2173500] 1 | True  True 00 ( 1217,  844)   4   719   932
[ 26] [     2185979] 1 | True  True 00 ( 1196,  853)   5   732  1124
[ 27] [     2198478] 1 | True  True 00 ( 1172,  861)   4   752  1256
[ 28] [     2210998] 1 | True  True 00 ( 1150,  868)   4   765  1064
[ 29] [     2223495] 1 | True  True 00 ( 1129,  873)   4   756   856
[ 30] [     2236003] 1 | True  True 00 ( 1109,  877)   4   740   896
[ 31] [     2248519] 1 | True  True 00 ( 1085,  879)   6   801  1120
[ 32] [     2261021] 1 | True  True 00 ( 1062,  880)   4   731  1184
[ 33] [     2273520] 1 | True  True 00 ( 1041,  879)   4   722  1056
[ 34] [     2286020] 1 | True  True 00 ( 1019,  877)   4   728   896
[ 35] [     2298520] 1 | True  True 00 (  998,  873)   4   729  1076
[ 36] [     2311020] 1 | True  True 00 (  976,  869)   4   654  1344
[ 37] [     2323520] 1 | True  True 00 (  953,  861)   4   675  1556
[ 38] [     2336043] 1 | True  True 00 (  932,  853)   4   659  1512
[ 39] [     2348536] 1 | True  True 00 (  915,  843)   4   667  1316
[ 40] [     2361035] 1 | True  True 00 (  897,  832)   4   681  1004
[ 41] [     2373541] 1 | True  True 00 (  879,  820)   4   654  1040
[ 42] [     2386041] 1 | True  True 00 (  858,  805)   4   662  1084
[ 43] [     2398540] 1 | True  True 00 (  840,  789)   4   646  1316
[ 44] [     2411021] 1 | True  True 00 (  824,  771)   3   606  1524
[ 45] [     2423534] 1 | True  True 00 (  811,  754)   3   605  1536
[ 46] [     2436035] 1 | True  True 00 (  799,  737)   4   688  1316
[ 47] [     2448535] 1 | True  True 00 (  788,  717)   4   695   932
[ 48] [     2461036] 1 | True  True 00 (  779,  697)   4   701   880
[ 49] [     2473536] 1 | True  True 00 (  771,  676)   4   671  1056
[ 50] [     2486036] 1 | True  True 00 (  764,  653)   5   739  1084
[ 51] [     2498538] 1 | True  True 00 (  759,  631)   4   712  1016
[ 52] [     2511039] 1 | True  True 00 (  755,  608)   5   812   876
[ 53] [     2523538] 1 | True  True 00 (  751,  586)   5   756   944
[ 54] [     2536059] 1 | True  True 00 (  750,  564)   4   654   972
[ 55] [     2548558] 1 | True  True 00 (  751,  542)   4   672  1196
[ 56] [     2561057] 1 | True  True 00 (  752,  519)   4   657   900
[ 57] [     2573556] 1 | True  True 00 (  753,  497)   4   747   844
[ 58] [     2586055] 1 | True  True 00 (  757,  475)   4   688  1000
[ 59] [     2598535] 1 | True  True 00 (  762,  455)   4   749  1400
[ 60] [     2611035] 1 | True  True 00 (  769,  435)   4   711  1628
[ 61] [     2623535] 1 | True  True 00 (  776,  416)   3   650  1660
[ 62] [     2636035] 1 | True  True 00 (  785,  396)   4   671  1372
[ 63] [     2648535] 1 | True  True 00 (  796,  377)   4   669  1044
[ 64] [     2661034] 1 | True  True 00 (  811,  359)   5   760   956
[ 65] [     2673534] 1 | True  True 00 (  827,  342)   4   705  1028
[ 66] [     2686034] 1 | True  True 00 (  844,  325)   4   683  1408
[ 67] [     2698534] 1 | True  True 00 (  860,  309)   4   670  1576
[ 68] [     2711034] 1 | True  True 00 (  875,  294)   4   632  1532
[ 69] [     2723534] 1 | True  True 00 (  894,  282)   3   607  1268
[ 70] [     2736034] 1 | True  True 00 (  915,  271)   4   699   988
[ 71] [     2748536] 1 | True  True 00 (  937,  262)   4   708  1188
[ 72] [     2761051] 1 | True  True 00 (  958,  255)   4   713  1320
[ 73] [     2773558] 1 | True  True 00 (  978,  248)   5   713  1292
[ 74] [     2786036] 1 | True  True 00 ( 1000,  244)   4   682  1076
[ 75] [     2798535] 1 | True  True 00 ( 1023,  241)   4   707   868
[ 76] [     2811036] 1 | True  True 00 ( 1046,  238)   4   723  1100
[ 77] [     2823550] 1 | True  True 00 ( 1068,  237)   4   721  1308
[ 78] [     2836057] 1 | True  True 00 ( 1088,  237)   4   666  1292
[ 79] [     2848557] 1 | True  True 00 ( 1112,  238)   4   709  1100
[ 80] [     2861037] 1 | True  True 00 ( 1136,  242)   4   734  1164
[ 81] [     2873549] 1 | True  True 00 ( 1159,  246)   4   728  1480
[ 82] [     2886036] 1 | True  True 00 ( 1179,  252)   3   662  1692
[ 83] [     2898528] 1 | True  True 00 ( 1198,  258)   5   758  1664
[ 84] [     2911034] 1 | True  True 00 ( 1218,  267)   5   781  1360
[ 85] [     2923512] 1 | True  True 00 ( 1240,  277)   4   735  1028
[ 86] [     2936034] 1 | True  True 00 ( 1260,  290)   4   775  1024
[ 87] [     2948533] 1 | True  True 00 ( 1277,  305)   5   835  1120
[ 88] [     2961034] 1 | True  True 00 ( 1292,  320)   4   765  1504
[ 89] [     2973533] 1 | True  True 00 ( 1306,  337)   5   809  1716
[ 90] [     2986033] 1 | True  True 00 ( 1320,  351)   5   735  1656
[ 91] [     2998532] 1 | True  True 00 ( 1334,  371)   5   823  1380
[ 92] [     3011053] 1 | True  True 00 ( 1347,  388)   4   680  1056
[ 93] [     3023551] 1 | True  True 00 ( 1357,  408)   5   865  1144
[ 94] [     3036050] 1 | True  True 00 ( 1366,  429)   6   883  1096
[ 95] [     3048549] 1 | True  True 00 ( 1375,  450)   5   787  1188
[ 96] [     3061049] 1 | True  True 00 ( 1384,  473)   4   686  1052
[ 97] [     3073550] 1 | True  True 00 ( 1389,  495)   5   800   816
[ 98] [     3086069] 1 | True  True 00 ( 1393,  516)   4   789   932
[ 99] [     3098572] 1 | True  True 00 ( 1396,  537)   4   763  1228
[100] [     3111095] 1 | True  True 00 ( 1398,  560)   3   657  1212
[101] [     3123595] 1 | True  True 00 ( 1397,  583)   4   717  1032
[102] [     3136114] 1 | True  True 00 ( 1394,  606)   4   737   904
[103] [     3148612] 1 | True  True 00 ( 1390,  630)   4   708  1136
[104] [     3161112] 1 | True  True 00 ( 1383,  651)   4   702  1432
[105] [     3173631] 1 | True  True 00 ( 1373,  672)   5   752  1592
[106] [     3186134] 1 | True  True 00 ( 1362,  693)   4   705  1608
[107] [     3198655] 1 | True  True 00 ( 1351,  713)   4   736  1312
[108] [     3211155] 1 | True  True 00 ( 1340,  732)   4   762  1000
[109] [     3223654] 1 | True  True 00 ( 1328,  750)   4   765  1088
[110] [     3236154] 1 | True  True 00 ( 1315,  768)   4   742  1160
[111] [     3248654] 1 | True  True 00 ( 1300,  784)   5   764  1412
[112] [     3261154] 1 | True  True 00 ( 1280,  800)   5   742  1632
[113] [     3273632] 1 | True  True 00 ( 1261,  814)   4   715  1632
[114] [     3286132] 1 | True  True 00 ( 1243,  826)   4   751  1352
[115] [     3298612] 1 | True  True 00 ( 1226,  837)   4   745  1028
[116] [     3311130] 1 | True  True 00 ( 1206,  848)   5   786  1064
[117] [     3323632] 1 | True  True 00 ( 1183,  857)   5   757  1196
[118] [     3336126] 1 | True  True 00 ( 1162,  864)   4   749  1168
[119] [     3348627] 1 | True  True 00 ( 1140,  870)   4   741   888
[120] [     3361111] 1 | True  True 00 ( 1119,  875)   4   741   784
[121] [     3373632] 1 | True  True 00 ( 1097,  878)   4   691   980
[122] [     3386128] 1 | True  True 00 ( 1072,  879)   4   719  1184
[123] [     3398631] 1 | True  True 00 ( 1049,  879)   4   736  1124
[124] [     3411127] 1 | True  True 00 ( 1028,  878)   4   733   968
[125] [     3423628] 1 | True  True 00 ( 1008,  875)   4   733   948
[126] [     3436130] 1 | True  True 00 (  987,  870)   4   692  1244
[127] [     3448609] 1 | True  True 00 (  964,  864)   4   678  1512
[128] [     3461105] 1 | True  True 00 (  943,  857)   3   610  1556
[129] [     3473604] 1 | True  True 00 (  924,  848)   5   705  1456
[130] [     3486124] 1 | True  True 00 (  906,  838)   4   689  1188
[131] [     3498625] 1 | True  True 00 (  888,  826)   4   686  1040
[132] [     3511109] 1 | True  True 00 (  870,  813)   4   671  1056
[133] [     3523627] 1 | True  True 00 (  850,  798)   5   721  1192
[134] [     3536129] 1 | True  True 00 (  832,  780)   4   684  1468
[135] [     3548609] 1 | True  True 00 (  817,  762)   3   578  1496
[136] [     3561106] 1 | True  True 00 (  804,  746)   4   663  1428
[137] [     3573603] 1 | True  True 00 (  793,  728)   4   691  1124
[138] [     3586082] 1 | True  True 00 (  783,  708)   4   693   756
[139] [     3598582] 1 | True  True 00 (  774,  688)   4   695   960
[140] [     3611082] 1 | True  True 00 (  767,  665)   5   736  1072
[141] [     3623562] 1 | True  True 00 (  762,  645)   3   589  1072
[142] [     3636066] 1 | True  True 00 (  756,  626)   4   631   944
[143] [     3648542] 1 | True  True 00 (  752,  604)   5   799   848
[144] [     3661041] 1 | True  True 00 (  749,  580)   4   679  1016
[145] [     3673521] 1 | True  True 00 (  747,  556)   6   859  1208
[146] [     3686021] 1 | True  True 00 (  749,  533)   4   737  1268
[147] [     3698520] 1 | True  True 00 (  751,  512)   4   759  1096
[148] [     3711022] 1 | True  True 00 (  754,  492)   5   842   928
[149] [     3723501] 1 | True  True 00 (  758,  469)   4   714  1144
[150] [     3736005] 1 | True  True 00 (  763,  449)   4   732  1500
[151] [     3748499] 1 | True  True 00 (  770,  427)   3   624  1628
[152] [     3760998] 1 | True  True 00 (  778,  408)   4   692  1516
[153] [     3773499] 1 | True  True 00 (  788,  389)   5   749  1256
[154] [     3785981] 1 | True  True 00 (  801,  370)   4   683   972
[155] [     3798478] 1 | True  True 00 (  817,  351)   4   724   956
[156] [     3810978] 1 | True  True 00 (  835,  334)   4   680  1196
[157] [     3823478] 1 | True  True 00 (  851,  317)   3   615  1476
[158] [     3835975] 1 | True  True 00 (  867,  303)   4   640  1588
[159] [     3848474] 1 | True  True 00 (  883,  289)   4   655  1436
[160] [     3860962] 1 | True  True 00 (  904,  278)   5   719  1112
[161] [     3873461] 1 | True  True 00 (  925,  269)   4   697  1076
[162] [     3885961] 1 | True  True 00 (  946,  260)   4   702  1220
[163] [     3898460] 1 | True  True 00 (  966,  253)   4   695  1332
[164] [     3910960] 1 | True  True 00 (  986,  247)   3   614  1220
[165] [     3923460] 1 | True  True 00 ( 1010,  243)   4   697   960
[166] [     3935960] 1 | True  True 00 ( 1034,  240)   4   726  1028
[167] [     3948459] 1 | True  True 00 ( 1057,  238)   4   717  1204
[168] [     3960959] 1 | True  True 00 ( 1077,  237)   4   692  1352
[169] [     3973459] 1 | True  True 00 ( 1098,  238)   5   758  1232
[170] [     3985960] 1 | True  True 00 ( 1122,  240)   4   737  1028
[171] [     3998459] 1 | True  True 00 ( 1146,  244)   4   713  1256
[172] [     4010959] 1 | True  True 00 ( 1168,  249)   4   729  1632
[173] [     4023459] 1 | True  True 00 ( 1187,  254)   4   698  1768
[174] [     4035958] 1 | True  True 00 ( 1207,  262)   5   765  1496
[175] [     4048456] 1 | True  True 00 ( 1228,  272)   5   775  1256
[176] [     4060938] 1 | True  True 00 ( 1249,  283)   4   758  1036
[177] [     4073433] 1 | True  True 00 ( 1268,  296)   4   757   964
[178] [     4085931] 1 | True  True 00 ( 1285,  311)   6   876  1288
[179] [     4098436] 1 | True  True 00 ( 1300,  327)   4   739  1656
[180] [     4110932] 1 | True  True 00 ( 1313,  342)   4   705  1732
[181] [     4123437] 1 | True  True 00 ( 1325,  358)   5   788  1564
[182] [     4135937] 1 | True  True 00 ( 1339,  379)   5   830  1228
[183] [     4148415] 1 | True  True 00 ( 1351,  397)   4   689   920
[184] [     4160915] 1 | True  True 00 ( 1362,  418)   5   863  1172
[185] [     4173415] 1 | True  True 00 ( 1369,  438)   6   806  1096
[186] [     4185915] 1 | True  True 00 ( 1378,  459)   4   764  1284
[187] [     4198415] 1 | True  True 00 ( 1386,  482)   4   694   908
[188] [     4210915] 1 | True  True 00 ( 1391,  506)   4   699   816
[189] [     4223415] 1 | True  True 00 ( 1395,  531)   4   681  1048
[190] [     4235915] 1 | True  True 00 ( 1397,  556)   3   616  1124
[191] [     4248434] 1 | True  True 00 ( 1398,  577)   4   713  1152
[192] [     4260950] 1 | True  True 00 ( 1396,  598)   4   744  1020
[193] [     4273450] 1 | True  True 00 ( 1392,  620)   4   726  1032
[194] [     4285950] 1 | True  True 00 ( 1386,  641)   5   772  1300
[195] [     4298470] 1 | True  True 00 ( 1377,  662)   5   771  1624
[196] [     4310956] 1 | True  True 00 ( 1365,  683)   4   701  1652
[197] [     4323467] 1 | True  True 00 ( 1355,  703)   4   725  1504
[198] [     4335955] 1 | True  True 00 ( 1344,  722)   4   744  1136
[199] [     4348448] 1 | True  True 00 ( 1333,  741)   4   746  1072
[200] [     4360955] 1 | True  True 00 ( 1321,  759)   4   736  1044
[201] [     4373467] 1 | True  True 00 ( 1308,  776)   4   717  1264
[202] [     4385971] 1 | True  True 00 ( 1291,  792)   5   760  1572
[203] [     4398467] 1 | True  True 00 ( 1272,  806)   4   697  1720
[204] [     4410972] 1 | True  True 00 ( 1254,  819)   4   717  1512
[205] [     4423470] 1 | True  True 00 ( 1236,  832)   4   754  1204
[206] [     4435968] 1 | True  True 00 ( 1218,  843)   4   727   932
[207] [     4448486] 1 | True  True 00 ( 1197,  852)   5   756  1108
[208] [     4460967] 1 | True  True 00 ( 1173,  861)   4   731  1168
[209] [     4473486] 1 | True  True 00 ( 1151,  867)   4   744  1036
[210] [     4485987] 1 | True  True 00 ( 1130,  873)   4   735   800
[211] [     4498491] 1 | True  True 00 ( 1110,  877)   4   736   880
[212] [     4511013] 1 | True  True 00 ( 1086,  879)   5   735  1080
[213] [     4523512] 1 | True  True 00 ( 1062,  880)   4   751  1196
[214] [     4536033] 1 | True  True 00 ( 1041,  879)   4   737  1084
[215] [     4548551] 1 | True  True 00 ( 1020,  877)   4   732   912
[216] [     4561055] 1 | True  True 00 (  999,  873)   4   700  1048
[217] [     4573571] 1 | True  True 00 (  976,  868)   4   683  1372
[218] [     4586091] 1 | True  True 00 (  954,  861)   3   621  1572
[219] [     4598589] 1 | True  True 00 (  934,  853)   5   727  1544
[220] [     4611089] 1 | True  True 00 (  916,  843)   4   666  1328
[221] [     4623589] 1 | True  True 00 (  898,  832)   4   702  1016
[222] [     4636089] 1 | True  True 00 (  880,  819)   4   679  1056
[223] [     4648589] 1 | True  True 00 (  861,  805)   5   708  1016
[224] [     4661094] 1 | True  True 00 (  841,  788)   4   663  1316
[225] [     4673610] 1 | True  True 00 (  825,  771)   3   603  1496
[226] [     4686113] 1 | True  True 00 (  811,  753)   4   662  1536
[227] [     4698615] 1 | True  True 00 (  799,  736)   4   691  1344
[228] [     4711137] 1 | True  True 00 (  788,  718)   4   706   976
[229] [     4723635] 1 | True  True 00 (  779,  698)   4   705   880
[230] [     4736134] 1 | True  True 00 (  771,  676)   4   688  1084
[231] [     4748634] 1 | True  True 00 (  764,  653)   4   666  1044
[232] [     4761155] 1 | True  True 00 (  758,  632)   4   680  1000
[233] [     4773655] 1 | True  True 00 (  754,  611)   4   686   864
[234] [     4786153] 1 | True  True 00 (  751,  589)   4   678   860
[235] [     4798653] 1 | True  True 00 (  751,  566)   4   694  1168
[236] [     4811152] 1 | True  True 00 (  750,  543)   4   647  1100
[237] [     4823651] 1 | True  True 00 (  752,  522)   4   770  1280
[238] [     4836151] 1 | True  True 00 (  754,  501)   5   783   872
[239] [     4848650] 1 | True  True 00 (  757,  477)   4   682  1044
[240] [     4861150] 1 | True  True 00 (  763,  455)   4   717  1372
[241] [     4873671] 1 | True  True 00 (  770,  434)   5   712  1588
[242] [     4886154] 1 | True  True 00 (  777,  414)   3   622  1588
[243] [     4898675] 1 | True  True 00 (  785,  395)   4   692  1416
[244] [     4911171] 1 | True  True 00 (  796,  377)   5   758  1088
[245] [     4923676] 1 | True  True 00 (  811,  359)   4   710   956
[246] [     4936171] 1 | True  True 00 (  827,  341)   4   719  1056
[247] [     4948696] 1 | True  True 00 (  843,  325)   4   662  1308
[248] [     4961196] 1 | True  True 00 (  860,  310)   4   658  1576
[249] [     4973718] 1 | True  True 00 (  875,  295)   5   707  1588
[250] [     4986213] 1 | True  True 00 (  894,  283)   4   677  1324
[251] [     4998736] 1 | True  True 00 (  914,  272)   4   696  1000
[252] [     5011215] 1 | True  True 00 (  935,  263)   4   697  1132
[253] [     5023735] 1 | True  True 00 (  957,  256)   4   710  1364
[254] [     5036236] 1 | True  True 00 (  977,  250)   5   740  1332
[255] [     5048735] 1 | True  True 00 (  999,  245)   4   682  1060
[  0] [     5061228] 1 | True  True 00 ( 1023,  241)   4   699   852
[  1] [     5073709] 1 | True  True 00 ( 1046,  239)   4   698  1056
[  2] [     5086228] 1 | True  True 00 ( 1068,  238)   4   728  1368
[  3] [     5098729] 1 | True  True 00 ( 1088,  238)   4   666  1324
[  4] [     5111234] 1 | True  True 00 ( 1112,  240)   4   720  1144
[  5] [     5123727] 1 | True  True 00 ( 1136,  242)   4   745  1164
[  6] [     5136229] 1 | True  True 00 ( 1159,  246)   4   733  1452
[  7] [     5148733] 1 | True  True 00 ( 1178,  251)   3   670  1664
[  8] [     5161213] 1 | True  True 00 ( 1197,  258)   5   731  1632
[  9] [     5173731] 1 | True  True 00 ( 1217,  267)   4   712  1344
[ 10] [     5186213] 1 | True  True 00 ( 1239,  277)   4   739  1060
[ 11] [     5198710] 1 | True  True 00 ( 1259,  289)   4   740  1008
[ 12] [     5211226] 1 | True  True 00 ( 1276,  302)   4   779  1056
[ 13] [     5223728] 1 | True  True 00 ( 1291,  319)   5   802  1396
[ 14] [     5236211] 1 | True  True 00 ( 1305,  334)   4   715  1700
[ 15] [     5248729] 1 | True  True 00 ( 1318,  352)   6   856  1656
[ 16] [     5261232] 1 | True  True 00 ( 1331,  371)   5   800  1440
[ 17] [     5273732] 1 | True  True 00 ( 1345,  388)   4   703  1072
[ 18] [     5286225] 1 | True  True 00 ( 1357,  408)   5   818   980
[ 19] [     5298728] 1 | True  True 00 ( 1367,  429)   4   753  1260
[ 20] [     5311232] 1 | True  True 00 ( 1377,  450)   4   774  1300
[ 21] [     5323748] 1 | True  True 00 ( 1383,  471)   5   766   980
[ 22] [     5336249] 1 | True  True 00 ( 1387,  494)   5   774   860
[ 23] [     5348747] 1 | True  True 00 ( 1392,  516)   4   745   948
[ 24] [     5361249] 1 | True  True 00 ( 1395,  537)   4   764  1184
[ 25] [     5373768] 1 | True  True 00 ( 1397,  560)   3   646  1184
[ 26] [     5386268] 1 | True  True 00 ( 1397,  583)   5   784  1048
[ 27] [     5398768] 1 | True  True 00 ( 1394,  605)   4   733   888
[ 28] [     5411289] 1 | True  True 00 ( 1390,  628)   4   693  1120
[ 29] [     5423792] 1 | True  True 00 ( 1383,  650)   4   713  1432
[ 30] [     5436289] 1 | True  True 00 ( 1373,  672)   5   764  1652
[ 31] [     5448812] 1 | True  True 00 ( 1362,  692)   4   708  1624
[ 32] [     5461311] 1 | True  True 00 ( 1351,  711)   4   759  1388
[ 33] [     5473830] 1 | True  True 00 ( 1340,  731)   4   758  1012
[ 34] [     5486328] 1 | True  True 00 ( 1328,  750)   4   731  1100
[ 35] [     5498847] 1 | True  True 00 ( 1316,  768)   4   750  1116
[ 36] [     5511349] 1 | True  True 00 ( 1301,  784)   5   760  1380
[ 37] [     5523833] 1 | True  True 00 ( 1283,  800)   5   752  1644
[ 38] [     5536331] 1 | True  True 00 ( 1264,  814)   4   711  1644
[ 39] [     5548847] 1 | True  True 00 ( 1246,  826)   4   751  1380
[ 40] [     5561329] 1 | True  True 00 ( 1228,  838)   4   734  1012
[ 41] [     5573827] 1 | True  True 00 ( 1209,  848)   4   712  1020
[ 42] [     5586326] 1 | True  True 00 ( 1186,  857)   4   686  1180
[ 43] [     5598826] 1 | True  True 00 ( 1163,  864)   4   759  1152
[ 44] [     5611348] 1 | True  True 00 ( 1141,  870)   4   761   948
[ 45] [     5623833] 1 | True  True 00 ( 1120,  875)   4   736   780
[ 46] [     5636349] 1 | True  True 00 ( 1099,  878)   4   719   992
[ 47] [     5648852] 1 | True  True 00 ( 1074,  880)   4   713  1168
[ 48] [     5661354] 1 | True  True 00 ( 1051,  880)   4   743  1124
[ 49] [     5673846] 1 | True  True 00 ( 1029,  878)   4   718   996
[ 50] [     5686326] 1 | True  True 00 ( 1009,  875)   4   718   904
[ 51] [     5698845] 1 | True  True 00 (  987,  871)   5   726  1160
[ 52] [     5711326] 1 | True  True 00 (  964,  865)   4   670  1512
[ 53] [     5723824] 1 | True  True 00 (  943,  857)   3   617  1556
[ 54] [     5736324] 1 | True  True 00 (  924,  848)   5   688  1416
[ 55] [     5748844] 1 | True  True 00 (  907,  838)   4   679  1172
[ 56] [     5761346] 1 | True  True 00 (  889,  826)   4   682  1028
[ 57] [     5773850] 1 | True  True 00 (  870,  813)   4   667  1056
[ 58] [     5786350] 1 | True  True 00 (  851,  797)   4   651  1124
[ 59] [     5798871] 1 | True  True 00 (  833,  780)   3   616  1440
[ 60] [     5811371] 1 | True  True 00 (  818,  763)   3   606  1552
[ 61] [     5823891] 1 | True  True 00 (  806,  746)   4   650  1428
[ 62] [     5836390] 1 | True  True 00 (  795,  728)   4   695  1180
[ 63] [     5848909] 1 | True  True 00 (  784,  709)   4   689   796
[ 64] [     5861393] 1 | True  True 00 (  775,  688)   4   702   976
[ 65] [     5873913] 1 | True  True 00 (  768,  666)   4   655  1096
[ 66] [     5886389] 1 | True  True 00 (  762,  645)   4   645  1016
[ 67] [     5898895] 1 | True  True 00 (  758,  623)   4   688   944
[ 68] [     5911390] 1 | True  True 00 (  755,  603)   4   676   820
[ 69] [     5923888] 1 | True  True 00 (  752,  579)   5   780  1016
[ 70] [     5936389] 1 | True  True 00 (  750,  556)   3   587  1072
[ 71] [     5948890] 1 | True  True 00 (  751,  534)   4   772  1336
[ 72] [     5961408] 1 | True  True 00 (  753,  512)   4   728  1096
[ 73] [     5973911] 1 | True  True 00 (  756,  488)   4   673   828
[ 74] [     5986407] 1 | True  True 00 (  762,  462)   4   640  1216
[ 75] [     5998913] 1 | True  True 00 (  768,  441)   4   695  1500
[ 76] [     6011411] 1 | True  True 00 (  775,  421)   3   628  1660
[ 77] [     6023907] 1 | True  True 00 (  782,  403)   3   632  1516
[ 78] [     6036412] 1 | True  True 00 (  790,  385)   4   702  1228
[ 79] [     6048906] 1 | True  True 00 (  803,  368)   4   691   944
[ 80] [     6061409] 1 | True  True 00 (  818,  350)   4   713   956
[ 81] [     6073913] 1 | True  True 00 (  835,  333)   4   698  1196
[ 82] [     6086412] 1 | True  True 00 (  852,  317)   3   593  1448
[ 83] [     6098911] 1 | True  True 00 (  868,  303)   4   651  1588
[ 84] [     6111410] 1 | True  True 00 (  884,  289)   4   640  1420
[ 85] [     6123905] 1 | True  True 00 (  905,  277)   4   688  1084
[ 86] [     6136410] 1 | True  True 00 (  926,  267)   4   699  1060
[ 87] [     6148925] 1 | True  True 00 (  947,  259)   4   708  1260
[ 88] [     6161426] 1 | True  True 00 (  967,  252)   4   710  1364
[ 89] [     6173925] 1 | True  True 00 (  988,  247)   3   606  1204
[ 90] [     6186425] 1 | True  True 00 ( 1011,  243)   4   709   916
[ 91] [     6198925] 1 | True  True 00 ( 1034,  239)   4   708   968
[ 92] [     6211426] 1 | True  True 00 ( 1056,  238)   4   724  1204
[ 93] [     6223905] 1 | True  True 00 ( 1077,  237)   4   696  1368
[ 94] [     6236422] 1 | True  True 00 ( 1099,  239)   5   751  1248
[ 95] [     6248931] 1 | True  True 00 ( 1123,  241)   4   720  1000
[ 96] [     6261445] 1 | True  True 00 ( 1147,  244)   4   728  1316
[ 97] [     6273948] 1 | True  True 00 ( 1169,  249)   4   707  1572
[ 98] [     6286445] 1 | True  True 00 ( 1187,  255)   6   810  1724
[ 99] [     6298949] 1 | True  True 00 ( 1207,  262)   5   759  1544
[100] [     6311428] 1 | True  True 00 ( 1227,  272)   5   774  1240
[101] [     6323908] 1 | True  True 00 ( 1248,  283)   4   743  1024
[102] [     6336408] 1 | True  True 00 ( 1267,  295)   4   771   976
[103] [     6348903] 1 | True  True 00 ( 1284,  310)   4   757  1272
[104] [     6361407] 1 | True  True 00 ( 1299,  325)   4   743  1608
[105] [     6373922] 1 | True  True 00 ( 1311,  340)   4   693  1656
[106] [     6386423] 1 | True  True 00 ( 1325,  358)   6   795  1456
[107] [     6398923] 1 | True  True 00 ( 1339,  375)   4   695  1256
[108] [     6411424] 1 | True  True 00 ( 1350,  396)   5   834  1052
[109] [     6423924] 1 | True  True 00 ( 1363,  417)   4   721   992
[110] [     6436423] 1 | True  True 00 ( 1374,  438)   4   773  1260
[111] [     6448923] 1 | True  True 00 ( 1382,  460)   4   779  1272
[112] [     6461423] 1 | True  True 00 ( 1386,  481)   5   821   992
[113] [     6473923] 1 | True  True 00 ( 1390,  506)   4   674   816
[114] [     6486423] 1 | True  True 00 ( 1395,  529)   4   725  1036
[115] [     6498922] 1 | True  True 00 ( 1399,  553)   4   680  1256
[116] [     6511422] 1 | True  True 00 ( 1399,  575)   4   721  1124
[117] [     6523922] 1 | True  True 00 ( 1397,  596)   5   788   988
[118] [     6536422] 1 | True  True 00 ( 1392,  619)   4   711  1004
[119] [     6548922] 1 | True  True 00 ( 1387,  640)   5   779  1240
[120] [     6561422] 1 | True  True 00 ( 1379,  660)   5   748  1564
[121] [     6573922] 1 | True  True 00 ( 1368,  681)   5   727  1624
[122] [     6586421] 1 | True  True 00 ( 1357,  700)   4   714  1492
[123] [     6598901] 1 | True  True 00 ( 1345,  721)   4   740  1120
[124] [     6611384] 1 | True  True 00 ( 1334,  740)   4   724  1000
[125] [     6623883] 1 | True  True 00 ( 1322,  758)   4   750  1088
[126] [     6636383] 1 | True  True 00 ( 1309,  775)   5   742  1160
[127] [     6648899] 1 | True  True 00 ( 1293,  791)   5   760  1500
[128] [     6661403] 1 | True  True 00 ( 1273,  806)   4   672  1616
[129] [     6673898] 1 | True  True 00 ( 1254,  820)   4   724  1512
[130] [     6686383] 1 | True  True 00 ( 1237,  832)   4   739  1204
[131] [     6698865] 1 | True  True 00 ( 1218,  842)   4   715   932
[132] [     6711359] 1 | True  True 00 ( 1197,  852)   5   760  1136
[133] [     6723879] 1 | True  True 00 ( 1174,  861)   4   724  1212
[134] [     6736378] 1 | True  True 00 ( 1152,  868)   4   747  1036
[135] [     6748858] 1 | True  True 00 ( 1131,  873)   4   741   844
[136] [     6761359] 1 | True  True 00 ( 1111,  876)   4   717   868
[137] [     6773837] 1 | True  True 00 ( 1087,  879)   5   745  1052
[138] [     6786337] 1 | True  True 00 ( 1063,  880)   4   720  1156
[139] [     6798837] 1 | True  True 00 ( 1041,  879)   4   748  1068
[140] [     6811317] 1 | True  True 00 ( 1020,  877)   4   728   924
[141] [     6823834] 1 | True  True 00 (  999,  873)   4   685  1004
[142] [     6836336] 1 | True  True 00 (  976,  868)   4   665  1344
[143] [     6848816] 1 | True  True 00 (  953,  861)   3   614  1556
[144] [     6861313] 1 | True  True 00 (  933,  852)   4   667  1544
[145] [     6873830] 1 | True  True 00 (  916,  843)   4   671  1372
[146] [     6886312] 1 | True  True 00 (  898,  832)   4   688  1004
[147] [     6898817] 1 | True  True 00 (  880,  820)   4   681  1068
[148] [     6911314] 1 | True  True 00 (  861,  805)   5   697  1000
[149] [     6923809] 1 | True  True 00 (  842,  789)   4   681  1372
[150] [     6936314] 1 | True  True 00 (  826,  771)   3   586  1496
[151] [     6948831] 1 | True  True 00 (  812,  753)   4   652  1524
[152] [     6961311] 1 | True  True 00 (  801,  737)   4   657  1304
[153] [     6973816] 1 | True  True 00 (  790,  720)   4   674   988
[154] [     6986312] 1 | True  True 00 (  780,  699)   4   684   824
[155] [     6998812] 1 | True  True 00 (  770,  677)   5   717   988
[156] [     7011309] 1 | True  True 00 (  764,  656)   4   668  1152
[157] [     7023827] 1 | True  True 00 (  759,  635)   4   681  1016
[158] [     7036329] 1 | True  True 00 (  752,  614)   5   763   932
[159] [     7048833] 1 | True  True 00 (  748,  591)   4   659   872
[160] [     7061333] 1 | True  True 00 (  747,  567)   4   708  1056
[161] [     7073833] 1 | True  True 00 (  747,  545)   5   791  1224
[162] [     7086313] 1 | True  True 00 (  750,  524)   4   684  1124
[163] [     7098810] 1 | True  True 00 (  752,  503)   4   771   956
[164] [     7111327] 1 | True  True 00 (  757,  478)   4   646   984
[165] [     7123828] 1 | True  True 00 (  763,  453)   4   661  1344
[166] [     7136332] 1 | True  True 00 (  770,  432)   4   673  1572
[167] [     7148832] 1 | True  True 00 (  777,  414)   4   724  1660
[168] [     7161332] 1 | True  True 00 (  785,  396)   4   688  1428
[169] [     7173832] 1 | True  True 00 (  796,  378)   4   684  1088
[170] [     7186331] 1 | True  True 00 (  810,  360)   4   693   972
[171] [     7198832] 1 | True  True 00 (  826,  342)   4   695  1012
[172] [     7211334] 1 | True  True 00 (  842,  326)   4   690  1336
[173] [     7223829] 1 | True  True 00 (  858,  311)   4   672  1576
[174] [     7236333] 1 | True  True 00 (  873,  296)   5   706  1560
[175] [     7248828] 1 | True  True 00 (  892,  283)   4   656  1268
[176] [     7261329] 1 | True  True 00 (  914,  273)   4   695  1000
[177] [     7273829] 1 | True  True 00 (  936,  263)   4   694  1148
[178] [     7286351] 1 | True  True 00 (  956,  256)   4   721  1364
[179] [     7298851] 1 | True  True 00 (  976,  249)   4   675  1332
[180] [     7311352] 1 | True  True 00 (  997,  245)   4   685  1120
[181] [     7323851] 1 | True  True 00 ( 1021,  241)   4   716   852
[182] [     7336352] 1 | True  True 00 ( 1044,  239)   4   705  1072
[183] [     7348851] 1 | True  True 00 ( 1066,  238)   4   721  1308
[184] [     7361351] 1 | True  True 00 ( 1086,  238)   4   702  1324
[185] [     7373851] 1 | True  True 00 ( 1110,  239)   5   748  1100
[186] [     7386350] 1 | True  True 00 ( 1133,  242)   4   716  1088
[187] [     7398850] 1 | True  True 00 ( 1157,  247)   4   714  1452
[188] [     7411349] 1 | True  True 00 ( 1178,  252)   3   648  1680
[189] [     7423850] 1 | True  True 00 ( 1196,  258)   5   751  1680
[190] [     7436350] 1 | True  True 00 ( 1217,  266)   5   755  1408
[191] [     7448850] 1 | True  True 00 ( 1238,  277)   4   735  1044
[192] [     7461349] 1 | True  True 00 ( 1258,  289)   4   771  1052
[193] [     7473827] 1 | True  True 00 ( 1276,  302)   4   755  1072
[194] [     7486328] 1 | True  True 00 ( 1293,  317)   4   762  1472
[195] [     7498807] 1 | True  True 00 ( 1306,  333)   3   657  1700
[196] [     7511305] 1 | True  True 00 ( 1319,  351)   6   825  1656
[197] [     7523782] 1 | True  True 00 ( 1332,  367)   4   673  1412
[198] [     7536283] 1 | True  True 00 ( 1345,  386)   5   814  1088
[199] [     7548782] 1 | True  True 00 ( 1357,  407)   4   809  1188
[200] [     7561281] 1 | True  True 00 ( 1370,  428)   4   738  1084
[201] [     7573783] 1 | True  True 00 ( 1379,  449)   5   716  1052
[202] [     7586283] 1 | True  True 00 ( 1386,  469)   4   756  1168
[203] [     7598782] 1 | True  True 00 ( 1391,  491)   4   731   896
[204] [     7611281] 1 | True  True 00 ( 1394,  513)   4   778   948
[205] [     7623781] 1 | True  True 00 ( 1396,  537)   4   700  1168
[206] [     7636302] 1 | True  True 00 ( 1398,  560)   3   634  1196
[207] [     7648779] 1 | True  True 00 ( 1397,  583)   5   787  1020
[208] [     7661279] 1 | True  True 00 ( 1394,  605)   4   729   944
[209] [     7673759] 1 | True  True 00 ( 1390,  627)   4   741  1136
[210] [     7686263] 1 | True  True 00 ( 1383,  649)   4   713  1448
[211] [     7698739] 1 | True  True 00 ( 1374,  671)   5   738  1624
[212] [     7711238] 1 | True  True 00 ( 1363,  692)   4   700  1608
[213] [     7723718] 1 | True  True 00 ( 1352,  711)   4   737  1344
[214] [     7736198] 1 | True  True 00 ( 1341,  730)   4   742   972
[215] [     7748699] 1 | True  True 00 ( 1329,  749)   4   746  1116
[216] [     7761199] 1 | True  True 00 ( 1317,  767)   4   743  1088
[217] [     7773699] 1 | True  True 00 ( 1303,  783)   5   757  1380
[218] [     7786198] 1 | True  True 00 ( 1284,  798)   5   745  1660
[219] [     7798699] 1 | True  True 00 ( 1265,  813)   4   708  1632
[220] [     7811198] 1 | True  True 00 ( 1247,  826)   4   726  1324
[221] [     7823698] 1 | True  True 00 ( 1228,  838)   4   750  1012
[222] [     7836198] 1 | True  True 00 ( 1209,  848)   4   723  1080
[223] [     7848679] 1 | True  True 00 ( 1186,  856)   6   813  1212
[224] [     7861175] 1 | True  True 00 ( 1163,  864)   4   759  1168
[225] [     7873678] 1 | True  True 00 ( 1142,  870)   4   746   932
[226] [     7886156] 1 | True  True 00 ( 1121,  874)   4   726   756
[227] [     7898651] 1 | True  True 00 ( 1100,  878)   4   712   992
[228] [     7911151] 1 | True  True 00 ( 1075,  880)   5   764  1168
[229] [     7923631] 1 | True  True 00 ( 1052,  880)   4   733  1124
[230] [     7936114] 1 | True  True 00 ( 1031,  879)   4   716   984
[231] [     7948616] 1 | True  True 00 ( 1011,  876)   4   735   876
[232] [     7961096] 1 | True  True 00 (  989,  871)   5   725  1160
[233] [     7973590] 1 | True  True 00 (  965,  865)   4   665  1500
[234] [     7986090] 1 | True  True 00 (  944,  858)   4   671  1572
[235] [     7998568] 1 | True  True 00 (  925,  849)   4   651  1456
[236] [     8011070] 1 | True  True 00 (  908,  839)   4   683  1244
[237] [     8023570] 1 | True  True 00 (  891,  827)   4   684  1016
[238] [     8036050] 1 | True  True 00 (  872,  814)   5   739  1056
[239] [     8048548] 1 | True  True 00 (  852,  798)   5   700  1124
[240] [     8061048] 1 | True  True 00 (  834,  782)   4   668  1456
[241] [     8073548] 1 | True  True 00 (  819,  764)   3   589  1496
[242] [     8086025] 1 | True  True 00 (  806,  748)   4   663  1440
[243] [     8098525] 1 | True  True 00 (  794,  730)   4   684  1152
[244] [     8111006] 1 | True  True 00 (  783,  711)   4   678   808
[245] [     8123503] 1 | True  True 00 (  774,  690)   4   704   960
[246] [     8136007] 1 | True  True 00 (  768,  669)   4   678  1124
[247] [     8148503] 1 | True  True 00 (  763,  649)   3   578  1084
[248] [     8160987] 1 | True  True 00 (  758,  626)   4   738   988
[249] [     8173505] 1 | True  True 00 (  754,  602)   4   750   928
[250] [     8185988] 1 | True  True 00 (  751,  579)   5   747   872
[251] [     8198489] 1 | True  True 00 (  750,  557)   4   620   984
[252] [     8210969] 1 | True  True 00 (  750,  535)   5   793  1268
[253] [     8223481] 1 | True  True 00 (  752,  514)   5   787  1112
[254] [     8235984] 1 | True  True 00 (  756,  492)   4   762   916
[255] [     8248484] 1 | True  True 00 (  759,  469)   4   671  1128
[  0] [     8260983] 1 | True  True 00 (  765,  448)   4   696  1472
[  1] [     8273462] 1 | True  True 00 (  772,  427)   3   620  1600
[  2] [     8285964] 1 | True  True 00 (  779,  408)   4   706  1572
[  3] [     8298442] 1 | True  True 00 (  788,  389)   4   695  1256
[  4] [     8310943] 1 | True  True 00 (  801,  370)   4   690   984
[  5] [     8323436] 1 | True  True 00 (  816,  352)   5   739   928
[  6] [     8335937] 1 | True  True 00 (  832,  334)   4   690  1180
[  7] [     8348441] 1 | True  True 00 (  850,  318)   4   665  1492
[  8] [     8360941] 1 | True  True 00 (  866,  303)   4   659  1588
[  9] [     8373441] 1 | True  True 00 (  881,  289)   4   666  1420
[ 10] [     8385921] 1 | True  True 00 (  901,  277)   4   661  1124
[ 11] [     8398418] 1 | True  True 00 (  922,  268)   4   688  1060
[ 12] [     8410922] 1 | True  True 00 (  944,  259)   4   705  1204
[ 13] [     8423418] 1 | True  True 00 (  964,  251)   4   703  1332
[ 14] [     8435898] 1 | True  True 00 (  986,  246)   4   669  1232
[ 15] [     8448398] 1 | True  True 00 ( 1008,  242)   4   675   976
[ 16] [     8460878] 1 | True  True 00 ( 1032,  239)   4   689   924
[ 17] [     8473374] 1 | True  True 00 ( 1055,  237)   4   720  1188
[ 18] [     8485857] 1 | True  True 00 ( 1075,  237)   4   696  1368
[ 19] [     8498358] 1 | True  True 00 ( 1098,  238)   4   681  1248
[ 20] [     8510837] 1 | True  True 00 ( 1121,  240)   4   722  1088
[ 21] [     8523330] 1 | True  True 00 ( 1145,  244)   4   731  1300
[ 22] [     8535836] 1 | True  True 00 ( 1167,  249)   4   741  1604
[ 23] [     8548329] 1 | True  True 00 ( 1185,  253)   3   644  1708
[ 24] [     8560829] 1 | True  True 00 ( 1203,  260)   5   740  1544
[ 25] [     8573315] 1 | True  True 00 ( 1224,  270)   4   716  1208
[ 26] [     8585808] 1 | True  True 00 ( 1246,  281)   4   728   976
[ 27] [     8598290] 1 | True  True 00 ( 1265,  294)   4   756   964
[ 28] [     8610787] 1 | True  True 00 ( 1282,  308)   4   776  1256
[ 29] [     8623267] 1 | True  True 00 ( 1298,  324)   4   738  1608
[ 30] [     8635747] 1 | True  True 00 ( 1312,  339)   4   690  1656
[ 31] [     8648230] 1 | True  True 00 ( 1324,  355)   5   747  1580
[ 32] [     8660732] 1 | True  True 00 ( 1336,  374)   5   799  1288
[ 33] [     8673232] 1 | True  True 00 ( 1349,  394)   4   744   964
[ 34] [     8685712] 1 | True  True 00 ( 1361,  413)   4   657   904
[ 35] [     8698205] 1 | True  True 00 ( 1372,  435)   4   674  1068
[ 36] [     8710684] 1 | True  True 00 ( 1382,  456)   5   791  1328
[ 37] [     8723187] 1 | True  True 00 ( 1389,  478)   4   681   968
[ 38] [     8735687] 1 | True  True 00 ( 1394,  502)   4   709   784
[ 39] [     8748166] 1 | True  True 00 ( 1397,  524)   4   758  1020
[ 40] [     8760664] 1 | True  True 00 ( 1399,  546)   5   781  1228
[ 41] [     8773141] 1 | True  True 00 ( 1399,  567)   5   783  1124
[ 42] [     8785643] 1 | True  True 00 ( 1397,  589)   4   746  1004
[ 43] [     8798143] 1 | True  True 00 ( 1394,  613)   4   731   960
[ 44] [     8810623] 1 | True  True 00 ( 1388,  636)   5   759  1224
[ 45] [     8823106] 1 | True  True 00 ( 1379,  658)   4   693  1504
[ 46] [     8835586] 1 | True  True 00 ( 1368,  678)   5   753  1624
[ 47] [     8848078] 1 | True  True 00 ( 1357,  698)   4   721  1564
[ 48] [     8860557] 1 | True  True 00 ( 1347,  718)   4   755  1224
[ 49] [     8873036] 1 | True  True 00 ( 1336,  737)   4   761  1044
[ 50] [     8885520] 1 | True  True 00 ( 1324,  756)   4   750  1100
[ 51] [     8898020] 1 | True  True 00 ( 1311,  774)   4   727  1232
[ 52] [     8910500] 1 | True  True 00 ( 1295,  789)   5   745  1484
[ 53] [     8922980] 1 | True  True 00 ( 1275,  805)   5   734  1676
[ 54] [     8935454] 1 | True  True 00 ( 1257,  818)   4   725  1528
[ 55] [     8947933] 1 | True  True 00 ( 1239,  831)   4   758  1264
[ 56] [     8960413] 1 | True  True 00 ( 1221,  841)   4   732   920
[ 57] [     8972911] 1 | True  True 00 ( 1201,  851)   4   708  1080
[ 58] [     8985409] 1 | True  True 00 ( 1178,  860)   4   717  1212
[ 59] [     8997895] 1 | True  True 00 ( 1155,  867)   4   758  1080
[ 60] [     9010367] 1 | True  True 00 ( 1134,  872)   4   739   860
[ 61] [     9022850] 1 | True  True 00 ( 1113,  877)   4   717   864
[ 62] [     9035352] 1 | True  True 00 ( 1090,  879)   5   764  1064
[ 63] [     9047832] 1 | True  True 00 ( 1066,  880)   4   720  1140
[ 64] [     9060344] 1 | True  True 00 ( 1043,  879)   4   737  1056
[ 65] [     9072830] 1 | True  True 00 ( 1023,  877)   4   725   968
[ 66] [     9085343] 1 | True  True 00 ( 1002,  874)   4   707   976
[ 67] [     9097849] 1 | True  True 00 (  979,  869)   4   683  1360
[ 68] [     9110351] 1 | True  True 00 (  956,  862)   3   628  1572
[ 69] [     9122851] 1 | True  True 00 (  935,  854)   3   612  1512
[ 70] [     9135351] 1 | True  True 00 (  917,  845)   4   667  1372
[ 71] [     9147851] 1 | True  True 00 (  901,  834)   4   678  1088
[ 72] [     9160364] 1 | True  True 00 (  883,  822)   4   679  1056
[ 73] [     9172867] 1 | True  True 00 (  863,  808)   4   659  1056
[ 74] [     9185351] 1 | True  True 00 (  843,  791)   4   661  1264
[ 75] [     9197851] 1 | True  True 00 (  827,  774)   3   600  1484
[ 76] [     9210346] 1 | True  True 00 (  813,  758)   3   591  1496
[ 77] [     9222846] 1 | True  True 00 (  801,  741)   4   670  1344
[ 78] [     9235344] 1 | True  True 00 (  790,  723)   4   692  1044
[ 79] [     9247852] 1 | True  True 00 (  780,  702)   4   687   796
[ 80] [     9260346] 1 | True  True 00 (  772,  681)   4   702  1072
[ 81] [     9272845] 1 | True  True 00 (  766,  659)   3   594  1084
[ 82] [     9285364] 1 | True  True 00 (  761,  637)   4   746  1084
[ 83] [     9297869] 1 | True  True 00 (  757,  616)   4   661   944
[ 84] [     9310364] 1 | True  True 00 (  752,  594)   4   662   872
[ 85] [     9322869] 1 | True  True 00 (  752,  571)   5   695   984
[ 86] [     9335364] 1 | True  True 00 (  753,  548)   4   643  1152
[ 87] [     9347849] 1 | True  True 00 (  754,  526)   4   667  1000
[ 88] [     9360343] 1 | True  True 00 (  755,  505)   4   770  1068
[ 89] [     9372850] 1 | True  True 00 (  758,  481)   4   670   956
[ 90] [     9385345] 1 | True  True 00 (  763,  460)   4   746  1300
[ 91] [     9397826] 1 | True  True 00 (  769,  437)   2   543  1560
[ 92] [     9410318] 1 | True  True 00 (  776,  418)   4   681  1588
[ 93] [     9422824] 1 | True  True 00 (  783,  399)   5   742  1472
[ 94] [     9435302] 1 | True  True 00 (  793,  381)   4   662  1144
[ 95] [     9447804] 1 | True  True 00 (  806,  363)   4   693   972
[ 96] [     9460298] 1 | True  True 00 (  822,  344)   4   695   956
[ 97] [     9472799] 1 | True  True 00 (  840,  327)   4   672  1308
[ 98] [     9485303] 1 | True  True 00 (  857,  312)   4   659  1548
[ 99] [     9497798] 1 | True  True 00 (  873,  298)   4   642  1576
[100] [     9510298] 1 | True  True 00 (  892,  285)   4   659  1324
[101] [     9522798] 1 | True  True 00 (  913,  274)   4   694  1012
[102] [     9535301] 1 | True  True 00 (  934,  265)   4   715  1160
[103] [     9547822] 1 | True  True 00 (  955,  257)   4   716  1332
[104] [     9560322] 1 | True  True 00 (  974,  250)   4   678  1304
[105] [     9572822] 1 | True  True 00 (  995,  244)   4   677  1132
[106] [     9585321] 1 | True  True 00 ( 1017,  241)   4   713   904
[107] [     9597821] 1 | True  True 00 ( 1036,  238)   4   731   852
[108] [     9610321] 1 | True  True 00 ( 1049,  236)   4   710   836
[109] [     9622821] 1 | True  True 00 ( 1058,  235)   4   721   868
[110] [     9635321] 1 | True  True 00 ( 1063,  235)   4   736   888
[111] [     9647821] 1 | True  True 00 ( 1066,  234)   4   669   772
[112] [     9660299] 1 |False  True 00 ( 1066,  234)   4   669   772
[113] [     9672821] 0 
