[137] [     1740903]   0-None                     (    0)
[138] [     1750930]   0-None                     (    0)
[139] [     1760952]   0-None                     (    0)
[140] [     1770958]   0-None                     (    0)
[141] [     1780975]   0-None                     (    0)
[142] [     1790999]   0-None                     (    0)
[143] [     1801017]   0-None                     (    0)
[144] [     1811033]   0-None                     (    0)
[145] [     1821039]   0-None                     (    0)
[146] [     1831056]   0-None                     (    0)
[147] [     1841070]   0-None                     (    0)
[148] [     1851069]   0-None                     (    0)
[149] [     1861090]   0-None                     (    0)
[150] [     1871113]   0-None                     (    0)
[151] [     1881116]   0-None                     (    0)
[152] [     1891137]   0-None                     (    0)
[153] [     1901153]   0-None                     (    0)
[154] [     1911153]   0-None                     (    0)
[155] [     1921173]   0-None                     (    0)
[156] [     1931196]   0-None                     (    0)
[157] [     1941195]   0-None                     (    0)
[158] [     1951216]   0-None                     (    0)
[159] [     1961235]   0-None                     (    0)
[160] [     1971240]   0-None                     (    0)
[161] [     1981260]   0-None                     (    0)
[162] [     1991261]   0-None                     (    0)
[163] [     2001282]   0-None                     (    0)
[164] [     2011301]   0-None                     (    0)
[165] [     2021297]   0-None                     (    0)
[166] [     2031319]   0-None                     (    0)
[167] [     2041318]   0-None                     (    0)
[168] [     2051338]   0-None                     (    0)
[169] [     2061363]   0-None                     (    0)
[170] [     2071386]   0-None                     (    0)
[171] [     2081403]   0-None                     (    0)
[172] [     2091422]   0-None                     (    0)
[173] [     2101446]   0-None                     (    0)
[174] [     2111460]   0-None                     (    0)
[175] [     2121465]   0-None                     (    0)
[176] [     2131485]   0-None                     (    0)
[177] [     2141504]   0-None                     (    0)
[178] [     2151527]   0-None                     (    0)
[179] [     2161526]   0-None                     (    0)
[180] [     2171544]   0-None                     (    0)
[181] [     2181568]   0-None                     (    0)
[182] [     2191567]   0-None                     (    0)
[183] [     2201589]   0-None                     (    0)
[184] [     2211608]   0-None                     (    0)
[185] [     2221634]   0-None                     (    0)
[186] [     2231651]   0-None                     (    0)
[187] [     2241649]   0-None                     (    0)
[188] [     2251668]   0-None                     (    0)
[189] [     2261692]   0-None                     (    0)
[190] [     2271711]   0-None                     (    0)
[191] [     2281730]   0-None                     (    0)
[192] [     2291734]   0-None                     (    0)
[193] [     2301753]   0-None                     (    0)
[194] [     2311774]   0-None                     (    0)
[195] [     2321793]   0-None                     (    0)
[196] [     2331795]   0-None                     (    0)
[197] [     2341817]   0-None                     (    0)
[198] [     2351838]   0-None                     (    0)
[199] [     2361857]   0-None                     (    0)
[200] [     2371862]   0-None                     (    0)
[201] [     2381881]   0-None                     (    0)
[202] [     2391918]   0-None                     (    0)
[203] [     2401922]   0-None                     (    0)
[204] [     2411937]   0-None                     (    0)
[205] [     2421960]   0-None                     (    0)
[206] [     2431979]   0-None                     (    0)
[207] [     2442006]   0-None                     (    0)
[208] [     2452043]   0-None                     (    0)
[209] [     2462066]   0-None                     (    0)
[210] [     2472086]   0-None                     (    0)
[211] [     2482104]   0-None                     (    0)
[212] [     2492107]   0-None                     (    0)
[213] [     2502128]   0-None                     (    0)
[214] [     2512144]   0-None                     (    0)
[215] [     2522169]   0-None                     (    0)
[216] [     2532184]   0-None                     (    0)
[217] [     2542206]   0-None                     (    0)
[218] [     2552209]   0-None                     (    0)
[219] [     2562245]   0-None                     (    0)
[220] [     2572253]   0-None                     (    0)
[221] [     2582273]   0-None                     (    0)
[222] [     2592290]   0-None                     (    0)
[223] [     2602313]   0-None                     (    0)
[224] [     2612331]   0-None                     (    0)
[225] [     2622349]   0-None                     (    0)
[226] [     2632357]   0-None                     (    0)
[227] [     2642375]   0-None                     (    0)
[228] [     2652395]   0-None                     (    0)
[229] [     2662412]   0-None                     (    0)
[230] [     2672435]   0-None                     (    0)
[231] [     2682435]   0-None                     (    0)
[232] [     2692454]   0-None                     (    0)
[233] [     2702479]   0-None                     (    0)
[234] [     2712499]   0-None                     (    0)
[235] [     2722519]   0-None                     (    0)
[236] [     2732516]   0-None                     (    0)
[237] [     2742541]   0-None                     (    0)
[238] [     2752557]   0-None                     (    0)
[239] [     2762578]   0-None                     (    0)
[240] [     2772583]   0-None                     (    0)
[241] [     2782601]   0-None                     (    0)
[242] [     2792626]   0-None                     (    0)
[243] [     2802641]   0-None                     (    0)
[244] [     2812666]   0-None                     (    0)
[245] [     2822681]   0-None                     (    0)
[246] [     2832702]   0-None                     (    0)
[247] [     2842725]   0-None                     (    0)
[248] [     2852730]   0-None                     (    0)
[249] [     2862729]   0-None                     (    0)
[250] [     2872747]   0-None                     (    0)
[251] [     2882766]   0-None                     (    0)
[252] [     2892785]   0-None                     (    0)
[253] [     2902809]   0-None                     (    0)
[254] [     2912806]   0-None                     (    0)
[255] [     2922824]   0-None                     (    0)
[  0] [     2932830]   0-None                     (    0)
[  1] [     2942849]   0-None                     (    0)
[  2] [     2952873]   0-None                     (    0)
[  3] [     2962889]   0-None                     (    0)
[  4] [     2972894]   0-None                     (    0)
[  5] [     2982910]   0-None                     (    0)
[  6] [     2992932]   0-None                     (    0)
[  7] [     3002931]   0-None                     (    0)
[  8] [     3012952]   0-None                     (    0)
[  9] [     3022969]   0-None                     (    0)
[ 10] [     3032973]   0-None                     (    0)
[ 11] [     3042993]   0-None                     (    0)
[ 12] [     3053015]   0-None                     (    0)
[ 13] [     3063013]   0-None                     (    0)
[ 14] [     3073038]   0-None                     (    0)
[ 15] [     3083053]   0-None                     (    0)
[ 16] [     3093073]   0-None                     (    0)
[ 17] [     3103079]   0-None                     (    0)
[ 18] [     3113079]   0-None                     (    0)
[ 19] [     3123098]   0-None                     (    0)
[ 20] [     3133100]   0-None                     (    0)
[ 21] [     3143121]   0-None                     (    0)
[ 22] [     3153138]   0-None                     (    0)
[ 23] [     3163156]   0-None                     (    0)
[ 24] [     3173156]   0-None                     (    0)
[ 25] [     3183181]   0-None                     (    0)
[ 26] [     3193196]   0-None                     (    0)
[ 27] [     3203195]   0-None                     (    0)
[ 28] [     3213221]   0-None                     (    0)
[ 29] [     3223221]   0-None                     (    0)
[ 30] [     3233241]   0-None                     (    0)
[ 31] [     3243262]   0-None                     (    0)
[ 32] [     3253280]   0-None                     (    0)
[ 33] [     3263282]   0-None                     (    0)
[ 34] [     3273300]   0-None                     (    0)
[ 35] [     3283321]   0-None                     (    0)
[ 36] [     3293319]   0-None                     (    0)
[ 37] [     3303344]   0-None                     (    0)
[ 38] [     3313362]   0-None                     (    0)
[ 39] [     3323365]   0-None                     (    0)
[ 40] [     3333387]   0-None                     (    0)
[ 41] [     3343404]   0-None                     (    0)
[ 42] [     3353421]   0-None                     (    0)
[ 43] [     3363421]   0-None                     (    0)
[ 44] [     3373445]   0-None                     (    0)
[ 45] [     3383464]   0-None                     (    0)
[ 46] [     3393469]   0-None                     (    0)
[ 47] [     3403490]   0-None                     (    0)
[ 48] [     3413507]   0-None                     (    0)
[ 49] [     3423505]   0-None                     (    0)
[ 50] [     3433511]   0-None                     (    0)
[ 51] [     3443529]   0-None                     (    0)
[ 52] [     3453552]   0-None                     (    0)
[ 53] [     3463566]   0-None                     (    0)
[ 54] [     3473567]   0-None                     (    0)
[ 55] [     3483588]   0-None                     (    0)
[ 56] [     3493594]   0-None                     (    0)
[ 57] [     3503611]   0-None                     (    0)
[ 58] [     3513613]   0-None                     (    0)
[ 59] [     3523636]   0-None                     (    0)
[ 60] [     3533633]   0-None                     (    0)
[ 61] [     3543651]   0-None                     (    0)
[ 62] [     3553673]   0-None                     (    0)
[ 63] [     3563672]   0-None                     (    0)
[ 64] [     3573694]   0-None                     (    0)
[ 65] [     3583713]   0-None                     (    0)
[ 66] [     3593737]   0-None                     (    0)
[ 67] [     3603736]   0-None                     (    0)
[ 68] [     3613755]   0-None                     (    0)
[ 69] [     3623779]   0-None                     (    0)
[ 70] [     3633794]   0-None                     (    0)
[ 71] [     3643792]   0-None                     (    0)
[ 72] [     3653814]   0-None                     (    0)
[ 73] [     3663817]   0-None                     (    0)
[ 74] [     3673835]   0-None                     (    0)
[ 75] [     3683839]   0-None                     (    0)
[ 76] [     3693863]   0-None                     (    0)
[ 77] [     3703878]   0-None                     (    0)
[ 78] [     3713882]   0-None                     (    0)
[ 79] [     3723898]   0-None                     (    0)
[ 80] [     3733900]   0-None                     (    0)
[ 81] [     3743923]   0-None                     (    0)
[ 82] [     3753942]   0-None                     (    0)
[ 83] [     3763939]   0-None                     (    0)
[ 84] [     3773958]   0-None                     (    0)
[ 85] [     3783963]   0-None                     (    0)
[ 86] [     3793987]   0-None                     (    0)
[ 87] [     3804007]   0-None                     (    0)
[ 88] [     3814022]   0-None                     (    0)
[ 89] [     3824023]   0-None                     (    0)
[ 90] [     3834026]   0-None                     (    0)
[ 91] [     3844041]   0-None                     (    0)
[ 92] [     3854047]   0-None                     (    0)
[ 93] [     3864046]   0-None                     (    0)
[ 94] [     3874065]   0-None                     (    0)
[ 95] [     3884068]   0-None                     (    0)
[ 96] [     3894067]   0-None                     (    0)
[ 97] [     3904085]   0-None                     (    0)
[ 98] [     3914087]   0-None                     (    0)
[ 99] [     3924087]   0-None                     (    0)
[100] [     3934106]   0-None                     (    0)
[101] [     3944126]   0-None                     (    0)
[102] [     3954130]   0-None                     (    0)
[103] [     3964146]   0-None                     (    0)
[104] [     3974147]   0-None                     (    0)
[105] [     3984168]   0-None                     (    0)
[106] [     3994189]   0-None                     (    0)
[107] [     4004184]   0-None                     (    0)
[108] [     4014207]   0-None                     (    0)
[109] [     4024211]   0-None                     (    0)
[110] [     4034230]   0-None                     (    0)
[111] [     4044229]   0-None                     (    0)
[112] [     4054250]   0-None                     (    0)
[113] [     4064267]   0-None                     (    0)
[114] [     4074267]   0-None                     (    0)
[115] [     4084290]   0-None                     (    0)
[116] [     4094307]   0-None                     (    0)
[117] [     4104312]   0-None                     (    0)
[118] [     4114330]   0-None                     (    0)
[119] [     4124337]   0-None                     (    0)
[120] [     4134355]   0-None                     (    0)
[121] [     4144357]   0-None                     (    0)
[122] [     4154372]   0-None                     (    0)
[123] [     4164375]   0-None                     (    0)
[124] [     4174391]   0-None                     (    0)
[125] [     4184393]   0-None                     (    0)
[126] [     4194416]   0-None                     (    0)
[127] [     4204431]   0-None                     (    0)
[128] [     4214435]   0-None                     (    0)
[129] [     4224454]   0-None                     (    0)
[130] [     4234461]   0-None                     (    0)
[131] [     4244480]   0-None                     (    0)
[132] [     4254498]   0-None                     (    0)
[133] [     4264516]   0-None                     (    0)
[134] [     4274519]   0-None                     (    0)
[135] [     4284535]   0-None                     (    0)
[136] [     4294557]   0-None                     (    0)
[137] [     4304555]   0-None                     (    0)
[138] [     4314560]   0-None                     (    0)
[139] [     4324580]   0-None                     (    0)
[140] [     4334582]   0-None                     (    0)
[141] [     4344604]   0-None                     (    0)
[142] [     4354600]   0-None                     (    0)
[143] [     4364621]   0-None                     (    0)
[144] [     4374640]   0-None                     (    0)
[145] [     4384637]   0-None                     (    0)
[146] [     4394661]   0-None                     (    0)
[147] [     4404660]   0-None                     (    0)
[148] [     4414680]   0-None                     (    0)
[149] [     4424685]   0-None                     (    0)
[150] [     4434699]   0-None                     (    0)
[151] [     4444705]   0-None                     (    0)
[152] [     4454727]   0-None                     (    0)
[153] [     4464725]   0-None                     (    0)
[154] [     4474742]   0-None                     (    0)
[155] [     4484742]   0-None                     (    0)
[156] [     4494762]   0-None                     (    0)
[157] [     4504786]   0-None                     (    0)
[158] [     4514786]   0-None                     (    0)
[159] [     4524787]   0-None                     (    0)
[160] [     4534801]   0-None                     (    0)
[161] [     4544806]   0-None                     (    0)
[162] [     4554825]   0-None                     (    0)
[163] [     4564829]   0-None                     (    0)
[164] [     4574830]   0-None                     (    0)
[165] [     4584831]   0-None                     (    0)
[166] [     4594850]   0-None                     (    0)
[167] [     4604848]   0-None                     (    0)
[168] [     4614850]   0-None                     (    0)
[169] [     4624867]   0-None                     (    0)
[170] [     4634865]   0-None                     (    0)
[171] [     4644884]   0-None                     (    0)
[172] [     4654884]   0-None                     (    0)
[173] [     4664888]   0-None                     (    0)
[174] [     4674911]   0-None                     (    0)
[175] [     4684911]   0-None                     (    0)
[176] [     4694931]   0-None                     (    0)
[177] [     4704927]   0-None                     (    0)
[178] [     4714945]   0-None                     (    0)
[179] [     4724948]   0-None                     (    0)
[180] [     4734951]   0-None                     (    0)
[181] [     4744950]   0-None                     (    0)
[182] [     4754950]   0-None                     (    0)
[183] [     4764970]   0-None                     (    0)
[184] [     4774970]   0-None                     (    0)
[185] [     4784970]   0-None                     (    0)
[186] [     4794990]   0-None                     (    0)
[187] [     4804994]   0-None                     (    0)
[188] [     4815012]   0-None                     (    0)
[189] [     4825007]   0-None                     (    0)
[190] [     4835029]   0-None                     (    0)
[191] [     4845027]   0-None                     (    0)
[192] [     4855049]   0-None                     (    0)
[193] [     4865054]   0-None                     (    0)
[194] [     4875074]   0-None                     (    0)
[195] [     4885075]   0-None                     (    0)
[196] [     4895075]   0-None                     (    0)
[197] [     4905096]   0-None                     (    0)
[198] [     4915111]   0-None                     (    0)
[199] [     4925116]   0-None                     (    0)
[200] [     4935113]   0-None                     (    0)
[201] [     4945130]   0-None                     (    0)
[202] [     4955130]   0-None                     (    0)
[203] [     4965153]   0-None                     (    0)
[204] [     4975154]   0-None                     (    0)
[205] [     4985173]   0-None                     (    0)
[206] [     4995171]   0-None                     (    0)
[207] [     5005176]   0-None                     (    0)
[208] [     5015193]   0-None                     (    0)
[209] [     5025197]   0-None                     (    0)
[210] [     5035198]   0-None                     (    0)
[211] [     5045198]   0-None                     (    0)
[212] [     5055219]   0-None                     (    0)
[213] [     5065215]   0-None                     (    0)
[214] [     5075235]   0-None                     (    0)
[215] [     5085233]   0-None                     (    0)
[216] [     5095258]   0-None                     (    0)
[217] [     5105254]   0-None                     (    0)
[218] [     5115276]   0-None                     (    0)
[219] [     5125297]   0-None                     (    0)
[220] [     5135293]   0-None                     (    0)
[221] [     5145316]   0-None                     (    0)
[222] [     5155321]   0-None                     (    0)
[223] [     5165321]   0-None                     (    0)
[224] [     5175342]   0-None                     (    0)
[225] [     5185339]   0-None                     (    0)
[226] [     5195339]   0-None                     (    0)
[227] [     5205359]   0-None                     (    0)
[228] [     5215377]   0-None                     (    0)
[229] [     5225379]   0-None                     (    0)
[230] [     5235383]   0-None                     (    0)
[231] [     5245397]   0-None                     (    0)
[232] [     5255400]   0-None                     (    0)
[233] [     5265422]   0-None                     (    0)
[234] [     5275418]   0-None                     (    0)
[235] [     5285423]   0-None                     (    0)
[236] [     5295438]   0-None                     (    0)
[237] [     5305445]   0-None                     (    0)
[238] [     5315463]   0-None                     (    0)
[239] [     5325462]   0-None                     (    0)
[240] [     5335481]   0-None                     (    0)
[241] [     5345485]   0-None                     (    0)
[242] [     5355501]   0-None                     (    0)
[243] [     5365502]   0-None                     (    0)
[244] [     5375525]   0-None                     (    0)
[245] [     5385523]   0-None                     (    0)
[246] [     5395543]   0-None                     (    0)
[247] [     5405539]   0-None                     (    0)
[248] [     5415562]   0-None                     (    0)
[249] [     5425566]   0-None                     (    0)
[250] [     5435566]   0-None                     (    0)
[251] [     5445585]   0-None                     (    0)
[252] [     5455585]   0-None                     (    0)
[253] [     5465605]   0-None                     (    0)
[254] [     5475622]   0-None                     (    0)
[255] [     5485624]   0-None                     (    0)
[  0] [     5495645]   0-None                     (    0)
[  1] [     5505645]   0-None                     (    0)
[  2] [     5515664]   0-None                     (    0)
[  3] [     5525667]   0-None                     (    0)
[  4] [     5535683]   0-None                     (    0)
[  5] [     5545688]   0-None                     (    0)
[  6] [     5555706]   0-None                     (    0)
[  7] [     5565706]   0-None                     (    0)
[  8] [     5575706]   0-None                     (    0)
[  9] [     5585729]   0-None                     (    0)
[ 10] [     5595725]   0-None                     (    0)
[ 11] [     5605748]   0-None                     (    0)
[ 12] [     5615752]   0-None                     (    0)
[ 13] [     5625766]   0-None                     (    0)
[ 14] [     5635765]   0-None                     (    0)
[ 15] [     5645786]   0-None                     (    0)
[ 16] [     5655788]   0-None                     (    0)
[ 17] [     5665813]   0-None                     (    0)
[ 18] [     5675813]   0-None                     (    0)
[ 19] [     5685832]   0-None                     (    0)
[ 20] [     5695831]   0-None                     (    0)
[ 21] [     5705852]   0-None                     (    0)
[ 22] [     5715849]   0-None                     (    0)
[ 23] [     5725853]   0-None                     (    0)
[ 24] [     5735869]   0-None                     (    0)
[ 25] [     5745871]   0-None                     (    0)
[ 26] [     5755872]   0-None                     (    0)
[ 27] [     5765887]   0-None                     (    0)
[ 28] [     5775909]   0-None                     (    0)
[ 29] [     5785911]   0-None                     (    0)
[ 30] [     5795916]   0-None                     (    0)
[ 31] [     5805936]   0-None                     (    0)
[ 32] [     5815935]   0-None                     (    0)
[ 33] [     5825955]   0-None                     (    0)
[ 34] [     5835955]   0-None                     (    0)
[ 35] [     5845954]   0-None                     (    0)
[ 36] [     5855973]   0-None                     (    0)
[ 37] [     5865998]   0-None                     (    0)
[ 38] [     5876012]   0-None                     (    0)
[ 39] [     5886017]   0-None                     (    0)
[ 40] [     5896035]   0-None                     (    0)
[ 41] [     5906040]   0-None                     (    0)
[ 42] [     5916059]   0-None                     (    0)
[ 43] [     5926079]   0-None                     (    0)
[ 44] [     5936078]   0-None                     (    0)
[ 45] [     5946098]   0-None                     (    0)
[ 46] [     5956116]   0-None                     (    0)
[ 47] [     5966119]   0-None                     (    0)
[ 48] [     5976122]   0-None                     (    0)
[ 49] [     5986136]   0-None                     (    0)
[ 50] [     5996158]   0-None                     (    0)
[ 51] [     6006163]   0-None                     (    0)
[ 52] [     6016183]   0-None                     (    0)
[ 53] [     6026183]   0-None                     (    0)
[ 54] [     6036204]   0-None                     (    0)
[ 55] [     6046220]   0-None                     (    0)
[ 56] [     6056225]   0-None                     (    0)
[ 57] [     6066242]   0-None                     (    0)
[ 58] [     6076265]   0-None                     (    0)
[ 59] [     6086286]   0-None                     (    0)
[ 60] [     6096284]   0-None                     (    0)
[ 61] [     6106303]   0-None                     (    0)
[ 62] [     6116307]   0-None                     (    0)
[ 63] [     6126307]   0-None                     (    0)
[ 64] [     6136325]   0-None                     (    0)
[ 65] [     6146325]   0-None                     (    0)
[ 66] [     6156345]   0-None                     (    0)
[ 67] [     6166363]   0-None                     (    0)
[ 68] [     6176364]   0-None                     (    0)
[ 69] [     6186366]   0-None                     (    0)
[ 70] [     6196387]   0-None                     (    0)
[ 71] [     6206386]   0-None                     (    0)
[ 72] [     6216385]   0-None                     (    0)
[ 73] [     6226404]   0-None                     (    0)
[ 74] [     6236427]   0-None                     (    0)
[ 75] [     6246433]   0-None                     (    0)
[ 76] [     6256431]   0-None                     (    0)
[ 77] [     6266452]   0-None                     (    0)
[ 78] [     6276449]   0-None                     (    0)
[ 79] [     6286469]   0-None                     (    0)
[ 80] [     6296467]   0-None                     (    0)
[ 81] [     6306471]   0-None                     (    0)
[ 82] [     6316488]   0-None                     (    0)
[ 83] [     6326490]   0-None                     (    0)
[ 84] [     6336506]   0-None                     (    0)
[ 85] [     6346506]   0-None                     (    0)
[ 86] [     6356528]   0-None                     (    0)
[ 87] [     6366533]   0-None                     (    0)
[ 88] [     6376532]   0-None                     (    0)
[ 89] [     6386552]   0-None                     (    0)
[ 90] [     6396552]   0-None                     (    0)
[ 91] [     6406572]   0-None                     (    0)
[ 92] [     6416571]   0-None                     (    0)
[ 93] [     6426571]   0-None                     (    0)
[ 94] [     6436591]   0-None                     (    0)
[ 95] [     6446588]   0-None                     (    0)
[ 96] [     6456613]   0-None                     (    0)
[ 97] [     6466608]   0-None                     (    0)
[ 98] [     6476628]   0-None                     (    0)
[ 99] [     6486633]   0-None                     (    0)
[100] [     6496630]   0-None                     (    0)
[101] [     6506651]   0-None                     (    0)
[102] [     6516656]   0-None                     (    0)
[103] [     6526656]   0-None                     (    0)
[104] [     6536675]   0-None                     (    0)
[105] [     6546675]   0-None                     (    0)
[106] [     6556675]   0-None                     (    0)
[107] [     6566695]   0-None                     (    0)
[108] [     6576695]   0-None                     (    0)
[109] [     6586695]   0-None                     (    0)
[110] [     6596715]   0-None                     (    0)
[111] [     6606712]   0-None                     (    0)
[112] [     6616737]   0-None                     (    0)
[113] [     6626732]   0-None                     (    0)
[114] [     6636754]   0-None                     (    0)
[115] [     6646752]   0-None                     (    0)
[116] [     6656752]   0-None                     (    0)
[117] [     6666752]   0-None                     (    0)
[118] [     6676773]   0-None                     (    0)
[119] [     6686776]   0-None                     (    0)
[120] [     6696773]   0-None                     (    0)
[121] [     6706796]   0-None                     (    0)
[122] [     6716780]   0-None                     (    0)
[123] [     6726792]   0-None                     (    0)
[124] [     6736798]   0-None                     (    0)
[125] [     6746797]   0-None                     (    0)
[126] [     6756820]   0-None                     (    0)
[127] [     6766821]   0-None                     (    0)
[128] [     6776834]   0-None                     (    0)
[129] [     6786838]   0-None                     (    0)
[130] [     6796855]   0-None                     (    0)
[131] [     6806857]   0-None                     (    0)
[132] [     6816860]   0-None                     (    0)
[133] [     6826874]   0-None                     (    0)
[134] [     6836874]   0-None                     (    0)
[135] [     6846896]   0-None                     (    0)
[136] [     6856901]   0-None                     (    0)
[137] [     6866901]   0-None                     (    0)
[138] [     6876921]   0-None                     (    0)
[139] [     6886921]   0-None                     (    0)
[140] [     6896940]   0-None                     (    0)
[141] [     6906960]   0-None                     (    0)
[142] [     6916966]   0-None                     (    0)
[143] [     6926984]   0-None                     (    0)
[144] [     6936998]   0-None                     (    0)
[145] [     6946998]   0-None                     (    0)
[146] [     6957019]   0-None                     (    0)
[147] [     6967042]   0-None                     (    0)
[148] [     6977045]   0-None                     (    0)
[149] [     6987044]   0-None                     (    0)
[150] [     6997063]   0-None                     (    0)
[151] [     7007083]   0-None                     (    0)
[152] [     7017101]   0-None                     (    0)
[153] [     7027101]   0-None                     (    0)
[154] [     7037125]   0-None                     (    0)
[155] [     7047146]   0-None                     (    0)
[156] [     7057142]   0-None                     (    0)
[157] [     7067167]   0-None                     (    0)
[158] [     7077186]   0-None                     (    0)
[159] [     7087189]   0-None                     (    0)
[160] [     7097204]   0-None                     (    0)
[161] [     7107229]   0-None                     (    0)
[162] [     7117225]   0-None                     (    0)
[163] [     7127247]   0-None                     (    0)
[164] [     7137245]   0-None                     (    0)
[165] [     7147267]   0-None                     (    0)
[166] [     7157269]   0-None                     (    0)
[167] [     7167266]   0-None                     (    0)
[168] [     7177272]   0-None                     (    0)
[169] [     7187271]   0-None                     (    0)
[170] [     7197291]   0-None                     (    0)
[171] [     7207291]   0-None                     (    0)
[172] [     7217291]   0-None                     (    0)
[173] [     7227311]   0-None                     (    0)
[174] [     7237311]   0-None                     (    0)
[175] [     7247331]   0-None                     (    0)
[176] [     7257348]   0-None                     (    0)
[177] [     7267350]   0-None                     (    0)
[178] [     7277354]   0-None                     (    0)
[179] [     7287368]   0-None                     (    0)
[180] [     7297368]   0-None                     (    0)
[181] [     7307389]   0-None                     (    0)
[182] [     7317395]   0-None                     (    0)
[183] [     7327393]   0-None                     (    0)
[184] [     7337412]   0-None                     (    0)
[185] [     7347415]   0-None                     (    0)
[186] [     7357431]   0-None                     (    0)
[187] [     7367433]   0-None                     (    0)
[188] [     7377435]   0-None                     (    0)
[189] [     7387450]   0-None                     (    0)
[190] [     7397455]   0-None                     (    0)
[191] [     7407471]   0-None                     (    0)
[192] [     7417473]   0-None                     (    0)
[193] [     7427476]   0-None                     (    0)
[194] [     7437491]   0-None                     (    0)
[195] [     7447489]   0-None                     (    0)
[196] [     7457489]   0-None                     (    0)
[197] [     7467511]   0-None                     (    0)
[198] [     7477514]   0-None                     (    0)
[199] [     7487510]   0-None                     (    0)
[200] [     7497513]   0-None                     (    0)
[201] [     7507533]   0-None                     (    0)
[202] [     7517537]   0-None                     (    0)
[203] [     7527538]   0-None                     (    0)
[204] [     7537558]   0-None                     (    0)
[205] [     7547554]   0-None                     (    0)
[206] [     7557575]   0-None                     (    0)
[207] [     7567579]   0-None                     (    0)
[208] [     7577576]   0-None                     (    0)
[209] [     7587593]   0-None                     (    0)
[210] [     7597596]   0-None                     (    0)
[211] [     7607619]   0-None                     (    0)
[212] [     7617619]   0-None                     (    0)
[213] [     7627620]   0-None                     (    0)
[214] [     7637635]   0-None                     (    0)
[215] [     7647640]   0-None                     (    0)
[216] [     7657636]   0-None                     (    0)
[217] [     7667655]   0-None                     (    0)
[218] [     7677661]   0-None                     (    0)
[219] [     7687659]   0-None                     (    0)
[220] [     7697659]   0-None                     (    0)
[221] [     7707681]   0-None                     (    0)
[222] [     7717677]   0-None                     (    0)
[223] [     7727679]   0-None                     (    0)
[224] [     7737679]   0-None                     (    0)
[225] [     7747699]   0-None                     (    0)
[226] [     7757696]   0-None                     (    0)
[227] [     7767702]   0-None                     (    0)
[228] [     7777719]   0-None                     (    0)
[229] [     7787714]   0-None                     (    0)
[230] [     7797718]   0-None                     (    0)
[231] [     7807741]   0-None                     (    0)
[232] [     7817740]   0-None                     (    0)
[233] [     7827739]   0-None                     (    0)
[234] [     7837759]   0-None                     (    0)
[235] [     7847757]   0-None                     (    0)
[236] [     7857780]   0-None                     (    0)
[237] [     7867785]   0-None                     (    0)
[238] [     7877805]   0-None                     (    0)
[239] [     7887802]   0-None                     (    0)
[240] [     7897802]   0-None                     (    0)
[241] [     7907805]   0-None                     (    0)
[242] [     7917819]   0-None                     (    0)
[243] [     7927824]   0-None                     (    0)
[244] [     7937840]   0-None                     (    0)
[245] [     7947842]   0-None                     (    0)
[246] [     7957837]   0-None                     (    0)
[247] [     7967858]   0-None                     (    0)
[248] [     7977857]   0-None                     (    0)
[249] [     7987863]   0-None                     (    0)
[250] [     7997883]   0-None                     (    0)
[251] [     8007901]   0-None                     (    0)
[252] [     8017906]   0-None                     (    0)
[253] [     8027906]   0-None                     (    0)
[254] [     8037925]   0-None                     (    0)
[255] [     8047945]   0-None                     (    0)
[  0] [     8057962]   0-None                     (    0)
[  1] [     8067964]   0-None                     (    0)
[  2] [     8077987]   0-None                     (    0)
[  3] [     8087988]   0-None                     (    0)
[  4] [     8098007]   0-None                     (    0)
[  5] [     8108024]   0-None                     (    0)
[  6] [     8118028]   0-None                     (    0)
[  7] [     8128047]   0-None                     (    0)
[  8] [     8138048]   0-None                     (    0)
[  9] [     8148068]   0-None                     (    0)
[ 10] [     8158065]   0-None                     (    0)
[ 11] [     8168089]   0-None                     (    0)
[ 12] [     8178091]   0-None                     (    0)
[ 13] [     8188105]   0-None                     (    0)
[ 14] [     8198104]   0-None                     (    0)
[ 15] [     8208105]   0-None                     (    0)
[ 16] [     8218112]   0-None                     (    0)
[ 17] [     8228126]   0-None                     (    0)
[ 18] [     8238130]   0-None                     (    0)
[ 19] [     8248146]   0-None                     (    0)
[ 20] [     8258153]   0-None                     (    0)
[ 21] [     8268170]   0-None                     (    0)
[ 22] [     8278172]   0-None                     (    0)
[ 23] [     8288187]   0-None                     (    0)
[ 24] [     8298193]   0-None                     (    0)
[ 25] [     8308189]   0-None                     (    0)
[ 26] [     8318214]   0-None                     (    0)
[ 27] [     8328229]   0-None                     (    0)
[ 28] [     8338250]   0-None                     (    0)
[ 29] [     8348255]   0-None                     (    0)
[ 30] [     8358275]   0-None                     (    0)
[ 31] [     8368275]   0-None                     (    0)
[ 32] [     8378275]   0-None                     (    0)
[ 33] [     8388294]   0-None                     (    0)
[ 34] [     8398294]   0-None                     (    0)
[ 35] [     8408314]   0-None                     (    0)
[ 36] [     8418331]   0-None                     (    0)
[ 37] [     8428334]   0-None                     (    0)
[ 38] [     8438357]   0-None                     (    0)
[ 39] [     8448356]   0-None                     (    0)
[ 40] [     8458376]   0-None                     (    0)
[ 41] [     8468371]   0-None                     (    0)
[ 42] [     8478395]   0-None                     (    0)
[ 43] [     8488398]   0-None                     (    0)
[ 44] [     8498419]   0-None                     (    0)
[ 45] [     8508421]   0-None                     (    0)
[ 46] [     8518420]   0-None                     (    0)
[ 47] [     8528440]   0-None                     (    0)
[ 48] [     8538438]   0-None                     (    0)
[ 49] [     8548457]   0-None                     (    0)
[ 50] [     8558459]   0-None                     (    0)
[ 51] [     8568461]   0-None                     (    0)
[ 52] [     8578473]   0-None                     (    0)
[ 53] [     8588495]   0-None                     (    0)
[ 54] [     8598497]   0-None                     (    0)
[ 55] [     8608501]   0-None                     (    0)
[ 56] [     8618521]   0-None                     (    0)
[ 57] [     8628521]   0-None                     (    0)
[ 58] [     8638541]   0-None                     (    0)
[ 59] [     8648561]   0-None                     (    0)
[ 60] [     8658558]   0-None                     (    0)
[ 61] [     8668582]   0-None                     (    0)
[ 62] [     8678597]   0-None                     (    0)
[ 63] [     8688597]   0-None                     (    0)
[ 64] [     8698618]   0-None                     (    0)
[ 65] [     8708620]   0-None                     (    0)
[ 66] [     8718625]   0-None                     (    0)
[ 67] [     8728645]   0-None                     (    0)
[ 68] [     8738645]   0-None                     (    0)
[ 69] [     8748646]   0-None                     (    0)
[ 70] [     8758667]   0-None                     (    0)
[ 71] [     8768664]   0-None                     (    0)
[ 72] [     8778685]   0-None                     (    0)
[ 73] [     8788683]   0-None                     (    0)
[ 74] [     8798701]   0-None                     (    0)
[ 75] [     8808702]   0-None                     (    0)
[ 76] [     8818726]   0-None                     (    0)
[ 77] [     8828721]   0-None                     (    0)
[ 78] [     8838728]   0-None                     (    0)
[ 79] [     8848747]   0-None                     (    0)
[ 80] [     8858745]   0-None                     (    0)
[ 81] [     8868763]   0-None                     (    0)
[ 82] [     8878768]   0-None                     (    0)
[ 83] [     8888790]   0-None                     (    0)
[ 84] [     8898787]   0-None                     (    0)
[ 85] [     8908808]   0-None                     (    0)
[ 86] [     8918806]   0-None                     (    0)
[ 87] [     8928804]   0-None                     (    0)
[ 88] [     8938810]   0-None                     (    0)
[ 89] [     8948826]   0-None                     (    0)
[ 90] [     8958823]   0-None                     (    0)
[ 91] [     8968826]   0-None                     (    0)
[ 92] [     8978843]   0-None                     (    0)
[ 93] [     8988844]   0-None                     (    0)
[ 94] [     8998844]   0-None                     (    0)
[ 95] [     9008844]   0-None                     (    0)
[ 96] [     9018844]   0-None                     (    0)
[ 97] [     9028844]   0-None                     (    0)
[ 98] [     9038865]   0-None                     (    0)
[ 99] [     9048870]   0-None                     (    0)
[100] [     9058863]   0-None                     (    0)
[101] [     9068888]   0-None                     (    0)
[102] [     9078873]   0-None                     (    0)
[103] [     9088884]   0-None                     (    0)
[104] [     9098889]   0-None                     (    0)
[105] [     9108895]   0-None                     (    0)
[106] [     9118913]   0-None                     (    0)
[107] [     9128907]   0-None                     (    0)
[108] [     9138908]   0-None                     (    0)
[109] [     9148911]   0-None                     (    0)
[110] [     9158926]   0-None                     (    0)
[111] [     9168932]   0-None                     (    0)
[112] [     9178949]   0-None                     (    0)
[113] [     9188953]   0-None                     (    0)
[114] [     9198968]   0-None                     (    0)
[115] [     9208968]   0-None                     (    0)
[116] [     9218990]   0-None                     (    0)
[117] [     9228993]   0-None                     (    0)
[118] [     9239011]   0-None                     (    0)
[119] [     9249016]   0-None                     (    0)
[120] [     9259035]   0-None                     (    0)
[121] [     9269050]   0-None                     (    0)
[122] [     9279054]   0-None                     (    0)
[123] [     9289070]   0-None                     (    0)
[124] [     9299072]   0-None                     (    0)
[125] [     9309095]   0-None                     (    0)
[126] [     9319114]   0-None                     (    0)
[127] [     9329132]   0-None                     (    0)
[128] [     9339136]   0-None                     (    0)
[129] [     9349136]   0-None                     (    0)
[130] [     9359156]   0-None                     (    0)
[131] [     9369176]   0-None                     (    0)
[132] [     9379194]   0-None                     (    0)
[133] [     9389215]   0-None                     (    0)
[134] [     9399236]   0-None                     (    0)
[135] [     9409234]   0-None                     (    0)
[136] [     9419258]   0-None                     (    0)
[137] [     9429263]   0-None                     (    0)
[138] [     9439279]   0-None                     (    0)
[139] [     9449281]   0-None                     (    0)
[140] [     9459302]   0-None                     (    0)
[141] [     9469299]   0-None                     (    0)
[142] [     9479317]   0-None                     (    0)
[143] [     9489339]   0-None                     (    0)
[144] [     9499337]   0-None                     (    0)
[145] [     9509359]   0-None                     (    0)
[146] [     9519364]   0-None                     (    0)
[147] [     9529384]   0-None                     (    0)
[148] [     9539385]   0-None                     (    0)
[149] [     9549404]   0-None                     (    0)
[150] [     9559421]   0-None                     (    0)
[151] [     9569425]   0-None                     (    0)
[152] [     9579442]   0-None                     (    0)
[153] [     9589443]   0-None                     (    0)
[154] [     9599466]   0-None                     (    0)
[155] [     9609464]   0-None                     (    0)
[156] [     9619484]   0-None                     (    0)
[157] [     9629480]   0-None                     (    0)
[158] [     9639504]   0-None                     (    0)
[159] [     9649508]   0-None                     (    0)
[160] [     9659509]   0-None                     (    0)
[161] [     9669529]   0-None                     (    0)
[162] [     9679525]   0-None                     (    0)
[163] [     9689547]   0-None                     (    0)
[164] [     9699544]   0-None                     (    0)
[165] [     9709548]   0-None                     (    0)
[166] [     9719565]   0-None                     (    0)
[167] [     9729588]   0-None                     (    0)
[168] [     9739584]   0-None                     (    0)
[169] [     9749604]   0-None                     (    0)
[170] [     9759610]   0-None                     (    0)
[171] [     9769628]   0-None                     (    0)
[172] [     9779633]   0-None                     (    0)
[173] [     9789653]   0-None                     (    0)
[174] [     9799647]   0-None                     (    0)
[175] [     9809648]   0-None                     (    0)
[176] [     9819669]   0-None                     (    0)
[177] [     9829686]   0-None                     (    0)
[178] [     9839687]   0-None                     (    0)
[179] [     9849709]   0-None                     (    0)
[180] [     9859729]   0-None                     (    0)
[181] [     9869732]   0-None                     (    0)
[182] [     9879750]   0-None                     (    0)
[183] [     9889755]   0-None                     (    0)
[184] [     9899776]   0-None                     (    0)
[185] [     9909773]   0-None                     (    0)
[186] [     9919794]   0-None                     (    0)
[187] [     9929792]   0-None                     (    0)
[188] [     9939790]   0-None                     (    0)
[189] [     9949816]   0-None                     (    0)
[190] [     9959812]   0-None                     (    0)
[191] [     9969816]   0-None                     (    0)
[192] [     9979831]   0-None                     (    0)
[193] [     9989832]   0-None                     (    0)
[194] [     9999833]   0-None                     (    0)
[195] [    10009835]   0-None                     (    0)
[196] [    10019852]   0-None                     (    0)
[197] [    10029850]   0-None                     (    0)
[198] [    10039856]   0-None                     (    0)
[199] [    10049854]   0-None                     (    0)
[200] [    10059871]   0-None                     (    0)
[201] [    10069876]   0-None                     (    0)
[202] [    10079877]   0-None                     (    0)
[203] [    10089877]   0-None                     (    0)
[204] [    10099877]   0-None                     (    0)
[205] [    10109897]   0-None                     (    0)
[206] [    10119894]   0-None                     (    0)
[207] [    10129895]   0-None                     (    0)
[208] [    10139916]   0-None                     (    0)
[209] [    10149914]   0-None                     (    0)
[210] [    10159921]   0-None                     (    0)
[211] [    10169939]   0-None                     (    0)
[212] [    10179953]   0-None                     (    0)
[213] [    10189953]   0-None                     (    0)
[214] [    10199974]   0-None                     (    0)
[215] [    10209979]   0-None                     (    0)
[216] [    10219999]   0-None                     (    0)
[217] [    10230020]   0-None                     (    0)
[218] [    10240037]   0-None                     (    0)
[219] [    10250042]   0-None                     (    0)
[220] [    10260039]   0-None                     (    0)
[221] [    10270056]   0-None                     (    0)
[222] [    10280079]   0-None                     (    0)
[223] [    10290099]   0-None                     (    0)
[224] [    10300098]   0-None                     (    0)
[225] [    10310118]   0-None                     (    0)
[226] [    10320124]   0-None                     (    0)
[227] [    10330142]   0-None                     (    0)
[228] [    10340164]   0-None                     (    0)
[229] [    10350162]   0-None                     (    0)
[230] [    10360178]   0-None                     (    0)
[231] [    10370200]   0-None                     (    0)
[232] [    10380198]   0-None                     (    0)
[233] [    10390219]   0-None                     (    0)
[234] [    10400243]   0-None                     (    0)
[235] [    10410247]   0-None                     (    0)
[236] [    10420248]   0-None                     (    0)
[237] [    10430267]   0-None                     (    0)
[238] [    10440284]   0-None                     (    0)
[239] [    10450288]   0-None                     (    0)
[240] [    10460304]   0-None                     (    0)
[241] [    10470325]   0-None                     (    0)
[242] [    10480345]   0-None                     (    0)
[243] [    10490348]   0-None                     (    0)
[244] [    10500366]   0-None                     (    0)
[245] [    10510390]   0-None                     (    0)
[246] [    10520390]   0-None                     (    0)
[247] [    10530410]   0-None                     (    0)
[248] [    10540427]   0-None                     (    0)
[249] [    10550449]   0-None                     (    0)
[250] [    10560469]   0-None                     (    0)
[251] [    10570474]   0-None                     (    0)
[252] [    10580494]   0-None                     (    0)
[253] [    10590511]   0-None                     (    0)
[254] [    10600511]   0-None                     (    0)
[255] [    10610532]   0-None                     (    0)
[  0] [    10620550]   0-None                     (    0)
[  1] [    10630551]   0-None                     (    0)
[  2] [    10640573]   0-None                     (    0)
[  3] [    10650593]   0-None                     (    0)
[  4] [    10660591]   0-None                     (    0)
[  5] [    10670614]   0-None                     (    0)
[  6] [    10680638]   0-None                     (    0)
[  7] [    10690641]   0-None                     (    0)
[  8] [    10700657]   0-None                     (    0)
[  9] [    10710675]   0-None                     (    0)
[ 10] [    10720677]   0-None                     (    0)
[ 11] [    10730700]   0-None                     (    0)
[ 12] [    10740700]   0-None                     (    0)
[ 13] [    10750720]   0-None                     (    0)
[ 14] [    10760739]   0-None                     (    0)
[ 15] [    10770742]   0-None                     (    0)
[ 16] [    10780742]   0-None                     (    0)
[ 17] [    10790762]   0-None                     (    0)
[ 18] [    10800779]   0-None                     (    0)
[ 19] [    10810784]   0-None                     (    0)
[ 20] [    10820800]   0-None                     (    0)
[ 21] [    10830804]   0-None                     (    0)
[ 22] [    10840818]   0-None                     (    0)
[ 23] [    10850838]   0-None                     (    0)
[ 24] [    10860841]   0-None                     (    0)
[ 25] [    10870865]   0-None                     (    0)
[ 26] [    10880864]   0-None                     (    0)
[ 27] [    10890889]   0-None                     (    0)
[ 28] [    10900909]   0-None                     (    0)
[ 29] [    10910925]   0-None                     (    0)
[ 30] [    10920929]   0-None                     (    0)
[ 31] [    10930945]   0-None                     (    0)
[ 32] [    10940963]   0-None                     (    0)
[ 33] [    10950966]   0-None                     (    0)
[ 34] [    10960968]   0-None                     (    0)
[ 35] [    10970986]   0-None                     (    0)
[ 36] [    10980989]   0-None                     (    0)
[ 37] [    10991008]   0-None                     (    0)
[ 38] [    11001028]   0-None                     (    0)
[ 39] [    11011045]   0-None                     (    0)
[ 40] [    11021048]   0-None                     (    0)
[ 41] [    11031071]   0-None                     (    0)
[ 42] [    11041063]   0-None                     (    0)
[ 43] [    11051086]   0-None                     (    0)
[ 44] [    11061090]   0-None                     (    0)
[ 45] [    11071109]   0-None                     (    0)
[ 46] [    11081113]   0-None                     (    0)
[ 47] [    11091135]   0-None                     (    0)
[ 48] [    11101151]   0-None                     (    0)
[ 49] [    11111149]   0-None                     (    0)
[ 50] [    11121174]   0-None                     (    0)
[ 51] [    11131190]   0-None                     (    0)
[ 52] [    11141189]   0-None                     (    0)
[ 53] [    11151211]   0-None                     (    0)
[ 54] [    11161216]   0-None                     (    0)
[ 55] [    11171228]   0-None                     (    0)
[ 56] [    11181236]   0-None                     (    0)
[ 57] [    11191255]   0-None                     (    0)
[ 58] [    11201255]   0-None                     (    0)
[ 59] [    11211277]   0-None                     (    0)
[ 60] [    11221276]   0-None                     (    0)
[ 61] [    11231294]   0-None                     (    0)
[ 62] [    11241317]   0-None                     (    0)
[ 63] [    11251316]   0-None                     (    0)
[ 64] [    11261356]   0-None                     (    0)
[ 65] [    11271362]   0-None                     (    0)
[ 66] [    11281382]   0-None                     (    0)
[ 67] [    11291399]   0-None                     (    0)
[ 68] [    11301397]   0-None                     (    0)
[ 69] [    11311416]   0-None                     (    0)
[ 70] [    11321438]   0-None                     (    0)
[ 71] [    11331460]   0-None                     (    0)
[ 72] [    11341458]   0-None                     (    0)
[ 73] [    11351463]   0-None                     (    0)
[ 74] [    11361483]   0-None                     (    0)
[ 75] [    11371503]   0-None                     (    0)
[ 76] [    11381503]   0-None                     (    0)
[ 77] [    11391526]   0-None                     (    0)
[ 78] [    11401523]   0-None                     (    0)
[ 79] [    11411541]   0-None                     (    0)
[ 80] [    11421543]   0-None                     (    0)
[ 81] [    11431559]   0-None                     (    0)
[ 82] [    11441581]   0-None                     (    0)
[ 83] [    11451586]   0-None                     (    0)
[ 84] [    11461606]   0-None                     (    0)
[ 85] [    11471606]   0-None                     (    0)
[ 86] [    11481624]   0-None                     (    0)
[ 87] [    11491623]   0-None                     (    0)
[ 88] [    11501644]   0-None                     (    0)
[ 89] [    11511647]   0-None                     (    0)
[ 90] [    11521642]   0-None                     (    0)
[ 91] [    11531647]   0-None                     (    0)
[ 92] [    11541664]   0-None                     (    0)
[ 93] [    11551687]   0-None                     (    0)
[ 94] [    11561685]   0-None                     (    0)
[ 95] [    11571705]   0-None                     (    0)
[ 96] [    11581710]   0-None                     (    0)
[ 97] [    11591730]   0-None                     (    0)
[ 98] [    11601730]   0-None                     (    0)
[ 99] [    11611749]   0-None                     (    0)
[100] [    11621749]   0-None                     (    0)
[101] [    11631769]   0-None                     (    0)
[102] [    11641766]   0-None                     (    0)
[103] [    11651771]   0-None                     (    0)
[104] [    11661787]   0-None                     (    0)
[105] [    11671809]   0-None                     (    0)
[106] [    11681828]   0-None                     (    0)
[107] [    11691831]   0-None                     (    0)
[108] [    11701849]   0-None                     (    0)
[109] [    11711873]   0-None                     (    0)
[110] [    11721873]   0-None                     (    0)
[111] [    11731893]   0-None                     (    0)
[112] [    11741910]   0-None                     (    0)
[113] [    11751913]   0-None                     (    0)
[114] [    11761916]   0-None                     (    0)
[115] [    11771932]   0-None                     (    0)
[116] [    11781932]   0-None                     (    0)
[117] [    11791954]   0-None                     (    0)
[118] [    11801958]   0-None                     (    0)
[119] [    11811974]   0-None                     (    0)
[120] [    11822000]   0-None                     (    0)
[121] [    11832013]   0-None                     (    0)
[122] [    11842018]   0-None                     (    0)
[123] [    11852035]   0-None                     (    0)
[124] [    11862036]   0-None                     (    0)
[125] [    11872059]   0-None                     (    0)
[126] [    11882079]   0-None                     (    0)
[127] [    11892098]   0-None                     (    0)
[128] [    11902101]   0-None                     (    0)
[129] [    11912121]   0-None                     (    0)
[130] [    11922138]   0-None                     (    0)
[131] [    11932142]   0-None                     (    0)
[132] [    11942139]   0-None                     (    0)
[133] [    11952157]   0-None                     (    0)
[134] [    11962159]   0-None                     (    0)
[135] [    11972163]   0-None                     (    0)
[136] [    11982177]   0-None                     (    0)
[137] [    11992199]   0-None                     (    0)
[138] [    12002201]   0-None                     (    0)
[139] [    12012218]   0-None                     (    0)
[140] [    12022222]   0-None                     (    0)
[141] [    12032247]   0-None                     (    0)
[142] [    12042242]   0-None                     (    0)
[143] [    12052262]   0-None                     (    0)
[144] [    12062280]   0-None                     (    0)
[145] [    12072280]   0-None                     (    0)
[146] [    12082302]   0-None                     (    0)
[147] [    12092321]   0-None                     (    0)
[148] [    12102329]   0-None                     (    0)
[149] [    12112345]   0-None                     (    0)
[150] [    12122349]   0-None                     (    0)
[151] [    12132366]   0-None                     (    0)
[152] [    12142386]   0-None                     (    0)
[153] [    12152403]   0-None                     (    0)
[154] [    12162406]   0-None                     (    0)
[155] [    12172428]   0-None                     (    0)
[156] [    12182448]   0-None                     (    0)
[157] [    12192468]   0-None                     (    0)
[158] [    12202472]   0-None                     (    0)
[159] [    12212493]   0-None                     (    0)
[160] [    12222509]   0-None                     (    0)
[161] [    12232527]   0-None                     (    0)
[162] [    12242530]   0-None                     (    0)
[163] [    12252547]   0-None                     (    0)
[164] [    12262568]   0-None                     (    0)
[165] [    12272572]   0-None                     (    0)
[166] [    12282591]   0-None                     (    0)
[167] [    12292596]   0-None                     (    0)
[168] [    12302618]   0-None                     (    0)
[169] [    12312634]   0-None                     (    0)
[170] [    12322652]   0-None                     (    0)
[171] [    12332675]   0-None                     (    0)
[172] [    12342674]   0-None                     (    0)
[173] [    12352696]   0-None                     (    0)
[174] [    12362714]   0-None                     (    0)
[175] [    12372721]   0-None                     (    0)
[176] [    12382741]   0-None                     (    0)
[177] [    12392741]   0-None                     (    0)
[178] [    12402762]   0-None                     (    0)
[179] [    12412782]   0-None                     (    0)
[180] [    12422796]   0-None                     (    0)
[181] [    12432815]   0-None                     (    0)
[182] [    12442819]   0-None                     (    0)
[183] [    12452837]   0-None                     (    0)
[184] [    12462862]   0-None                     (    0)
[185] [    12472863]   0-None                     (    0)
[186] [    12482883]   0-None                     (    0)
[187] [    12492900]   0-None                     (    0)
[188] [    12502902]   0-None                     (    0)
[189] [    12512927]   0-None                     (    0)
[190] [    12522947]   0-None                     (    0)
[191] [    12532946]   0-None                     (    0)
[192] [    12542966]   0-None                     (    0)
[193] [    12552988]   0-None                     (    0)
[194] [    12563004]   0-None                     (    0)
[195] [    12573010]   0-None                     (    0)
[196] [    12583026]   0-None                     (    0)
[197] [    12593049]   0-None                     (    0)
[198] [    12603048]   0-None                     (    0)
[199] [    12613068]   0-None                     (    0)
[200] [    12623086]   0-None                     (    0)
[201] [    12633110]   0-None                     (    0)
[202] [    12643129]   0-None                     (    0)
[203] [    12653133]   0-None                     (    0)
[204] [    12663147]   0-None                     (    0)
[205] [    12673168]   0-None                     (    0)
[206] [    12683194]   0-None                     (    0)
[207] [    12693194]   0-None                     (    0)
[208] [    12703211]   0-None                     (    0)
[209] [    12713216]   0-None                     (    0)
[210] [    12723236]   0-None                     (    0)
[211] [    12733251]   0-None                     (    0)
[212] [    12743275]   0-None                     (    0)
[213] [    12753290]   0-None                     (    0)
[214] [    12763311]   0-None                     (    0)
[215] [    12773314]   0-None                     (    0)
[216] [    12783338]   0-None                     (    0)
[217] [    12793358]   0-None                     (    0)
[218] [    12803377]   0-None                     (    0)
[219] [    12813395]   0-None                     (    0)
[220] [    12823398]   0-None                     (    0)
[221] [    12833421]   0-None                     (    0)
[222] [    12843440]   0-None                     (    0)
[223] [    12853458]   0-None                     (    0)
[224] [    12863482]   0-None                     (    0)
[225] [    12873502]   0-None                     (    0)
[226] [    12883519]   0-None                     (    0)
[227] [    12893522]   0-None                     (    0)
[228] [    12903544]   0-None                     (    0)
[229] [    12913564]   0-None                     (    0)
[230] [    12923561]   0-None                     (    0)
[231] [    12933584]   0-None                     (    0)
[232] [    12943609]   0-None                     (    0)
[233] [    12953625]   0-None                     (    0)
[234] [    12963643]   0-None                     (    0)
[235] [    12973645]   0-None                     (    0)
[236] [    12983668]   0-None                     (    0)
[237] [    12993668]   0-None                     (    0)
[238] [    13003685]   0-None                     (    0)
[239] [    13013709]   0-None                     (    0)
