[137] [     1740903] 1 | True  True 00 ( 1312,  190)   4   774  1424
[138] [     1750930] 1 | True  True 00 ( 1313,  192)   4   807  1444
[139] [     1760952] 1 | True  True 00 ( 1317,  196)   4   787  1332
[140] [     1770958] 1 | True  True 00 ( 1323,  204)   5   788  1288
[141] [     1780975] 1 | True  True 00 ( 1333,  214)   4   752  1380
[142] [     1790999] 1 | True  True 00 ( 1345,  226)   4   750  1308
[143] [     1801017] 1 | True  True 00 ( 1358,  240)   5   800  1236
[144] [     1811033] 1 | True  True 00 ( 1371,  254)   6   850  1208
[145] [     1821039] 1 | True  True 00 ( 1381,  268)   4   782  1208
[146] [     1831056] 1 | True  True 00 ( 1390,  283)   4   787  1064
[147] [     1841070] 1 | True  True 00 ( 1398,  298)   4   779  1032
[148] [     1851069] 1 | True  True 00 ( 1406,  315)   5   811  1320
[149] [     1861090] 1 | True  True 00 ( 1413,  331)   4   782  1612
[150] [     1871113] 1 | True  True 00 ( 1418,  348)   4   703  1592
[151] [     1881116] 1 | True  True 00 ( 1423,  365)   4   786  1704
[152] [     1891137] 1 | True  True 00 ( 1427,  383)   4   814  1468
[153] [     1901153] 1 | True  True 00 ( 1428,  402)   4   852  1224
[154] [     1911153] 1 | True  True 00 ( 1432,  420)   5   840  1580
[155] [     1921173] 1 | True  True 00 ( 1432,  438)   4   767  1600
[156] [     1931196] 1 | True  True 00 ( 1432,  456)   4   689  1600
[157] [     1941195] 1 | True  True 00 ( 1434,  474)   5   741  1528
[158] [     1951216] 1 | True  True 00 ( 1434,  491)   4   804  1528
[159] [     1961235] 1 | True  True 00 ( 1431,  507)   5   940  1280
[160] [     1971240] 1 | True  True 00 ( 1429,  525)   4   762  1256
[161] [     1981260] 1 | True  True 00 ( 1427,  542)   4   785  1384
[162] [     1991261] 1 | True  True 00 ( 1422,  558)   4   732  1364
[163] [     2001282] 1 | True  True 00 ( 1417,  576)   5   788  1308
[164] [     2011301] 1 | True  True 00 ( 1411,  592)   6   886  1088
[165] [     2021297] 1 | True  True 00 ( 1403,  609)   4   770  1124
[166] [     2031319] 1 | True  True 00 ( 1394,  625)   4   766  1064
[167] [     2041318] 1 | True  True 00 ( 1382,  641)   4   720  1316
[168] [     2051338] 1 | True  True 00 ( 1369,  656)   4   735  1568
[169] [     2061363] 1 | True  True 00 ( 1356,  671)   4   731  1692
[170] [     2071386] 1 | True  True 00 ( 1344,  684)   5   787  1568
[171] [     2081403] 1 | True  True 00 ( 1332,  697)   5   794  1460
[172] [     2091422] 1 | True  True 00 ( 1320,  709)   4   749  1152
[173] [     2101446] 1 | True  True 00 ( 1306,  720)   5   841  1280
[174] [     2111460] 1 | True  True 00 ( 1290,  731)   5   801  1336
[175] [     2121465] 1 | True  True 00 ( 1271,  740)   4   757  1408
[176] [     2131485] 1 | True  True 00 ( 1254,  748)   4   786  1244
[177] [     2141504] 1 | True  True 00 ( 1237,  755)   4   805   992
[178] [     2151527] 1 | True  True 00 ( 1221,  760)   4   809   840
[179] [     2161526] 1 | True  True 00 ( 1204,  766)   5   806  1008
[180] [     2171544] 1 | True  True 00 ( 1186,  770)   6   877  1188
[181] [     2181568] 1 | True  True 00 ( 1167,  774)   4   759  1316
[182] [     2191567] 1 | True  True 00 ( 1149,  776)   4   822  1336
[183] [     2201589] 1 | True  True 00 ( 1133,  777)   4   793  1096
[184] [     2211608] 1 | True  True 00 ( 1116,  777)   4   772   840
[185] [     2221634] 1 | True  True 00 ( 1099,  777)   4   794  1024
[186] [     2231651] 1 | True  True 00 ( 1082,  776)   5   804  1144
[187] [     2241649] 1 | True  True 00 ( 1061,  774)   4   758  1216
[188] [     2251668] 1 | True  True 00 ( 1042,  772)   4   800  1268
[189] [     2261692] 1 | True  True 00 ( 1024,  768)   4   793  1144
[190] [     2271711] 1 | True  True 00 ( 1008,  764)   4   774  1072
[191] [     2281730] 1 | True  True 00 (  993,  759)   4   762  1144
[192] [     2291734] 1 | True  True 00 (  976,  753)   4   753  1472
[193] [     2301753] 1 | True  True 00 (  959,  746)   4   715  1664
[194] [     2311774] 1 | True  True 00 (  941,  738)   4   703  1732
[195] [     2321793] 1 | True  True 00 (  926,  728)   5   777  1628
[196] [     2331795] 1 | True  True 00 (  913,  718)   4   704  1336
[197] [     2341817] 1 | True  True 00 (  900,  707)   4   747  1056
[198] [     2351838] 1 | True  True 00 (  887,  695)   4   744   792
[199] [     2361857] 1 | True  True 00 (  876,  681)   4   731  1000
[200] [     2371862] 1 | True  True 00 (  864,  667)   4   724  1284
[201] [     2381881] 1 | True  True 00 (  853,  654)   4   643  1316
[202] [     2391918] 1 | True  True 00 (  842,  639)   5   808  1668
[203] [     2401922] 1 | True  True 00 (  830,  622)   4   698  1512
[204] [     2411937] 1 | True  True 00 (  819,  603)   5   888  1440
[205] [     2421960] 1 | True  True 00 (  810,  588)   4   733  1176
[206] [     2431979] 1 | True  True 00 (  804,  571)   5   865  1616
[207] [     2442006] 1 | True  True 00 (  798,  554)   4   731  1600
[208] [     2452043] 1 | True  True 00 (  793,  537)   4   708  1528
[209] [     2462066] 1 | True  True 00 (  790,  519)   4   715  1564
[210] [     2472086] 1 | True  True 00 (  788,  502)   4   762  1456
[211] [     2482104] 1 | True  True 00 (  787,  486)   6   987  1276
[212] [     2492107] 1 | True  True 00 (  785,  469)   5   924  1412
[213] [     2502128] 1 | True  True 00 (  785,  447)   3   670  1704
[214] [     2512144] 1 | True  True 00 (  785,  428)   4   699  1760
[215] [     2522169] 1 | True  True 00 (  786,  410)   4   740  1724
[216] [     2532184] 1 | True  True 00 (  787,  394)   4   790  1596
[217] [     2542206] 1 | True  True 00 (  789,  376)   4   799  1320
[218] [     2552209] 1 | True  True 00 (  792,  359)   5   823  1368
[219] [     2562245] 1 | True  True 00 (  798,  343)   4   725  1476
[220] [     2572253] 1 | True  True 00 (  808,  327)   3   666  1420
[221] [     2582273] 1 | True  True 00 (  819,  311)   5   764  1240
[222] [     2592290] 1 | True  True 00 (  830,  296)   4   742  1148
[223] [     2602313] 1 | True  True 00 (  840,  281)   4   753  1060
[224] [     2612331] 1 | True  True 00 (  851,  265)   4   738   992
[225] [     2622349] 1 | True  True 00 (  861,  251)   4   747  1008
[226] [     2632357] 1 | True  True 00 (  871,  238)   4   764  1348
[227] [     2642375] 1 | True  True 00 (  881,  224)   4   727  1540
[228] [     2652395] 1 | True  True 00 (  894,  212)   4   718  1488
[229] [     2662412] 1 | True  True 00 (  911,  201)   4   703  1292
[230] [     2672435] 1 | True  True 00 (  929,  191)   5   743  1180
[231] [     2682435] 1 | True  True 00 (  945,  181)   5   759  1356
[232] [     2692454] 1 | True  True 00 (  961,  171)   4   735  1588
[233] [     2702479] 1 | True  True 00 (  976,  163)   4   722  1640
[234] [     2712499] 1 | True  True 00 (  989,  156)   4   698  1500
[235] [     2722519] 1 | True  True 00 ( 1007,  149)   4   748  1288
[236] [     2732516] 1 | True  True 00 ( 1027,  144)   4   777  1076
[237] [     2742541] 1 | True  True 00 ( 1046,  140)   4   765  1152
[238] [     2752557] 1 | True  True 00 ( 1065,  137)   4   776  1440
[239] [     2762578] 1 | True  True 00 ( 1080,  136)   4   794  1528
[240] [     2772583] 1 | True  True 00 ( 1096,  134)   5   810  1456
[241] [     2782601] 1 | True  True 00 ( 1116,  134)   5   817  1204
[242] [     2792626] 1 | True  True 00 ( 1136,  134)   4   770  1056
[243] [     2802641] 1 | True  True 00 ( 1156,  135)   4   752  1312
[244] [     2812666] 1 | True  True 00 ( 1173,  138)   4   747  1476
[245] [     2822681] 1 | True  True 00 ( 1188,  140)   4   776  1732
[246] [     2832702] 1 | True  True 00 ( 1204,  143)   5   803  1696
[247] [     2842725] 1 | True  True 00 ( 1221,  149)   5   789  1404
[248] [     2852730] 1 | True  True 00 ( 1240,  156)   4   757  1184
[249] [     2862729] 1 | True  True 00 ( 1258,  164)   4   779  1276
[250] [     2872747] 1 | True  True 00 ( 1275,  172)   4   765  1368
[251] [     2882766] 1 | True  True 00 ( 1289,  182)   4   779  1368
[252] [     2892785] 1 | True  True 00 ( 1302,  192)   4   792  1240
[253] [     2902809] 1 | True  True 00 ( 1315,  203)   4   776  1324
[254] [     2912806] 1 | True  True 00 ( 1329,  215)   3   647  1324
[255] [     2922824] 1 | True  True 00 ( 1343,  228)   4   767  1436
[  0] [     2932830] 1 | True  True 00 ( 1357,  241)   4   745  1216
[  1] [     2942849] 1 | True  True 00 ( 1371,  256)   5   794  1188
[  2] [     2952873] 1 | True  True 00 ( 1382,  270)   4   773  1224
[  3] [     2962889] 1 | True  True 00 ( 1392,  284)   4   770  1084
[  4] [     2972894] 1 | True  True 00 ( 1400,  299)   4   784  1032
[  5] [     2982910] 1 | True  True 00 ( 1406,  316)   5   863  1304
[  6] [     2992932] 1 | True  True 00 ( 1412,  332)   4   768  1592
[  7] [     3002931] 1 | True  True 00 ( 1416,  351)   5   838  1628
[  8] [     3012952] 1 | True  True 00 ( 1420,  370)   4   831  1648
[  9] [     3022969] 1 | True  True 00 ( 1424,  386)   4   774  1448
[ 10] [     3032973] 1 | True  True 00 ( 1426,  403)   4   817  1192
[ 11] [     3042993] 1 | True  True 00 ( 1429,  420)   4   746  1296
[ 12] [     3053015] 1 | True  True 00 ( 1431,  438)   5   812  1688
[ 13] [     3063013] 1 | True  True 00 ( 1436,  456)   6   865  1776
[ 14] [     3073038] 1 | True  True 00 ( 1437,  473)   3   724  1796
[ 15] [     3083053] 1 | True  True 00 ( 1435,  489)   4   867  1600
[ 16] [     3093073] 1 | True  True 00 ( 1434,  507)   4   756  1136
[ 17] [     3103079] 1 | True  True 00 ( 1431,  526)   4   775  1256
[ 18] [     3113079] 1 | True  True 00 ( 1427,  545)   4   713  1400
[ 19] [     3123098] 1 | True  True 00 ( 1422,  561)   5   804  1420
[ 20] [     3133100] 1 | True  True 00 ( 1416,  576)   6   927  1328
[ 21] [     3143121] 1 | True  True 00 ( 1409,  592)   5   843  1020
[ 22] [     3153138] 1 | True  True 00 ( 1402,  608)   4   761  1072
[ 23] [     3163156] 1 | True  True 00 ( 1393,  624)   5   791  1020
[ 24] [     3173156] 1 | True  True 00 ( 1381,  639)   6   831  1296
[ 25] [     3183181] 1 | True  True 00 ( 1368,  655)   3   680  1640
[ 26] [     3193196] 1 | True  True 00 ( 1355,  669)   4   735  1620
[ 27] [     3203195] 1 | True  True 00 ( 1344,  684)   4   697  1604
[ 28] [     3213221] 1 | True  True 00 ( 1332,  697)   4   745  1388
[ 29] [     3223221] 1 | True  True 00 ( 1319,  710)   5   822  1172
[ 30] [     3233241] 1 | True  True 00 ( 1305,  721)   5   822  1280
[ 31] [     3243262] 1 | True  True 00 ( 1288,  731)   5   783  1316
[ 32] [     3253280] 1 | True  True 00 ( 1270,  740)   4   758  1372
[ 33] [     3263282] 1 | True  True 00 ( 1252,  748)   4   794  1244
[ 34] [     3273300] 1 | True  True 00 ( 1237,  755)   4   768   956
[ 35] [     3283321] 1 | True  True 00 ( 1221,  761)   4   804   840
[ 36] [     3293319] 1 | True  True 00 ( 1205,  766)   4   775   952
[ 37] [     3303344] 1 | True  True 00 ( 1188,  771)   4   738  1224
[ 38] [     3313362] 1 | True  True 00 ( 1168,  773)   4   801  1392
[ 39] [     3323365] 1 | True  True 00 ( 1149,  776)   4   813  1300
[ 40] [     3333387] 1 | True  True 00 ( 1132,  777)   4   774  1024
[ 41] [     3343404] 1 | True  True 00 ( 1115,  777)   4   831   916
[ 42] [     3353421] 1 | True  True 00 ( 1099,  777)   4   775   988
[ 43] [     3363421] 1 | True  True 00 ( 1080,  776)   6   851  1144
[ 44] [     3373445] 1 | True  True 00 ( 1060,  774)   4   762  1268
[ 45] [     3383464] 1 | True  True 00 ( 1041,  772)   4   801  1232
[ 46] [     3393469] 1 | True  True 00 ( 1024,  768)   4   803  1180
[ 47] [     3403490] 1 | True  True 00 ( 1009,  764)   4   764  1072
[ 48] [     3413507] 1 | True  True 00 (  994,  759)   4   763  1108
[ 49] [     3423505] 1 | True  True 00 (  978,  753)   4   718  1352
[ 50] [     3433511] 1 | True  True 00 (  959,  746)   4   715  1612
[ 51] [     3443529] 1 | True  True 00 (  941,  739)   4   694  1752
[ 52] [     3453552] 1 | True  True 00 (  926,  729)   3   645  1560
[ 53] [     3463566] 1 | True  True 00 (  912,  719)   4   743  1388
[ 54] [     3473567] 1 | True  True 00 (  900,  707)   4   760  1092
[ 55] [     3483588] 1 | True  True 00 (  888,  694)   4   735   756
[ 56] [     3493594] 1 | True  True 00 (  876,  680)   4   736  1000
[ 57] [     3503611] 1 | True  True 00 (  864,  666)   5   781  1264
[ 58] [     3513613] 1 | True  True 00 (  852,  651)   5   793  1492
[ 59] [     3523636] 1 | True  True 00 (  840,  636)   5   703  1424
[ 60] [     3533633] 1 | True  True 00 (  829,  623)   4   639  1548
[ 61] [     3543651] 1 | True  True 00 (  817,  605)   4   834  1476
[ 62] [     3553673] 1 | True  True 00 (  808,  588)   5   803  1160
[ 63] [     3563672] 1 | True  True 00 (  801,  572)   4   712  1312
[ 64] [     3573694] 1 | True  True 00 (  796,  555)   4   794  1724
[ 65] [     3583713] 1 | True  True 00 (  793,  538)   4   707  1780
[ 66] [     3593737] 1 | True  True 00 (  787,  521)   6   807  1328
[ 67] [     3603736] 1 | True  True 00 (  785,  504)   4   815  1544
[ 68] [     3613755] 1 | True  True 00 (  783,  487)   4   881  1276
[ 69] [     3623779] 1 | True  True 00 (  782,  469)   5   878  1448
[ 70] [     3633794] 1 | True  True 00 (  781,  449)   4   750  1632
[ 71] [     3643792] 1 | True  True 00 (  782,  430)   4   730  1744
[ 72] [     3653814] 1 | True  True 00 (  784,  412)   3   700  1744
[ 73] [     3663817] 1 | True  True 00 (  787,  394)   4   770  1520
[ 74] [     3673835] 1 | True  True 00 (  789,  376)   4   785  1356
[ 75] [     3683839] 1 | True  True 00 (  793,  359)   5   804  1332
[ 76] [     3693863] 1 | True  True 00 (  799,  343)   4   738  1384
[ 77] [     3703878] 1 | True  True 00 (  809,  328)   5   784  1460
[ 78] [     3713882] 1 | True  True 00 (  817,  312)   5   806  1312
[ 79] [     3723898] 1 | True  True 00 (  827,  296)   4   725  1168
[ 80] [     3733900] 1 | True  True 00 (  838,  281)   4   749  1060
[ 81] [     3743923] 1 | True  True 00 (  849,  266)   4   743  1028
[ 82] [     3753942] 1 | True  True 00 (  860,  252)   4   765  1028
[ 83] [     3763939] 1 | True  True 00 (  870,  237)   4   773  1384
[ 84] [     3773958] 1 | True  True 00 (  881,  224)   4   717  1508
[ 85] [     3783963] 1 | True  True 00 (  895,  212)   4   717  1436
[ 86] [     3793987] 1 | True  True 00 (  911,  200)   4   690  1240
[ 87] [     3804007] 1 | True  True 00 (  928,  190)   4   704  1164
[ 88] [     3814022] 1 | True  True 00 (  945,  181)   4   702  1412
[ 89] [     3824023] 1 | True  True 00 (  960,  172)   4   711  1532
[ 90] [     3834026] 1 | True  True 00 (  974,  164)   4   730  1620
[ 91] [     3844041] 1 | True  True 00 (  990,  157)   4   703  1412
[ 92] [     3854047] 1 | True  True 00 ( 1007,  151)   4   724  1304
[ 93] [     3864046] 1 | True  True 00 ( 1027,  146)   4   750  1024
[ 94] [     3874065] 1 | True  True 00 ( 1046,  141)   4   779  1224
[ 95] [     3884068] 1 | True  True 00 ( 1064,  138)   4   749  1312
[ 96] [     3894067] 1 | True  True 00 ( 1079,  135)   4   778  1512
[ 97] [     3904085] 1 | True  True 00 ( 1095,  134)   5   805  1492
[ 98] [     3914087] 1 | True  True 00 ( 1114,  133)   4   723  1240
[ 99] [     3924087] 1 | True  True 00 ( 1134,  134)   4   775  1080
[100] [     3934106] 1 | True  True 00 ( 1153,  135)   4   747  1220
[101] [     3944126] 1 | True  True 00 ( 1172,  138)   4   758  1588
[102] [     3954130] 1 | True  True 00 ( 1189,  140)   4   721  1676
[103] [     3964146] 1 | True  True 00 ( 1204,  144)   5   803  1640
[104] [     3974147] 1 | True  True 00 ( 1222,  149)   4   698  1348
[105] [     3984168] 1 | True  True 00 ( 1241,  156)   4   703  1148
[106] [     3994189] 1 | True  True 00 ( 1259,  164)   4   788  1296
[107] [     4004184] 1 | True  True 00 ( 1275,  172)   4   774  1368
[108] [     4014207] 1 | True  True 00 ( 1290,  181)   4   770  1388
[109] [     4024211] 1 | True  True 00 ( 1302,  192)   4   791  1276
[110] [     4034230] 1 | True  True 00 ( 1314,  203)   5   813  1364
[111] [     4044229] 1 | True  True 00 ( 1325,  214)   4   715  1288
[112] [     4054250] 1 | True  True 00 ( 1339,  227)   5   788  1288
[113] [     4064267] 1 | True  True 00 ( 1355,  241)   5   754  1200
[114] [     4074267] 1 | True  True 00 ( 1369,  255)   4   745  1244
[115] [     4084290] 1 | True  True 00 ( 1380,  269)   4   751  1116
[116] [     4094307] 1 | True  True 00 ( 1390,  284)   4   751  1012
[117] [     4104312] 1 | True  True 00 ( 1398,  299)   4   776   996
[118] [     4114330] 1 | True  True 00 ( 1405,  315)   5   793  1232
[119] [     4124337] 1 | True  True 00 ( 1412,  331)   4   714  1504
[120] [     4134355] 1 | True  True 00 ( 1417,  348)   4   709  1592
[121] [     4144357] 1 | True  True 00 ( 1420,  366)   4   803  1628
[122] [     4154372] 1 | True  True 00 ( 1423,  384)   4   769  1412
[123] [     4164375] 1 | True  True 00 ( 1427,  401)   4   753  1160
[124] [     4174391] 1 | True  True 00 ( 1430,  419)   4   773  1476
[125] [     4184393] 1 | True  True 00 ( 1431,  437)   4   804  1724
[126] [     4194416] 1 | True  True 00 ( 1431,  455)   4   724  1616
[127] [     4204431] 1 | True  True 00 ( 1433,  475)   4   652  1384
[128] [     4214435] 1 | True  True 00 ( 1431,  492)   5   810  1224
[129] [     4224454] 1 | True  True 00 ( 1431,  509)   4   757  1156
[130] [     4234461] 1 | True  True 00 ( 1428,  524)   4   834  1256
[131] [     4244480] 1 | True  True 00 ( 1425,  543)   4   721  1308
[132] [     4254498] 1 | True  True 00 ( 1421,  558)   5   789  1328
[133] [     4264516] 1 | True  True 00 ( 1416,  573)   6   882  1308
[134] [     4274519] 1 | True  True 00 ( 1410,  591)   4   720  1052
[135] [     4284535] 1 | True  True 00 ( 1403,  608)   4   774  1088
[136] [     4294557] 1 | True  True 00 ( 1393,  626)   4   720  1064
[137] [     4304555] 1 | True  True 00 ( 1381,  642)   4   724  1352
[138] [     4314560] 1 | True  True 00 ( 1368,  658)   3   621  1476
[139] [     4324580] 1 | True  True 00 ( 1355,  672)   4   722  1620
[140] [     4334582] 1 | True  True 00 ( 1343,  685)   4   692  1512
[141] [     4344604] 1 | True  True 00 ( 1332,  699)   4   736  1404
[142] [     4354600] 1 | True  True 00 ( 1319,  711)   4   754  1100
[143] [     4364621] 1 | True  True 00 ( 1306,  723)   4   745  1208
[144] [     4374640] 1 | True  True 00 ( 1288,  732)   5   805  1316
[145] [     4384637] 1 | True  True 00 ( 1270,  740)   4   738  1408
[146] [     4394661] 1 | True  True 00 ( 1254,  748)   4   784  1260
[147] [     4404660] 1 | True  True 00 ( 1238,  755)   4   763   936
[148] [     4414680] 1 | True  True 00 ( 1222,  762)   4   768   836
[149] [     4424685] 1 | True  True 00 ( 1205,  767)   4   762  1044
[150] [     4434699] 1 | True  True 00 ( 1187,  771)   4   743  1208
[151] [     4444705] 1 | True  True 00 ( 1167,  774)   4   763  1300
[152] [     4454727] 1 | True  True 00 ( 1148,  777)   4   776  1280
[153] [     4464725] 1 | True  True 00 ( 1131,  778)   4   775  1080
[154] [     4474742] 1 | True  True 00 ( 1115,  780)   4   741   876
[155] [     4484742] 1 | True  True 00 ( 1099,  779)   4   789  1040
[156] [     4494762] 1 | True  True 00 ( 1081,  778)   5   763  1060
[157] [     4504786] 1 | True  True 00 ( 1062,  776)   4   717  1232
[158] [     4514786] 1 | True  True 00 ( 1044,  773)   4   755  1196
[159] [     4524787] 1 | True  True 00 ( 1027,  769)   4   758  1108
[160] [     4534801] 1 | True  True 00 ( 1011,  764)   4   756  1072
[161] [     4544806] 1 | True  True 00 (  995,  759)   4   728  1024
[162] [     4554825] 1 | True  True 00 (  978,  753)   4   713  1368
[163] [     4564829] 1 | True  True 00 (  960,  747)   4   715  1612
[164] [     4574830] 1 | True  True 00 (  942,  739)   5   752  1664
[165] [     4584831] 1 | True  True 00 (  926,  730)   3   606  1508
[166] [     4594850] 1 | True  True 00 (  913,  720)   4   689  1316
[167] [     4604848] 1 | True  True 00 (  901,  709)   4   726  1024
[168] [     4614850] 1 | True  True 00 (  888,  696)   4   722   756
[169] [     4624867] 1 | True  True 00 (  876,  682)   4   706   932
[170] [     4634865] 1 | True  True 00 (  865,  668)   4   701  1212
[171] [     4644884] 1 | True  True 00 (  854,  655)   4   693  1372
[172] [     4654884] 1 | True  True 00 (  843,  637)   6   810  1492
[173] [     4664888] 1 | True  True 00 (  831,  623)   4   626  1440
[174] [     4674911] 1 | True  True 00 (  819,  607)   4   718  1352
[175] [     4684911] 1 | True  True 00 (  809,  591)   4   723  1072
[176] [     4694931] 1 | True  True 00 (  804,  575)   4   645  1276
[177] [     4704927] 1 | True  True 00 (  800,  557)   5   816  1708
[178] [     4714945] 1 | True  True 00 (  797,  540)   4   604  1456
[179] [     4724948] 1 | True  True 00 (  793,  523)   4   804  1760
[180] [     4734951] 1 | True  True 00 (  790,  504)   4   726  1328
[181] [     4744950] 1 | True  True 00 (  789,  484)   4   710  1060
[182] [     4754950] 1 | True  True 00 (  787,  464)   6   841  1376
[183] [     4764970] 1 | True  True 00 (  787,  447)   5   835  1632
[184] [     4774970] 1 | True  True 00 (  786,  428)   3   649  1760
[185] [     4784970] 1 | True  True 00 (  787,  411)   3   681  1704
[186] [     4794990] 1 | True  True 00 (  788,  393)   4   771  1520
[187] [     4804994] 1 | True  True 00 (  789,  376)   4   758  1284
[188] [     4815012] 1 | True  True 00 (  793,  359)   5   762  1256
[189] [     4825007] 1 | True  True 00 (  799,  343)   4   738  1420
[190] [     4835029] 1 | True  True 00 (  807,  328)   5   774  1460
[191] [     4845027] 1 | True  True 00 (  817,  313)   5   778  1332
[192] [     4855049] 1 | True  True 00 (  828,  298)   4   702  1096
[193] [     4865054] 1 | True  True 00 (  839,  282)   4   713  1044
[194] [     4875074] 1 | True  True 00 (  850,  267)   4   739  1044
[195] [     4885075] 1 | True  True 00 (  861,  253)   4   741  1028
[196] [     4895075] 1 | True  True 00 (  873,  239)   4   723  1292
[197] [     4905096] 1 | True  True 00 (  884,  225)   5   775  1576
[198] [     4915111] 1 | True  True 00 (  897,  214)   4   656  1348
[199] [     4925116] 1 | True  True 00 (  911,  202)   5   788  1312
[200] [     4935113] 1 | True  True 00 (  927,  191)   4   704  1128
[201] [     4945130] 1 | True  True 00 (  944,  180)   5   750  1412
[202] [     4955130] 1 | True  True 00 (  961,  171)   4   690  1516
[203] [     4965153] 1 | True  True 00 (  975,  163)   3   639  1516
[204] [     4975154] 1 | True  True 00 (  989,  156)   5   728  1480
[205] [     4985173] 1 | True  True 00 ( 1008,  150)   4   730  1252
[206] [     4995171] 1 | True  True 00 ( 1027,  146)   4   773  1076
[207] [     5005176] 1 | True  True 00 ( 1046,  141)   4   761  1188
[208] [     5015193] 1 | True  True 00 ( 1063,  139)   4   738  1332
[209] [     5025197] 1 | True  True 00 ( 1080,  136)   4   755  1512
[210] [     5035198] 1 | True  True 00 ( 1095,  134)   5   795  1348
[211] [     5045198] 1 | True  True 00 ( 1113,  133)   5   799  1276
[212] [     5055219] 1 | True  True 00 ( 1133,  133)   4   774  1060
[213] [     5065215] 1 | True  True 00 ( 1152,  134)   4   738  1148
[214] [     5075235] 1 | True  True 00 ( 1170,  136)   4   771  1476
[215] [     5085233] 1 | True  True 00 ( 1186,  139)   4   767  1752
[216] [     5095258] 1 | True  True 00 ( 1201,  143)   5   738  1548
[217] [     5105254] 1 | True  True 00 ( 1220,  147)   4   717  1384
[218] [     5115276] 1 | True  True 00 ( 1240,  154)   4   762  1276
[219] [     5125297] 1 | True  True 00 ( 1258,  162)   4   770  1316
[220] [     5135293] 1 | True  True 00 ( 1274,  171)   4   774  1332
[221] [     5145316] 1 | True  True 00 ( 1288,  180)   4   788  1388
[222] [     5155321] 1 | True  True 00 ( 1301,  191)   4   801  1296
[223] [     5165321] 1 | True  True 00 ( 1312,  201)   4   774  1308
[224] [     5175342] 1 | True  True 00 ( 1326,  213)   4   730  1380
[225] [     5185339] 1 | True  True 00 ( 1341,  226)   4   714  1308
[226] [     5195339] 1 | True  True 00 ( 1356,  240)   4   727  1236
[227] [     5205359] 1 | True  True 00 ( 1369,  254)   4   750  1236
[228] [     5215377] 1 | True  True 00 ( 1380,  268)   4   750  1152
[229] [     5225379] 1 | True  True 00 ( 1389,  283)   4   783  1012
[230] [     5235383] 1 | True  True 00 ( 1397,  298)   4   752   976
[231] [     5245397] 1 | True  True 00 ( 1405,  315)   4   786  1320
[232] [     5255400] 1 | True  True 00 ( 1411,  331)   4   759  1576
[233] [     5265422] 1 | True  True 00 ( 1416,  349)   5   808  1684
[234] [     5275418] 1 | True  True 00 ( 1421,  366)   4   781  1628
[235] [     5285423] 1 | True  True 00 ( 1424,  383)   4   756  1484
[236] [     5295438] 1 | True  True 00 ( 1427,  399)   4   802  1212
[237] [     5305445] 1 | True  True 00 ( 1430,  416)   4   783  1404
[238] [     5315463] 1 | True  True 00 ( 1430,  435)   4   758  1564
[239] [     5325462] 1 | True  True 00 ( 1431,  454)   4   738  1760
[240] [     5335481] 1 | True  True 00 ( 1433,  472)   3   689  1672
[241] [     5345485] 1 | True  True 00 ( 1431,  489)   5   912  1580
[242] [     5355501] 1 | True  True 00 ( 1429,  506)   4   823  1064
[243] [     5365502] 1 | True  True 00 ( 1427,  526)   4   713  1272
[244] [     5375525] 1 | True  True 00 ( 1425,  543)   4   748  1364
[245] [     5385523] 1 | True  True 00 ( 1421,  557)   4   788  1400
[246] [     5395543] 1 | True  True 00 ( 1417,  574)   4   699  1236
[247] [     5405539] 1 | True  True 00 ( 1410,  590)   5   808  1020
[248] [     5415562] 1 | True  True 00 ( 1403,  608)   4   765  1088
[249] [     5425566] 1 | True  True 00 ( 1394,  624)   4   733  1036
[250] [     5435566] 1 | True  True 00 ( 1382,  640)   4   697  1280
[251] [     5445585] 1 | True  True 00 ( 1369,  655)   3   662  1568
[252] [     5455585] 1 | True  True 00 ( 1357,  670)   5   789  1676
[253] [     5465605] 1 | True  True 00 ( 1344,  683)   6   828  1532
[254] [     5475622] 1 | True  True 00 ( 1332,  698)   4   731  1368
[255] [     5485624] 1 | True  True 00 ( 1319,  710)   4   753  1152
[  0] [     5495645] 1 | True  True 00 ( 1306,  721)   4   759  1244
[  1] [     5505645] 1 | True  True 00 ( 1289,  731)   5   802  1300
[  2] [     5515664] 1 | True  True 00 ( 1270,  740)   4   772  1408
[  3] [     5525667] 1 | True  True 00 ( 1253,  748)   4   821  1244
[  4] [     5535683] 1 | True  True 00 ( 1237,  755)   4   791   972
[  5] [     5545688] 1 | True  True 00 ( 1221,  762)   4   751   788
[  6] [     5555706] 1 | True  True 00 ( 1205,  767)   4   752   952
[  7] [     5565706] 1 | True  True 00 ( 1187,  772)   5   765  1172
[  8] [     5575706] 1 | True  True 00 ( 1167,  775)   5   858  1352
[  9] [     5585729] 1 | True  True 00 ( 1149,  777)   4   789  1316
[ 10] [     5595725] 1 | True  True 00 ( 1132,  779)   4   774  1096
[ 11] [     5605748] 1 | True  True 00 ( 1115,  780)   4   790   896
[ 12] [     5615752] 1 | True  True 00 ( 1098,  780)   4   775  1040
[ 13] [     5625766] 1 | True  True 00 ( 1081,  779)   5   817  1184
[ 14] [     5635765] 1 | True  True 00 ( 1061,  777)   4   745  1204
[ 15] [     5645786] 1 | True  True 00 ( 1043,  775)   4   800  1284
[ 16] [     5655788] 1 | True  True 00 ( 1026,  771)   4   789  1196
[ 17] [     5665813] 1 | True  True 00 ( 1010,  767)   4   814  1108
[ 18] [     5675813] 1 | True  True 00 (  995,  760)   4   771  1108
[ 19] [     5685832] 1 | True  True 00 (  978,  754)   4   748  1368
[ 20] [     5695831] 1 | True  True 00 (  959,  747)   4   715  1596
[ 21] [     5705852] 1 | True  True 00 (  941,  740)   4   703  1732
[ 22] [     5715849] 1 | True  True 00 (  925,  731)   4   702  1576
[ 23] [     5725853] 1 | True  True 00 (  912,  720)   4   729  1368
[ 24] [     5735869] 1 | True  True 00 (  899,  708)   4   747  1056
[ 25] [     5745871] 1 | True  True 00 (  888,  696)   4   744   816
[ 26] [     5755872] 1 | True  True 00 (  877,  683)   4   714   912
[ 27] [     5765887] 1 | True  True 00 (  866,  669)   4   724  1196
[ 28] [     5775909] 1 | True  True 00 (  854,  655)   5   715  1372
[ 29] [     5785911] 1 | True  True 00 (  842,  638)   6   823  1564
[ 30] [     5795916] 1 | True  True 00 (  828,  619)   5   800  1492
[ 31] [     5805936] 1 | True  True 00 (  818,  605)   4   667  1424
[ 32] [     5815935] 1 | True  True 00 (  811,  591)   4   657  1108
[ 33] [     5825955] 1 | True  True 00 (  804,  575)   4   814  1508
[ 34] [     5835955] 1 | True  True 00 (  796,  556)   5   784  1544
[ 35] [     5845954] 1 | True  True 00 (  792,  539)   4   725  1688
[ 36] [     5855973] 1 | True  True 00 (  790,  522)   4   741  1688
[ 37] [     5865998] 1 | True  True 00 (  787,  504)   4   752  1292
[ 38] [     5876012] 1 | True  True 00 (  786,  486)   4   836  1348
[ 39] [     5886017] 1 | True  True 00 (  784,  470)   5   888  1340
[ 40] [     5896035] 1 | True  True 00 (  784,  449)   3   665  1612
[ 41] [     5906040] 1 | True  True 00 (  785,  429)   3   649  1780
[ 42] [     5916059] 1 | True  True 00 (  785,  412)   4   749  1724
[ 43] [     5926079] 1 | True  True 00 (  786,  395)   5   835  1560
[ 44] [     5936078] 1 | True  True 00 (  788,  379)   4   793  1356
[ 45] [     5946098] 1 | True  True 00 (  792,  363)   6   862  1276
[ 46] [     5956116] 1 | True  True 00 (  798,  346)   4   748  1404
[ 47] [     5966119] 1 | True  True 00 (  805,  329)   4   750  1460
[ 48] [     5976122] 1 | True  True 00 (  815,  313)   5   806  1368
[ 49] [     5986136] 1 | True  True 00 (  827,  298)   4   724  1148
[ 50] [     5996158] 1 | True  True 00 (  839,  282)   4   739  1096
[ 51] [     6006163] 1 | True  True 00 (  849,  268)   4   748  1044
[ 52] [     6016183] 1 | True  True 00 (  860,  253)   4   759  1044
[ 53] [     6026183] 1 | True  True 00 (  872,  239)   4   776  1364
[ 54] [     6036204] 1 | True  True 00 (  883,  226)   5   784  1488
[ 55] [     6046220] 1 | True  True 00 (  896,  214)   4   709  1508
[ 56] [     6056225] 1 | True  True 00 (  912,  203)   4   699  1276
[ 57] [     6066242] 1 | True  True 00 (  928,  192)   4   752  1200
[ 58] [     6076265] 1 | True  True 00 (  945,  182)   6   802  1392
[ 59] [     6086286] 1 | True  True 00 (  960,  172)   4   730  1552
[ 60] [     6096284] 1 | True  True 00 (  975,  164)   3   701  1708
[ 61] [     6106303] 1 | True  True 00 (  989,  156)   4   703  1588
[ 62] [     6116307] 1 | True  True 00 ( 1008,  150)   4   739  1288
[ 63] [     6126307] 1 | True  True 00 ( 1027,  144)   4   786  1076
[ 64] [     6136325] 1 | True  True 00 ( 1045,  140)   4   759  1132
[ 65] [     6146325] 1 | True  True 00 ( 1063,  138)   4   753  1384
[ 66] [     6156345] 1 | True  True 00 ( 1079,  136)   4   786  1512
[ 67] [     6166363] 1 | True  True 00 ( 1095,  134)   4   756  1456
[ 68] [     6176364] 1 | True  True 00 ( 1114,  133)   4   774  1312
[ 69] [     6186366] 1 | True  True 00 ( 1134,  133)   4   784  1060
[ 70] [     6196387] 1 | True  True 00 ( 1153,  134)   4   775  1276
[ 71] [     6206386] 1 | True  True 00 ( 1171,  136)   4   762  1496
[ 72] [     6216385] 1 | True  True 00 ( 1187,  138)   4   743  1676
[ 73] [     6226404] 1 | True  True 00 ( 1201,  142)   5   766  1660
[ 74] [     6236427] 1 | True  True 00 ( 1219,  147)   5   853  1512
[ 75] [     6246433] 1 | True  True 00 ( 1239,  154)   4   753  1168
[ 76] [     6256431] 1 | True  True 00 ( 1258,  162)   4   742  1296
[ 77] [     6266452] 1 | True  True 00 ( 1274,  171)   4   778  1368
[ 78] [     6276449] 1 | True  True 00 ( 1288,  179)   4   812  1444
[ 79] [     6286469] 1 | True  True 00 ( 1302,  190)   4   784  1316
[ 80] [     6296467] 1 | True  True 00 ( 1314,  201)   5   840  1308
[ 81] [     6306471] 1 | True  True 00 ( 1327,  213)   4   707  1308
[ 82] [     6316488] 1 | True  True 00 ( 1341,  226)   5   807  1400
[ 83] [     6326490] 1 | True  True 00 ( 1356,  239)   4   728  1216
[ 84] [     6336506] 1 | True  True 00 ( 1370,  253)   4   744  1260
[ 85] [     6346506] 1 | True  True 00 ( 1381,  267)   4   787  1224
[ 86] [     6356528] 1 | True  True 00 ( 1390,  282)   4   801  1100
[ 87] [     6366533] 1 | True  True 00 ( 1398,  297)   4   784   976
[ 88] [     6376532] 1 | True  True 00 ( 1405,  313)   5   850  1284
[ 89] [     6386552] 1 | True  True 00 ( 1412,  330)   4   754  1556
[ 90] [     6396552] 1 | True  True 00 ( 1418,  346)   3   652  1704
[ 91] [     6406572] 1 | True  True 00 ( 1423,  364)   3   740  1720
[ 92] [     6416571] 1 | True  True 00 ( 1425,  383)   4   892  1504
[ 93] [     6426571] 1 | True  True 00 ( 1426,  401)   5   907  1212
[ 94] [     6436591] 1 | True  True 00 ( 1428,  419)   4   778  1440
[ 95] [     6446588] 1 | True  True 00 ( 1429,  436)   4   812  1760
[ 96] [     6456613] 1 | True  True 00 ( 1429,  455)   4   761  1616
[ 97] [     6466608] 1 | True  True 00 ( 1429,  472)   4   813  1776
[ 98] [     6476628] 1 | True  True 00 ( 1431,  489)   5   885  1580
[ 99] [     6486633] 1 | True  True 00 ( 1431,  508)   4   720  1036
[100] [     6496630] 1 | True  True 00 ( 1430,  526)   4   774  1236
[101] [     6506651] 1 | True  True 00 ( 1426,  544)   4   781  1456
[102] [     6516656] 1 | True  True 00 ( 1423,  562)   4   677  1364
[103] [     6526656] 1 | True  True 00 ( 1418,  578)   6   865  1272
[104] [     6536675] 1 | True  True 00 ( 1412,  594)   5   841  1108
[105] [     6546675] 1 | True  True 00 ( 1405,  608)   5   838  1072
[106] [     6556675] 1 | True  True 00 ( 1396,  623)   4   734  1020
[107] [     6566695] 1 | True  True 00 ( 1384,  639)   5   806  1388
[108] [     6576695] 1 | True  True 00 ( 1371,  653)   6   891  1656
[109] [     6586695] 1 | True  True 00 ( 1358,  669)   3   700  1800
[110] [     6596715] 1 | True  True 00 ( 1345,  682)   5   809  1640
[111] [     6606712] 1 | True  True 00 ( 1333,  696)   5   798  1424
[112] [     6616737] 1 | True  True 00 ( 1320,  709)   5   818  1136
[113] [     6626732] 1 | True  True 00 ( 1307,  720)   4   777  1244
[114] [     6636754] 1 | True  True 00 ( 1290,  730)   5   810  1316
[115] [     6646752] 1 | True  True 00 ( 1272,  739)   4   756  1460
[116] [     6656752] 1 | True  True 00 ( 1254,  747)   4   831  1300
[117] [     6666752] 1 | True  True 00 ( 1238,  755)   4   787   956
[118] [     6676773] 1 | True  True 00 ( 1221,  761)   4   778   836
[119] [     6686776] 1 | True  True 00 ( 1206,  767)   4   797  1060
[120] [     6696773] 1 | True  True 00 ( 1187,  773)   6   855  1264
[121] [     6706796] 1 | True  True 00 ( 1166,  776)   4   791  1352
[122] [     6716780] 1 | True  True 00 ( 1149,  778)   4   785  1316
[123] [     6726792] 1 | True  True 00 ( 1132,  780)   4   780  1136
[124] [     6736798] 1 | True  True 00 ( 1116,  782)   4   801   916
[125] [     6746797] 1 | True  True 00 ( 1099,  781)   4   762  1024
[126] [     6756820] 1 | True  True 00 ( 1083,  780)   4   774  1168
[127] [     6766821] 1 | True  True 00 ( 1064,  777)   5   784  1268
[128] [     6776834] 1 | True  True 00 ( 1045,  774)   4   805  1232
[129] [     6786838] 1 | True  True 00 ( 1027,  771)   4   786  1144
[130] [     6796855] 1 | True  True 00 ( 1011,  766)   4   769  1072
[131] [     6806857] 1 | True  True 00 (  995,  761)   4   758  1128
[132] [     6816860] 1 | True  True 00 (  979,  755)   5   781  1352
[133] [     6826874] 1 | True  True 00 (  962,  748)   5   798  1596
[134] [     6836874] 1 | True  True 00 (  944,  740)   5   770  1700
[135] [     6846896] 1 | True  True 00 (  928,  730)   3   671  1628
[136] [     6856901] 1 | True  True 00 (  914,  720)   4   728  1420
[137] [     6866901] 1 | True  True 00 (  901,  709)   4   747  1076
[138] [     6876921] 1 | True  True 00 (  889,  696)   4   765   828
[139] [     6886921] 1 | True  True 00 (  877,  683)   4   714   948
[140] [     6896940] 1 | True  True 00 (  865,  670)   4   693  1124
[141] [     6906960] 1 | True  True 00 (  854,  655)   5   777  1424
[142] [     6916966] 1 | True  True 00 (  843,  642)   5   742  1564
[143] [     6926984] 1 | True  True 00 (  830,  623)   8   966  1548
[144] [     6936998] 1 | True  True 00 (  819,  604)   6   908  1404
[145] [     6946998] 1 | True  True 00 (  812,  590)   4   706  1212
[146] [     6957019] 1 | True  True 00 (  805,  574)   5   837  1436
[147] [     6967042] 1 | True  True 00 (  799,  557)   5   852  1744
[148] [     6977045] 1 | True  True 00 (  795,  541)   4   716  1708
[149] [     6987044] 1 | True  True 00 (  791,  524)   5   858  1744
[150] [     6997063] 1 | True  True 00 (  788,  506)   4   766  1420
[151] [     7007083] 1 | True  True 00 (  785,  487)   5   830  1044
[152] [     7017101] 1 | True  True 00 (  783,  470)   4   852  1392
[153] [     7027101] 1 | True  True 00 (  783,  452)   5   857  1688
[154] [     7037125] 1 | True  True 00 (  782,  432)   2   622  1796
[155] [     7047146] 1 | True  True 00 (  783,  414)   4   754  1724
[156] [     7057142] 1 | True  True 00 (  785,  397)   4   780  1612
[157] [     7067167] 1 | True  True 00 (  787,  379)   4   790  1356
[158] [     7077186] 1 | True  True 00 (  790,  363)   4   753  1296
[159] [     7087189] 1 | True  True 00 (  797,  346)   4   760  1476
[160] [     7097204] 1 | True  True 00 (  805,  330)   4   741  1460
[161] [     7107229] 1 | True  True 00 (  815,  314)   5   761  1312
[162] [     7117225] 1 | True  True 00 (  826,  298)   4   698  1148
[163] [     7127247] 1 | True  True 00 (  838,  282)   4   757  1112
[164] [     7137245] 1 | True  True 00 (  849,  267)   4   770  1044
[165] [     7147267] 1 | True  True 00 (  859,  253)   4   782  1008
[166] [     7157269] 1 | True  True 00 (  871,  239)   4   710  1276
[167] [     7167266] 1 | True  True 00 (  882,  227)   4   732  1524
[168] [     7177272] 1 | True  True 00 (  893,  215)   4   695  1472
[169] [     7187271] 1 | True  True 00 (  909,  204)   3   661  1312
[170] [     7197291] 1 | True  True 00 (  926,  193)   4   709  1164
[171] [     7207291] 1 | True  True 00 (  943,  182)   5   745  1320
[172] [     7217291] 1 | True  True 00 (  958,  172)   4   712  1516
[173] [     7227311] 1 | True  True 00 (  973,  164)   5   812  1676
[174] [     7237311] 1 | True  True 00 (  988,  157)   4   734  1588
[175] [     7247331] 1 | True  True 00 ( 1005,  150)   4   719  1320
[176] [     7257348] 1 | True  True 00 ( 1025,  145)   4   749  1004
[177] [     7267350] 1 | True  True 00 ( 1044,  141)   4   733  1132
[178] [     7277354] 1 | True  True 00 ( 1062,  138)   4   771  1312
[179] [     7287368] 1 | True  True 00 ( 1078,  135)   4   781  1528
[180] [     7297368] 1 | True  True 00 ( 1095,  134)   4   729  1440
[181] [     7307389] 1 | True  True 00 ( 1114,  133)   4   746  1296
[182] [     7317395] 1 | True  True 00 ( 1134,  133)   4   839  1152
[183] [     7327393] 1 | True  True 00 ( 1153,  133)   4   752  1220
[184] [     7337412] 1 | True  True 00 ( 1171,  135)   4   762  1532
[185] [     7347415] 1 | True  True 00 ( 1188,  138)   4   749  1732
[186] [     7357431] 1 | True  True 00 ( 1202,  142)   5   780  1624
[187] [     7367433] 1 | True  True 00 ( 1220,  147)   5   790  1496
[188] [     7377435] 1 | True  True 00 ( 1238,  154)   4   762  1296
[189] [     7387450] 1 | True  True 00 ( 1256,  162)   4   756  1240
[190] [     7397455] 1 | True  True 00 ( 1272,  170)   4   788  1424
[191] [     7407471] 1 | True  True 00 ( 1287,  179)   4   797  1404
[192] [     7417473] 1 | True  True 00 ( 1301,  190)   4   778  1296
[193] [     7427476] 1 | True  True 00 ( 1313,  200)   5   786  1252
[194] [     7437491] 1 | True  True 00 ( 1325,  213)   4   729  1344
[195] [     7447489] 1 | True  True 00 ( 1339,  225)   4   710  1252
[196] [     7457489] 1 | True  True 00 ( 1353,  239)   5   809  1324
[197] [     7467511] 1 | True  True 00 ( 1367,  253)   4   735  1224
[198] [     7477514] 1 | True  True 00 ( 1379,  267)   4   764  1188
[199] [     7487510] 1 | True  True 00 ( 1388,  282)   4   774  1028
[200] [     7497513] 1 | True  True 00 ( 1397,  297)   4   752   940
[201] [     7507533] 1 | True  True 00 ( 1405,  314)   4   798  1356
[202] [     7517537] 1 | True  True 00 ( 1411,  330)   5   804  1504
[203] [     7527538] 1 | True  True 00 ( 1418,  348)   4   745  1704
[204] [     7537558] 1 | True  True 00 ( 1424,  365)   3   689  1628
[205] [     7547554] 1 | True  True 00 ( 1426,  384)   4   886  1576
[206] [     7557575] 1 | True  True 00 ( 1429,  401)   4   817  1268
[207] [     7567579] 1 | True  True 00 ( 1429,  418)   4   872  1544
[208] [     7577576] 1 | True  True 00 ( 1430,  436)   4   762  1544
[209] [     7587593] 1 | True  True 00 ( 1427,  454)   6   888  1616
[210] [     7597596] 1 | True  True 00 ( 1429,  472)   4   656  1492
[211] [     7607619] 1 | True  True 00 ( 1429,  489)   4   832  1512
[212] [     7617619] 1 | True  True 00 ( 1427,  504)   5   912  1296
[213] [     7627620] 1 | True  True 00 ( 1427,  522)   4   800  1272
[214] [     7637635] 1 | True  True 00 ( 1423,  538)   4   794  1348
[215] [     7647640] 1 | True  True 00 ( 1421,  556)   4   712  1384
[216] [     7657636] 1 | True  True 00 ( 1416,  573)   5   852  1364
[217] [     7667655] 1 | True  True 00 ( 1411,  590)   4   793  1144
[218] [     7677661] 1 | True  True 00 ( 1404,  607)   5   802  1072
[219] [     7687659] 1 | True  True 00 ( 1395,  624)   5   793  1020
[220] [     7697659] 1 | True  True 00 ( 1383,  640)   6   845  1260
[221] [     7707681] 1 | True  True 00 ( 1369,  655)   3   693  1604
[222] [     7717677] 1 | True  True 00 ( 1357,  668)   4   749  1676
[223] [     7727679] 1 | True  True 00 ( 1345,  682)   4   714  1620
[224] [     7737679] 1 | True  True 00 ( 1333,  696)   4   730  1404
[225] [     7747699] 1 | True  True 00 ( 1321,  709)   4   763  1224
[226] [     7757696] 1 | True  True 00 ( 1307,  720)   5   818  1300
[227] [     7767702] 1 | True  True 00 ( 1291,  729)   4   769  1444
[228] [     7777719] 1 | True  True 00 ( 1272,  737)   5   824  1388
[229] [     7787714] 1 | True  True 00 ( 1255,  746)   4   826  1336
[230] [     7797718] 1 | True  True 00 ( 1238,  754)   4   785   972
[231] [     7807741] 1 | True  True 00 ( 1223,  760)   4   796   856
[232] [     7817740] 1 | True  True 00 ( 1207,  766)   4   788  1008
[233] [     7827739] 1 | True  True 00 ( 1190,  771)   4   753  1208
[234] [     7837759] 1 | True  True 00 ( 1170,  775)   5   841  1392
[235] [     7847757] 1 | True  True 00 ( 1152,  777)   4   795  1316
[236] [     7857780] 1 | True  True 00 ( 1134,  779)   4   816  1136
[237] [     7867785] 1 | True  True 00 ( 1117,  780)   4   787   932
[238] [     7877805] 1 | True  True 00 ( 1102,  780)   4   826  1004
[239] [     7887802] 1 | True  True 00 ( 1084,  779)   5   812  1148
[240] [     7897802] 1 | True  True 00 ( 1063,  777)   4   762  1220
[241] [     7907805] 1 | True  True 00 ( 1044,  774)   4   819  1268
[242] [     7917819] 1 | True  True 00 ( 1027,  771)   4   776  1160
[243] [     7927824] 1 | True  True 00 ( 1011,  766)   4   769  1016
[244] [     7937840] 1 | True  True 00 (  995,  761)   4   771  1108
[245] [     7947842] 1 | True  True 00 (  978,  754)   4   731  1388
[246] [     7957837] 1 | True  True 00 (  961,  748)   4   741  1576
[247] [     7967858] 1 | True  True 00 (  944,  740)   5   759  1784
[248] [     7977857] 1 | True  True 00 (  929,  730)   3   662  1612
[249] [     7987863] 1 | True  True 00 (  915,  720)   4   746  1492
[250] [     7997883] 1 | True  True 00 (  902,  709)   4   756  1076
[251] [     8007901] 1 | True  True 00 (  890,  696)   4   756   808
[252] [     8017906] 1 | True  True 00 (  878,  683)   4   767   932
[253] [     8027906] 1 | True  True 00 (  867,  669)   4   728  1212
[254] [     8037925] 1 | True  True 00 (  855,  653)   6   847  1476
[255] [     8047945] 1 | True  True 00 (  845,  638)   6   862  1580
[  0] [     8057962] 1 | True  True 00 (  832,  622)   4   698  1512
[  1] [     8067964] 1 | True  True 00 (  822,  605)   6   922  1440
[  2] [     8077987] 1 | True  True 00 (  811,  588)   4   866  1292
[  3] [     8087988] 1 | True  True 00 (  802,  572)   4   761  1276
[  4] [     8098007] 1 | True  True 00 (  797,  555)   7   990  1708
[  5] [     8108024] 1 | True  True 00 (  793,  540)   5   692  1436
[  6] [     8118028] 1 | True  True 00 (  792,  522)   4   630  1436
[  7] [     8128047] 1 | True  True 00 (  789,  506)   4   837  1580
[  8] [     8138048] 1 | True  True 00 (  787,  490)   4   880  1436
[  9] [     8148068] 1 | True  True 00 (  786,  471)   4   775  1356
[ 10] [     8158065] 1 | True  True 00 (  784,  451)   5   812  1632
[ 11] [     8168089] 1 | True  True 00 (  784,  433)   3   689  1780
[ 12] [     8178091] 1 | True  True 00 (  785,  416)   5   834  1796
[ 13] [     8188105] 1 | True  True 00 (  787,  399)   4   753  1632
[ 14] [     8198104] 1 | True  True 00 (  790,  382)   4   776  1432
[ 15] [     8208105] 1 | True  True 00 (  792,  365)   4   758  1276
[ 16] [     8218112] 1 | True  True 00 (  797,  348)   4   748  1460
[ 17] [     8228126] 1 | True  True 00 (  805,  332)   4   718  1440
[ 18] [     8238130] 1 | True  True 00 (  816,  315)   4   725  1368
[ 19] [     8248146] 1 | True  True 00 (  827,  300)   4   713  1184
[ 20] [     8258153] 1 | True  True 00 (  838,  283)   4   726  1008
[ 21] [     8268170] 1 | True  True 00 (  849,  268)   4   761  1044
[ 22] [     8278172] 1 | True  True 00 (  860,  254)   4   760  1008
[ 23] [     8288187] 1 | True  True 00 (  870,  241)   4   754  1276
[ 24] [     8298193] 1 | True  True 00 (  881,  228)   5   798  1576
[ 25] [     8308189] 1 | True  True 00 (  893,  216)   4   727  1508
[ 26] [     8318214] 1 | True  True 00 (  909,  204)   4   712  1328
[ 27] [     8328229] 1 | True  True 00 (  926,  193)   4   713  1164
[ 28] [     8338250] 1 | True  True 00 (  943,  182)   5   758  1392
[ 29] [     8348255] 1 | True  True 00 (  958,  173)   4   734  1532
[ 30] [     8358275] 1 | True  True 00 (  973,  165)   3   629  1568
[ 31] [     8368275] 1 | True  True 00 (  989,  158)   4   747  1692
[ 32] [     8378275] 1 | True  True 00 ( 1006,  152)   4   729  1340
[ 33] [     8388294] 1 | True  True 00 ( 1024,  146)   4   754  1092
[ 34] [     8398294] 1 | True  True 00 ( 1043,  142)   4   774  1152
[ 35] [     8408314] 1 | True  True 00 ( 1059,  138)   4   780  1276
[ 36] [     8418331] 1 | True  True 00 ( 1077,  136)   3   701  1512
[ 37] [     8428334] 1 | True  True 00 ( 1092,  135)   5   787  1440
[ 38] [     8438357] 1 | True  True 00 ( 1111,  133)   4   756  1296
[ 39] [     8448356] 1 | True  True 00 ( 1131,  133)   4   765  1060
[ 40] [     8458376] 1 | True  True 00 ( 1151,  134)   4   757  1204
[ 41] [     8468371] 1 | True  True 00 ( 1170,  136)   4   734  1476
[ 42] [     8478395] 1 | True  True 00 ( 1186,  139)   4   743  1712
[ 43] [     8488398] 1 | True  True 00 ( 1201,  142)   5   793  1676
[ 44] [     8498419] 1 | True  True 00 ( 1217,  147)   5   803  1532
[ 45] [     8508421] 1 | True  True 00 ( 1235,  154)   5   847  1348
[ 46] [     8518420] 1 | True  True 00 ( 1254,  162)   4   756  1224
[ 47] [     8528440] 1 | True  True 00 ( 1270,  170)   4   779  1352
[ 48] [     8538438] 1 | True  True 00 ( 1285,  179)   4   779  1352
[ 49] [     8548457] 1 | True  True 00 ( 1299,  188)   4   792  1332
[ 50] [     8558459] 1 | True  True 00 ( 1311,  199)   4   760  1308
[ 51] [     8568461] 1 | True  True 00 ( 1322,  210)   4   721  1324
[ 52] [     8578473] 1 | True  True 00 ( 1337,  223)   5   803  1380
[ 53] [     8588495] 1 | True  True 00 ( 1353,  238)   5   794  1288
[ 54] [     8598497] 1 | True  True 00 ( 1367,  253)   3   690  1224
[ 55] [     8608501] 1 | True  True 00 ( 1379,  267)   4   782  1208
[ 56] [     8618521] 1 | True  True 00 ( 1388,  281)   4   779  1048
[ 57] [     8628521] 1 | True  True 00 ( 1397,  296)   4   770   940
[ 58] [     8638541] 1 | True  True 00 ( 1405,  313)   4   771  1340
[ 59] [     8648561] 1 | True  True 00 ( 1411,  330)   6   879  1520
[ 60] [     8658558] 1 | True  True 00 ( 1417,  348)   5   770  1612
[ 61] [     8668582] 1 | True  True 00 ( 1423,  366)   4   799  1668
[ 62] [     8678597] 1 | True  True 00 ( 1427,  380)   4   717  1484
[ 63] [     8688597] 1 | True  True 00 ( 1430,  396)   4   785  1248
[ 64] [     8698618] 1 | True  True 00 ( 1431,  414)   4   837  1512
[ 65] [     8708620] 1 | True  True 00 ( 1432,  432)   4   777  1672
[ 66] [     8718625] 1 | True  True 00 ( 1434,  451)   5   784  1760
[ 67] [     8728645] 1 | True  True 00 ( 1436,  470)   4   745  1776
[ 68] [     8738645] 1 | True  True 00 ( 1435,  487)   4   800  1528
[ 69] [     8748646] 1 | True  True 00 ( 1432,  505)   4   771   984
[ 70] [     8758667] 1 | True  True 00 ( 1429,  525)   4   756  1256
[ 71] [     8768664] 1 | True  True 00 ( 1425,  541)   4   815  1328
[ 72] [     8778685] 1 | True  True 00 ( 1422,  557)   4   740  1456
[ 73] [     8788683] 1 | True  True 00 ( 1418,  573)   5   835  1384
[ 74] [     8798701] 1 | True  True 00 ( 1412,  590)   4   766  1088
[ 75] [     8808702] 1 | True  True 00 ( 1404,  606)   5   832  1088
[ 76] [     8818726] 1 | True  True 00 ( 1396,  621)   5   823  1036
[ 77] [     8828721] 1 | True  True 00 ( 1386,  636)   5   784  1208
[ 78] [     8838728] 1 | True  True 00 ( 1373,  652)   3   674  1584
[ 79] [     8848747] 1 | True  True 00 ( 1360,  666)   4   745  1712
[ 80] [     8858745] 1 | True  True 00 ( 1347,  680)   5   769  1532
[ 81] [     8868763] 1 | True  True 00 ( 1335,  695)   4   704  1404
[ 82] [     8878768] 1 | True  True 00 ( 1323,  708)   4   768  1188
[ 83] [     8888790] 1 | True  True 00 ( 1310,  719)   4   767  1224
[ 84] [     8898787] 1 | True  True 00 ( 1294,  729)   5   792  1316
[ 85] [     8908808] 1 | True  True 00 ( 1274,  738)   4   747  1388
[ 86] [     8918806] 1 | True  True 00 ( 1256,  746)   4   822  1316
[ 87] [     8928804] 1 | True  True 00 ( 1239,  753)   4   799  1044
[ 88] [     8938810] 1 | True  True 00 ( 1224,  760)   4   773   856
[ 89] [     8948826] 1 | True  True 00 ( 1207,  765)   4   765   948
[ 90] [     8958823] 1 | True  True 00 ( 1190,  770)   4   757  1172
[ 91] [     8968826] 1 | True  True 00 ( 1171,  774)   5   818  1372
[ 92] [     8978843] 1 | True  True 00 ( 1152,  777)   4   794  1352
[ 93] [     8988844] 1 | True  True 00 ( 1135,  779)   4   816  1188
[ 94] [     8998844] 1 | True  True 00 ( 1118,  780)   4   809   932
[ 95] [     9008844] 1 | True  True 00 ( 1101,  781)   4   790  1004
[ 96] [     9018844] 1 | True  True 00 ( 1084,  780)   5   803  1148
[ 97] [     9028844] 1 | True  True 00 ( 1063,  778)   4   762  1232
[ 98] [     9038865] 1 | True  True 00 ( 1044,  775)   4   824  1252
[ 99] [     9048870] 1 | True  True 00 ( 1027,  772)   4   781  1180
[100] [     9058863] 1 | True  True 00 ( 1011,  767)   4   796  1036
[101] [     9068888] 1 | True  True 00 (  996,  761)   4   758  1076
[102] [     9078873] 1 | True  True 00 (  979,  756)   5   820  1368
[103] [     9088884] 1 | True  True 00 (  961,  749)   4   694  1508
[104] [     9098889] 1 | True  True 00 (  943,  741)   5   752  1700
[105] [     9108895] 1 | True  True 00 (  928,  731)   3   649  1680
[106] [     9118913] 1 | True  True 00 (  915,  721)   4   738  1456
[107] [     9128907] 1 | True  True 00 (  903,  711)   4   755  1212
[108] [     9138908] 1 | True  True 00 (  891,  698)   4   744   832
[109] [     9148911] 1 | True  True 00 (  879,  685)   4   762   932
[110] [     9158926] 1 | True  True 00 (  867,  671)   4   733  1196
[111] [     9168932] 1 | True  True 00 (  856,  657)   3   647  1404
[112] [     9178949] 1 | True  True 00 (  845,  644)   5   746  1564
[113] [     9188953] 1 | True  True 00 (  834,  627)   4   715  1528
[114] [     9198968] 1 | True  True 00 (  822,  610)   5   802  1440
[115] [     9208968] 1 | True  True 00 (  812,  591)   4   786  1204
[116] [     9218990] 1 | True  True 00 (  804,  575)   4   766  1312
[117] [     9228993] 1 | True  True 00 (  798,  558)   4   689  1400
[118] [     9239011] 1 | True  True 00 (  794,  542)   3   647  1672
[119] [     9249016] 1 | True  True 00 (  791,  524)   5   705  1456
[120] [     9259035] 1 | True  True 00 (  789,  506)   4   693  1328
[121] [     9269050] 1 | True  True 00 (  787,  489)   5   853  1256
[122] [     9279054] 1 | True  True 00 (  788,  468)   3   650  1340
[123] [     9289070] 1 | True  True 00 (  787,  449)   4   763  1596
[124] [     9299072] 1 | True  True 00 (  787,  433)   3   707  1744
[125] [     9309095] 1 | True  True 00 (  787,  416)   3   704  1780
[126] [     9319114] 1 | True  True 00 (  788,  399)   4   772  1612
[127] [     9329132] 1 | True  True 00 (  790,  382)   4   766  1392
[128] [     9339136] 1 | True  True 00 (  793,  364)   5   795  1312
[129] [     9349136] 1 | True  True 00 (  799,  347)   4   752  1476
[130] [     9359156] 1 | True  True 00 (  806,  332)   4   762  1548
[131] [     9369176] 1 | True  True 00 (  816,  316)   4   717  1368
[132] [     9379194] 1 | True  True 00 (  827,  300)   4   731  1220
[133] [     9389215] 1 | True  True 00 (  837,  285)   4   705   992
[134] [     9399236] 1 | True  True 00 (  847,  270)   4   739  1028
[135] [     9409234] 1 | True  True 00 (  858,  256)   4   782  1008
[136] [     9419258] 1 | True  True 00 (  868,  241)   4   789  1292
[137] [     9429263] 1 | True  True 00 (  880,  228)   5   768  1472
[138] [     9439279] 1 | True  True 00 (  893,  216)   4   722  1524
[139] [     9449281] 1 | True  True 00 (  907,  205)   4   715  1384
[140] [     9459302] 1 | True  True 00 (  924,  193)   4   765  1232
[141] [     9469299] 1 | True  True 00 (  941,  183)   5   731  1304
[142] [     9479317] 1 | True  True 00 (  957,  174)   4   730  1552
[143] [     9489339] 1 | True  True 00 (  973,  165)   4   738  1708
[144] [     9499337] 1 | True  True 00 (  988,  158)   5   777  1552
[145] [     9509359] 1 | True  True 00 ( 1003,  151)   4   713  1320
[146] [     9519364] 1 | True  True 00 ( 1022,  145)   4   727  1040
[147] [     9529384] 1 | True  True 00 ( 1040,  141)   4   768  1132
[148] [     9539385] 1 | True  True 00 ( 1057,  139)   4   797  1348
[149] [     9549404] 1 | True  True 00 ( 1075,  138)   4   750  1492
[150] [     9559421] 1 | True  True 00 ( 1091,  136)   4   777  1492
[151] [     9569425] 1 | True  True 00 ( 1111,  134)   4   765  1260
[152] [     9579442] 1 | True  True 00 ( 1131,  134)   4   797  1168
[153] [     9589443] 1 | True  True 00 ( 1151,  134)   4   770  1220
[154] [     9599466] 1 | True  True 00 ( 1169,  136)   4   775  1496
[155] [     9609464] 1 | True  True 00 ( 1185,  139)   4   753  1660
[156] [     9619484] 1 | True  True 00 ( 1199,  141)   5   781  1660
[157] [     9629480] 1 | True  True 00 ( 1215,  147)   5   808  1532
[158] [     9639504] 1 | True  True 00 ( 1234,  153)   5   830  1296
[159] [     9649508] 1 | True  True 00 ( 1252,  161)   4   774  1224
[160] [     9659509] 1 | True  True 00 ( 1269,  170)   4   778  1388
[161] [     9669529] 1 | True  True 00 ( 1284,  179)   4   797  1352
[162] [     9679525] 1 | True  True 00 ( 1297,  189)   4   778  1276
[163] [     9689547] 1 | True  True 00 ( 1310,  199)   5   822  1272
[164] [     9699544] 1 | True  True 00 ( 1323,  211)   4   744  1364
[165] [     9709548] 1 | True  True 00 ( 1336,  224)   4   754  1380
[166] [     9719565] 1 | True  True 00 ( 1351,  237)   4   737  1288
[167] [     9729588] 1 | True  True 00 ( 1365,  251)   3   695  1216
[168] [     9739584] 1 | True  True 00 ( 1378,  266)   4   786  1224
[169] [     9749604] 1 | True  True 00 ( 1388,  280)   4   796  1116
[170] [     9759610] 1 | True  True 00 ( 1396,  295)   4   789   940
[171] [     9769628] 1 | True  True 00 ( 1404,  312)   4   782  1248
[172] [     9779633] 1 | True  True 00 ( 1410,  331)   6   892  1520
[173] [     9789653] 1 | True  True 00 ( 1416,  348)   4   750  1668
[174] [     9799647] 1 | True  True 00 ( 1421,  367)   4   807  1720
[175] [     9809648] 1 | True  True 00 ( 1425,  384)   4   814  1520
[176] [     9819669] 1 | True  True 00 ( 1429,  399)   4   772  1268
[177] [     9829686] 1 | True  True 00 ( 1432,  415)   4   733  1260
[178] [     9839687] 1 | True  True 00 ( 1434,  432)   5   808  1600
[179] [     9849709] 1 | True  True 00 ( 1433,  450)   4   756  1616
[180] [     9859729] 1 | True  True 00 ( 1431,  469)   4   868  1868
[181] [     9869732] 1 | True  True 00 ( 1430,  485)   4   787  1420
[182] [     9879750] 1 | True  True 00 ( 1429,  503)   4   849  1332
[183] [     9889755] 1 | True  True 00 ( 1426,  519)   4   784  1164
[184] [     9899776] 1 | True  True 00 ( 1424,  537)   4   766  1292
[185] [     9909773] 1 | True  True 00 ( 1421,  553)   4   739  1364
[186] [     9919794] 1 | True  True 00 ( 1417,  570)   6   839  1328
[187] [     9929792] 1 | True  True 00 ( 1412,  588)   4   766  1092
[188] [     9939790] 1 | True  True 00 ( 1405,  605)   5   818  1088
[189] [     9949816] 1 | True  True 00 ( 1396,  622)   4   730  1020
[190] [     9959812] 1 | True  True 00 ( 1386,  638)   4   720  1224
[191] [     9969816] 1 | True  True 00 ( 1373,  653)   5   815  1584
[192] [     9979831] 1 | True  True 00 ( 1360,  668)   4   708  1656
[193] [     9989832] 1 | True  True 00 ( 1349,  680)   6   831  1604
[194] [     9999833] 1 | True  True 00 ( 1336,  694)   4   744  1460
[195] [    10009835] 1 | True  True 00 ( 1324,  707)   4   772  1280
[196] [    10019852] 1 | True  True 00 ( 1310,  719)   4   749  1188
[197] [    10029850] 1 | True  True 00 ( 1293,  729)   5   800  1388
[198] [    10039856] 1 | True  True 00 ( 1277,  738)   5   819  1444
[199] [    10049854] 1 | True  True 00 ( 1259,  746)   4   799  1300
[200] [    10059871] 1 | True  True 00 ( 1241,  753)   4   799  1028
[201] [    10069876] 1 | True  True 00 ( 1225,  760)   4   782   836
[202] [    10079877] 1 | True  True 00 ( 1209,  766)   4   806   988
[203] [    10089877] 1 | True  True 00 ( 1193,  771)   5   815  1152
[204] [    10099877] 1 | True  True 00 ( 1171,  774)   5   835  1352
[205] [    10109897] 1 | True  True 00 ( 1152,  777)   4   795  1280
[206] [    10119894] 1 | True  True 00 ( 1135,  779)   4   839  1264
[207] [    10129895] 1 | True  True 00 ( 1118,  780)   4   800   968
[208] [    10139916] 1 | True  True 00 ( 1102,  780)   4   786   988
[209] [    10149914] 1 | True  True 00 ( 1086,  780)   4   756  1148
[210] [    10159921] 1 | True  True 00 ( 1066,  778)   5   804  1204
[211] [    10169939] 1 | True  True 00 ( 1047,  775)   4   782  1284
[212] [    10179953] 1 | True  True 00 ( 1029,  771)   4   794  1196
[213] [    10189953] 1 | True  True 00 ( 1012,  767)   4   791  1108
[214] [    10199974] 1 | True  True 00 (  997,  761)   4   767  1056
[215] [    10209979] 1 | True  True 00 (  982,  755)   4   743  1316
[216] [    10219999] 1 | True  True 00 (  967,  749)   4   734  1560
[217] [    10230020] 1 | True  True 00 (  949,  740)   5   783  1752
[218] [    10240037] 1 | True  True 00 (  932,  731)   3   650  1648
[219] [    10250042] 1 | True  True 00 (  917,  721)   4   720  1404
[220] [    10260039] 1 | True  True 00 (  903,  710)   4   742  1108
[221] [    10270056] 1 | True  True 00 (  890,  698)   4   786   860
[222] [    10280079] 1 | True  True 00 (  878,  685)   4   736   896
[223] [    10290099] 1 | True  True 00 (  867,  671)   4   724  1176
[224] [    10300098] 1 | True  True 00 (  855,  657)   4   723  1460
[225] [    10310118] 1 | True  True 00 (  843,  643)   5   759  1548
[226] [    10320124] 1 | True  True 00 (  832,  630)   4   666  1564
[227] [    10330142] 1 | True  True 00 (  821,  613)   5   829  1548
[228] [    10340164] 1 | True  True 00 (  812,  596)   4   732  1140
[229] [    10350162] 1 | True  True 00 (  804,  577)   5   912  1528
[230] [    10360178] 1 | True  True 00 (  801,  560)   4   660  1472
[231] [    10370200] 1 | True  True 00 (  794,  542)   5   787  1564
[232] [    10380198] 1 | True  True 00 (  790,  524)   4   674  1528
[233] [    10390219] 1 | True  True 00 (  788,  506)   4   712  1364
[234] [    10400243] 1 | True  True 00 (  789,  488)   4   742  1276
[235] [    10410247] 1 | True  True 00 (  787,  471)   4   838  1300
[236] [    10420248] 1 | True  True 00 (  787,  450)   3   652  1560
[237] [    10430267] 1 | True  True 00 (  786,  435)   4   819  1816
[238] [    10440284] 1 | True  True 00 (  786,  418)   3   690  1760
[239] [    10450288] 1 | True  True 00 (  787,  401)   5   830  1632
[240] [    10460304] 1 | True  True 00 (  789,  383)   5   852  1392
[241] [    10470325] 1 | True  True 00 (  791,  365)   5   796  1276
[242] [    10480345] 1 | True  True 00 (  797,  348)   5   833  1420
[243] [    10490348] 1 | True  True 00 (  804,  332)   4   736  1476
[244] [    10500366] 1 | True  True 00 (  815,  317)   4   725  1348
[245] [    10510390] 1 | True  True 00 (  826,  301)   4   731  1240
[246] [    10520390] 1 | True  True 00 (  836,  285)   4   767  1096
[247] [    10530410] 1 | True  True 00 (  847,  271)   4   747  1060
[248] [    10540427] 1 | True  True 00 (  858,  256)   4   756   992
[249] [    10550449] 1 | True  True 00 (  869,  242)   4   723  1204
[250] [    10560469] 1 | True  True 00 (  880,  229)   4   724  1452
[251] [    10570474] 1 | True  True 00 (  893,  217)   4   673  1416
[252] [    10580494] 1 | True  True 00 (  909,  206)   3   661  1348
[253] [    10590511] 1 | True  True 00 (  925,  195)   4   753  1204
[254] [    10600511] 1 | True  True 00 (  941,  184)   5   733  1200
[255] [    10610532] 1 | True  True 00 (  955,  173)   4   743  1480
[  0] [    10620550] 1 | True  True 00 (  969,  166)   4   756  1708
[  1] [    10630551] 1 | True  True 00 (  984,  158)   4   711  1604
[  2] [    10640573] 1 | True  True 00 ( 1002,  152)   4   702  1304
[  3] [    10650593] 1 | True  True 00 ( 1021,  146)   4   789  1180
[  4] [    10660591] 1 | True  True 00 ( 1040,  142)   4   765  1116
[  5] [    10670614] 1 | True  True 00 ( 1059,  138)   4   766  1276
[  6] [    10680638] 1 | True  True 00 ( 1075,  136)   4   794  1548
[  7] [    10690641] 1 | True  True 00 ( 1092,  135)   4   737  1492
[  8] [    10700657] 1 | True  True 00 ( 1111,  133)   4   756  1276
[  9] [    10710675] 1 | True  True 00 ( 1130,  133)   4   779  1116
[ 10] [    10720677] 1 | True  True 00 ( 1149,  134)   4   794  1204
[ 11] [    10730700] 1 | True  True 00 ( 1167,  136)   4   765  1476
[ 12] [    10740700] 1 | True  True 00 ( 1183,  138)   4   794  1732
[ 13] [    10750720] 1 | True  True 00 ( 1199,  141)   5   757  1640
[ 14] [    10760739] 1 | True  True 00 ( 1215,  146)   5   798  1496
[ 15] [    10770742] 1 | True  True 00 ( 1234,  152)   5   803  1240
[ 16] [    10780742] 1 | True  True 00 ( 1252,  161)   5   779  1096
[ 17] [    10790762] 1 | True  True 00 ( 1269,  169)   4   797  1424
[ 18] [    10800779] 1 | True  True 00 ( 1283,  177)   4   829  1444
[ 19] [    10810784] 1 | True  True 00 ( 1297,  187)   4   798  1352
[ 20] [    10820800] 1 | True  True 00 ( 1310,  198)   4   751  1288
[ 21] [    10830804] 1 | True  True 00 ( 1322,  210)   5   780  1364
[ 22] [    10840818] 1 | True  True 00 ( 1337,  223)   3   687  1364
[ 23] [    10850838] 1 | True  True 00 ( 1352,  236)   4   745  1324
[ 24] [    10860841] 1 | True  True 00 ( 1366,  251)   4   763  1224
[ 25] [    10870865] 1 | True  True 00 ( 1378,  265)   4   759  1172
[ 26] [    10880864] 1 | True  True 00 ( 1388,  280)   4   778  1116
[ 27] [    10890889] 1 | True  True 00 ( 1397,  295)   4   771   924
[ 28] [    10900909] 1 | True  True 00 ( 1404,  311)   4   768  1232
[ 29] [    10910925] 1 | True  True 00 ( 1411,  327)   4   787  1540
[ 30] [    10920929] 1 | True  True 00 ( 1416,  345)   4   741  1684
[ 31] [    10930945] 1 | True  True 00 ( 1420,  364)   4   808  1612
[ 32] [    10940963] 1 | True  True 00 ( 1423,  382)   4   837  1520
[ 33] [    10950966] 1 | True  True 00 ( 1426,  397)   4   786  1304
[ 34] [    10960968] 1 | True  True 00 ( 1428,  414)   4   783  1296
[ 35] [    10970986] 1 | True  True 00 ( 1429,  431)   4   799  1580
[ 36] [    10980989] 1 | True  True 00 ( 1432,  449)   4   635  1512
[ 37] [    10991008] 1 | True  True 00 ( 1432,  468)   4   850  1868
[ 38] [    11001028] 1 | True  True 00 ( 1431,  485)   4   853  1616
[ 39] [    11011045] 1 | True  True 00 ( 1430,  502)   4   810  1280
[ 40] [    11021048] 1 | True  True 00 ( 1427,  519)   4   819  1200
[ 41] [    11031071] 1 | True  True 00 ( 1425,  537)   4   775  1384
[ 42] [    11041063] 1 | True  True 00 ( 1423,  554)   4   721  1400
[ 43] [    11051086] 1 | True  True 00 ( 1419,  572)   5   784  1308
[ 44] [    11061090] 1 | True  True 00 ( 1413,  589)   5   824  1128
[ 45] [    11071109] 1 | True  True 00 ( 1406,  605)   4   743  1036
[ 46] [    11081113] 1 | True  True 00 ( 1398,  621)   4   752  1000
[ 47] [    11091135] 1 | True  True 00 ( 1387,  637)   5   761  1188
[ 48] [    11101151] 1 | True  True 00 ( 1374,  652)   5   792  1460
[ 49] [    11111149] 1 | True  True 00 ( 1360,  666)   4   726  1604
[ 50] [    11121174] 1 | True  True 00 ( 1347,  680)   5   792  1676
[ 51] [    11131190] 1 | True  True 00 ( 1335,  694)   5   772  1424
[ 52] [    11141189] 1 | True  True 00 ( 1323,  707)   4   785  1260
[ 53] [    11151211] 1 | True  True 00 ( 1310,  718)   5   827  1172
[ 54] [    11161216] 1 | True  True 00 ( 1294,  729)   5   810  1352
[ 55] [    11171228] 1 | True  True 00 ( 1275,  738)   4   738  1388
[ 56] [    11181236] 1 | True  True 00 ( 1258,  747)   4   820  1352
[ 57] [    11191255] 1 | True  True 00 ( 1242,  754)   4   777  1028
[ 58] [    11201255] 1 | True  True 00 ( 1225,  761)   4   763   836
[ 59] [    11211277] 1 | True  True 00 ( 1209,  766)   4   820   968
[ 60] [    11221276] 1 | True  True 00 ( 1193,  771)   4   766  1136
[ 61] [    11231294] 1 | True  True 00 ( 1173,  774)   5   817  1352
[ 62] [    11241317] 1 | True  True 00 ( 1154,  777)   4   809  1372
[ 63] [    11251316] 1 | True  True 00 ( 1136,  778)   4   812  1152
[ 64] [    11261356] 1 | True  True 00 ( 1120,  779)   4   806   952
[ 65] [    11271362] 1 | True  True 00 ( 1104,  779)   4   776  1004
[ 66] [    11281382] 1 | True  True 00 ( 1086,  778)   5   830  1168
[ 67] [    11291399] 1 | True  True 00 ( 1064,  777)   4   767  1204
[ 68] [    11301397] 1 | True  True 00 ( 1044,  775)   4   783  1180
[ 69] [    11311416] 1 | True  True 00 ( 1028,  772)   4   759  1160
[ 70] [    11321438] 1 | True  True 00 ( 1013,  767)   4   752  1088
[ 71] [    11331460] 1 | True  True 00 (  998,  761)   4   793  1092
[ 72] [    11341458] 1 | True  True 00 (  982,  755)   4   756  1352
[ 73] [    11351463] 1 | True  True 00 (  965,  749)   4   741  1576
[ 74] [    11361483] 1 | True  True 00 (  946,  741)   5   764  1732
[ 75] [    11371503] 1 | True  True 00 (  930,  731)   4   715  1648
[ 76] [    11381503] 1 | True  True 00 (  916,  721)   4   712  1440
[ 77] [    11391526] 1 | True  True 00 (  902,  710)   4   724  1056
[ 78] [    11401523] 1 | True  True 00 (  890,  699)   4   730   884
[ 79] [    11411541] 1 | True  True 00 (  879,  686)   4   740   896
[ 80] [    11421543] 1 | True  True 00 (  867,  671)   4   740  1228
[ 81] [    11431559] 1 | True  True 00 (  855,  657)   4   753  1512
[ 82] [    11441581] 1 | True  True 00 (  844,  644)   6   749  1512
[ 83] [    11451586] 1 | True  True 00 (  833,  631)   5   686  1548
[ 84] [    11461606] 1 | True  True 00 (  823,  616)   3   629  1512
[ 85] [    11471606] 1 | True  True 00 (  812,  599)   5   793  1212
[ 86] [    11481624] 1 | True  True 00 (  803,  580)   4   806  1436
[ 87] [    11491623] 1 | True  True 00 (  798,  562)   4   712  1420
[ 88] [    11501644] 1 | True  True 00 (  793,  545)   4   793  1832
[ 89] [    11511647] 1 | True  True 00 (  791,  527)   4   750  1780
[ 90] [    11521642] 1 | True  True 00 (  789,  511)   5   908  1652
[ 91] [    11531647] 1 | True  True 00 (  787,  495)   5   942  1384
[ 92] [    11541664] 1 | True  True 00 (  784,  477)   4   847  1340
[ 93] [    11551687] 1 | True  True 00 (  784,  458)   4   790  1576
[ 94] [    11561685] 1 | True  True 00 (  784,  437)   3   648  1704
[ 95] [    11571705] 1 | True  True 00 (  784,  418)   3   686  1744
[ 96] [    11581710] 1 | True  True 00 (  786,  400)   4   771  1612
[ 97] [    11591730] 1 | True  True 00 (  789,  382)   4   785  1412
[ 98] [    11601730] 1 | True  True 00 (  791,  365)   4   758  1240
[ 99] [    11611749] 1 | True  True 00 (  797,  349)   5   793  1404
[100] [    11621749] 1 | True  True 00 (  804,  333)   4   740  1476
[101] [    11631769] 1 | True  True 00 (  814,  318)   5   775  1368
[102] [    11641766] 1 | True  True 00 (  825,  301)   4   744  1220
[103] [    11651771] 1 | True  True 00 (  837,  286)   4   745  1096
[104] [    11661787] 1 | True  True 00 (  847,  271)   4   765  1044
[105] [    11671809] 1 | True  True 00 (  857,  256)   4   747   976
[106] [    11681828] 1 | True  True 00 (  868,  242)   4   784  1256
[107] [    11691831] 1 | True  True 00 (  879,  229)   4   736  1488
[108] [    11701849] 1 | True  True 00 (  891,  217)   4   713  1472
[109] [    11711873] 1 | True  True 00 (  906,  205)   5   760  1416
[110] [    11721873] 1 | True  True 00 (  923,  194)   4   716  1168
[111] [    11731893] 1 | True  True 00 (  941,  184)   6   772  1304
[112] [    11741910] 1 | True  True 00 (  957,  174)   4   716  1500
[113] [    11751913] 1 | True  True 00 (  972,  167)   4   708  1676
[114] [    11761916] 1 | True  True 00 (  987,  158)   5   763  1604
[115] [    11771932] 1 | True  True 00 ( 1003,  152)   5   804  1392
[116] [    11781932] 1 | True  True 00 ( 1021,  146)   4   761  1180
[117] [    11791954] 1 | True  True 00 ( 1039,  143)   4   763  1116
[118] [    11801958] 1 | True  True 00 ( 1057,  140)   4   775  1384
[119] [    11811974] 1 | True  True 00 ( 1074,  138)   4   776  1548
[120] [    11822000] 1 | True  True 00 ( 1089,  136)   5   769  1420
[121] [    11832013] 1 | True  True 00 ( 1107,  135)   5   791  1312
[122] [    11842018] 1 | True  True 00 ( 1128,  134)   4   796  1132
[123] [    11852035] 1 | True  True 00 ( 1148,  134)   4   765  1184
[124] [    11862036] 1 | True  True 00 ( 1166,  136)   4   784  1496
[125] [    11872059] 1 | True  True 00 ( 1183,  139)   4   766  1660
[126] [    11882079] 1 | True  True 00 ( 1199,  141)   5   803  1768
[127] [    11892098] 1 | True  True 00 ( 1216,  147)   5   830  1548
[128] [    11902101] 1 | True  True 00 ( 1234,  154)   5   811  1312
[129] [    11912121] 1 | True  True 00 ( 1252,  162)   5   821  1240
[130] [    11922138] 1 | True  True 00 ( 1269,  170)   4   756  1276
[131] [    11932142] 1 | True  True 00 ( 1283,  178)   4   792  1368
[132] [    11942139] 1 | True  True 00 ( 1297,  188)   4   815  1332
[133] [    11952157] 1 | True  True 00 ( 1308,  199)   4   761  1236
[134] [    11962159] 1 | True  True 00 ( 1321,  211)   5   813  1416
[135] [    11972163] 1 | True  True 00 ( 1335,  223)   4   732  1380
[136] [    11982177] 1 | True  True 00 ( 1351,  236)   5   791  1216
[137] [    11992199] 1 | True  True 00 ( 1365,  250)   4   741  1180
[138] [    12002201] 1 | True  True 00 ( 1377,  264)   4   768  1188
[139] [    12012218] 1 | True  True 00 ( 1387,  278)   4   796  1136
[140] [    12022222] 1 | True  True 00 ( 1396,  293)   4   784   940
[141] [    12032247] 1 | True  True 00 ( 1404,  309)   4   779  1212
[142] [    12042242] 1 | True  True 00 ( 1411,  325)   4   754  1504
[143] [    12052262] 1 | True  True 00 ( 1416,  342)   4   714  1612
[144] [    12062280] 1 | True  True 00 ( 1421,  361)   4   786  1704
[145] [    12072280] 1 | True  True 00 ( 1425,  378)   4   787  1556
[146] [    12082302] 1 | True  True 00 ( 1427,  394)   4   772  1304
[147] [    12092321] 1 | True  True 00 ( 1430,  410)   4   726  1192
[148] [    12102329] 1 | True  True 00 ( 1432,  428)   4   741  1636
[149] [    12112345] 1 | True  True 00 ( 1433,  446)   4   705  1616
[150] [    12122349] 1 | True  True 00 ( 1431,  465)   5   848  1616
[151] [    12132366] 1 | True  True 00 ( 1429,  485)   4   791  1404
[152] [    12142386] 1 | True  True 00 ( 1430,  504)   4   720  1064
[153] [    12152403] 1 | True  True 00 ( 1429,  524)   4   739  1220
[154] [    12162406] 1 | True  True 00 ( 1425,  541)   4   785  1348
[155] [    12172428] 1 | True  True 00 ( 1423,  556)   5   810  1400
[156] [    12182448] 1 | True  True 00 ( 1419,  574)   4   718  1292
[157] [    12192468] 1 | True  True 00 ( 1412,  590)   5   829  1108
[158] [    12202472] 1 | True  True 00 ( 1406,  606)   4   788  1108
[159] [    12212493] 1 | True  True 00 ( 1396,  622)   4   743  1072
[160] [    12222509] 1 | True  True 00 ( 1386,  636)   5   769  1224
[161] [    12232527] 1 | True  True 00 ( 1373,  651)   4   729  1548
[162] [    12242530] 1 | True  True 00 ( 1359,  667)   3   686  1656
[163] [    12252547] 1 | True  True 00 ( 1347,  681)   5   795  1656
[164] [    12262568] 1 | True  True 00 ( 1335,  695)   4   740  1460
[165] [    12272572] 1 | True  True 00 ( 1323,  707)   4   732  1208
[166] [    12282591] 1 | True  True 00 ( 1309,  719)   5   854  1316
[167] [    12292596] 1 | True  True 00 ( 1294,  729)   5   832  1388
[168] [    12302618] 1 | True  True 00 ( 1274,  738)   5   820  1388
[169] [    12312634] 1 | True  True 00 ( 1257,  747)   4   808  1316
[170] [    12322652] 1 | True  True 00 ( 1241,  754)   4   758  1008
[171] [    12332675] 1 | True  True 00 ( 1225,  761)   4   832   928
[172] [    12342674] 1 | True  True 00 ( 1209,  766)   4   811  1008
[173] [    12352696] 1 | True  True 00 ( 1192,  771)   6   892  1172
[174] [    12362714] 1 | True  True 00 ( 1171,  774)   4   759  1316
[175] [    12372721] 1 | True  True 00 ( 1153,  777)   4   814  1392
[176] [    12382741] 1 | True  True 00 ( 1136,  779)   4   803  1172
[177] [    12392741] 1 | True  True 00 ( 1119,  779)   4   801   916
[178] [    12402762] 1 | True  True 00 ( 1103,  780)   4   803  1040
[179] [    12412782] 1 | True  True 00 ( 1085,  779)   5   799  1112
[180] [    12422796] 1 | True  True 00 ( 1064,  777)   4   771  1232
[181] [    12432815] 1 | True  True 00 ( 1045,  774)   4   778  1252
[182] [    12442819] 1 | True  True 00 ( 1029,  771)   4   786  1180
[183] [    12452837] 1 | True  True 00 ( 1013,  767)   4   784  1072
[184] [    12462862] 1 | True  True 00 (  998,  762)   4   781  1092
[185] [    12472863] 1 | True  True 00 (  982,  756)   4   742  1316
[186] [    12482883] 1 | True  True 00 (  966,  749)   4   721  1560
[187] [    12492900] 1 | True  True 00 (  948,  741)   5   823  1768
[188] [    12502902] 1 | True  True 00 (  932,  732)   4   724  1680
[189] [    12512927] 1 | True  True 00 (  917,  721)   4   725  1420
[190] [    12522947] 1 | True  True 00 (  904,  711)   4   725  1144
[191] [    12532946] 1 | True  True 00 (  891,  699)   4   778   884
[192] [    12542966] 1 | True  True 00 (  880,  686)   4   740   880
[193] [    12552988] 1 | True  True 00 (  868,  673)   4   728  1160
[194] [    12563004] 1 | True  True 00 (  856,  659)   4   687  1388
[195] [    12573010] 1 | True  True 00 (  843,  642)   6   866  1632
[196] [    12583026] 1 | True  True 00 (  829,  626)   5   735  1564
[197] [    12593049] 1 | True  True 00 (  818,  610)   4   757  1492
[198] [    12603048] 1 | True  True 00 (  810,  594)   4   799  1264
[199] [    12613068] 1 | True  True 00 (  802,  576)   4   806  1456
[200] [    12623086] 1 | True  True 00 (  798,  559)   4   767  1672
[201] [    12633110] 1 | True  True 00 (  793,  543)   5   762  1580
[202] [    12643129] 1 | True  True 00 (  790,  526)   3   705  1796
[203] [    12653133] 1 | True  True 00 (  787,  510)   4   869  1636
[204] [    12663147] 1 | True  True 00 (  784,  493)   4   894  1384
[205] [    12673168] 1 | True  True 00 (  784,  473)   4   729  1300
[206] [    12683194] 1 | True  True 00 (  784,  455)   4   835  1596
[207] [    12693194] 1 | True  True 00 (  784,  435)   3   643  1760
[208] [    12703211] 1 | True  True 00 (  786,  417)   3   672  1760
[209] [    12713216] 1 | True  True 00 (  788,  400)   5   852  1632
[210] [    12723236] 1 | True  True 00 (  789,  383)   4   786  1412
[211] [    12733251] 1 | True  True 00 (  791,  365)   4   749  1276
[212] [    12743275] 1 | True  True 00 (  796,  348)   4   756  1384
[213] [    12753290] 1 | True  True 00 (  805,  332)   4   740  1440
[214] [    12763311] 1 | True  True 00 (  814,  316)   5   793  1404
[215] [    12773314] 1 | True  True 00 (  825,  300)   4   750  1220
[216] [    12783338] 1 | True  True 00 (  836,  285)   4   745  1076
[217] [    12793358] 1 | True  True 00 (  846,  271)   4   748  1044
[218] [    12803377] 1 | True  True 00 (  857,  256)   4   760   992
[219] [    12813395] 1 | True  True 00 (  868,  242)   4   764  1276
[220] [    12823398] 1 | True  True 00 (  880,  229)   4   714  1488
[221] [    12833421] 1 | True  True 00 (  892,  217)   4   704  1400
[222] [    12843440] 1 | True  True 00 (  908,  206)   3   643  1328
[223] [    12853458] 1 | True  True 00 (  924,  195)   4   700  1152
[224] [    12863482] 1 | True  True 00 (  940,  184)   5   776  1320
[225] [    12873502] 1 | True  True 00 (  956,  175)   4   681  1464
[226] [    12883519] 1 | True  True 00 (  972,  167)   4   695  1604
[227] [    12893522] 1 | True  True 00 (  987,  159)   4   729  1620
[228] [    12903544] 1 | True  True 00 ( 1003,  153)   4   718  1412
[229] [    12913564] 1 | True  True 00 ( 1022,  147)   4   766  1092
[230] [    12923561] 1 | True  True 00 ( 1040,  142)   4   778  1116
[231] [    12933584] 1 | True  True 00 ( 1057,  139)   4   798  1368
[232] [    12943609] 1 | True  True 00 ( 1073,  137)   4   766  1456
[233] [    12953625] 1 | True  True 00 ( 1085,  136)   4   794  1492
[234] [    12963643] 1 | True  True 00 ( 1094,  134)   4   795  1548
[235] [    12973645] 1 | True  True 00 ( 1099,  134)   4   786  1512
[236] [    12983668] 1 | True  True 00 ( 1102,  134)   4   772  1528
[237] [    12993668] 1 | True  True 00 ( 1104,  132)   4   529   828
[238] [    13003685] 1 |False  True 00 ( 1104,  132)   4   529   828
[239] [    13013709] 0 
