[197] [    14577183]   0-None                     (    0)
[198] [    14589665]   0-None                     (    0)
[199] [    14602165]   0-None                     (    0)
[200] [    14614685]   0-None                     (    0)
[201] [    14627168]   0-None                     (    0)
[202] [    14639668]   0-None                     (    0)
[203] [    14652167]   0-None                     (    0)
[204] [    14664649]   0-None                     (    0)
[205] [    14677139]   0-None                     (    0)
[206] [    14689634]   0-None                     (    0)
[207] [    14702119]   0-None                     (    0)
[208] [    14714595]   0-None                     (    0)
[209] [    14727075]   0-None                     (    0)
[210] [    14739577]   0-None                     (    0)
[211] [    14752052]   0-None                     (    0)
[212] [    14764530]   0-None                     (    0)
[213] [    14777032]   0-None                     (    0)
[214] [    14789515]   0-None                     (    0)
[215] [    14801988]   0-None                     (    0)
[216] [    14814464]   0-None                     (    0)
[217] [    14826964]   0-None                     (    0)
[218] [    14839445]   0-None                     (    0)
[219] [    14851947]   0-None                     (    0)
[220] [    14864430]   0-None                     (    0)
[221] [    14876924]   0-None                     (    0)
[222] [    14889410]   0-None                     (    0)
[223] [    14901887]   0-None                     (    0)
[224] [    14914382]   0-None                     (    0)
[225] [    14926864]   0-None                     (    0)
[226] [    14939339]   0-None                     (    0)
[227] [    14951819]   0-None                     (    0)
[228] [    14964321]   0-None                     (    0)
[229] [    14976803]   0-None                     (    0)
[230] [    14989297]   0-None                     (    0)
[231] [    15001783]   0-None                     (    0)
[232] [    15014280]   0-None                     (    0)
[233] [    15026758]   0-None                     (    0)
[234] [    15039253]   0-None                     (    0)
[235] [    15051734]   0-None                     (    0)
[236] [    15064233]   0-None                     (    0)
[237] [    15076719]   0-None                     (    0)
[238] [    15089217]   0-None                     (    0)
[239] [    15101697]   0-None                     (    0)
[240] [    15114193]   0-None                     (    0)
[241] [    15126695]   0-None                     (    0)
[242] [    15139177]   0-None                     (    0)
[243] [    15151676]   0-None                     (    0)
[244] [    15164170]   0-None                     (    0)
[245] [    15176657]   0-None                     (    0)
[246] [    15189133]   0-None                     (    0)
[247] [    15201628]   0-None                     (    0)
[248] [    15214110]   0-None                     (    0)
[249] [    15226586]   0-None                     (    0)
[250] [    15239084]   0-None                     (    0)
[251] [    15251584]   0-None                     (    0)
[252] [    15264085]   0-None                     (    0)
[253] [    15276564]   0-None                     (    0)
[254] [    15289046]   0-None                     (    0)
[255] [    15301526]   0-None                     (    0)
[  0] [    15314009]   0-None                     (    0)
[  1] [    15326525]   0-None                     (    0)
[  2] [    15339008]   0-None                     (    0)
[  3] [    15351505]   0-None                     (    0)
[  4] [    15364001]   0-None                     (    0)
[  5] [    15376483]   0-None                     (    0)
[  6] [    15388977]   0-None                     (    0)
[  7] [    15401487]   0-None                     (    0)
[  8] [    15413984]   0-None                     (    0)
[  9] [    15426484]   0-None                     (    0)
[ 10] [    15438982]   0-None                     (    0)
[ 11] [    15451498]   0-None                     (    0)
[ 12] [    15463981]   0-None                     (    0)
[ 13] [    15476476]   0-None                     (    0)
[ 14] [    15488983]   0-None                     (    0)
[ 15] [    15501480]   0-None                     (    0)
[ 16] [    15513955]   0-None                     (    0)
[ 17] [    15526456]   0-None                     (    0)
[ 18] [    15538936]   0-None                     (    0)
[ 19] [    15551438]   0-None                     (    0)
[ 20] [    15563921]   0-None                     (    0)
[ 21] [    15576394]   0-None                     (    0)
[ 22] [    15588876]   0-None                     (    0)
[ 23] [    15601351]   0-None                     (    0)
[ 24] [    15613849]   0-None                     (    0)
[ 25] [    15626355]   0-None                     (    0)
[ 26] [    15638829]   0-None                     (    0)
[ 27] [    15651330]   0-None                     (    0)
[ 28] [    15663809]   0-None                     (    0)
[ 29] [    15676291]   0-None                     (    0)
[ 30] [    15688790]   0-None                     (    0)
[ 31] [    15701290]   0-None                     (    0)
[ 32] [    15713769]   0-None                     (    0)
[ 33] [    15726274]   0-None                     (    0)
[ 34] [    15738789]   0-None                     (    0)
[ 35] [    15751294]   0-None                     (    0)
[ 36] [    15763792]   0-None                     (    0)
[ 37] [    15776289]   0-None                     (    0)
[ 38] [    15788789]   0-None                     (    0)
[ 39] [    15801269]   0-None                     (    0)
[ 40] [    15813766]   0-None                     (    0)
[ 41] [    15826268]   0-None                     (    0)
[ 42] [    15838752]   0-None                     (    0)
[ 43] [    15851269]   0-None                     (    0)
[ 44] [    15863772]   0-None                     (    0)
[ 45] [    15876269]   0-None                     (    0)
[ 46] [    15888751]   0-None                     (    0)
[ 47] [    15901248]   0-None                     (    0)
[ 48] [    15913744]   0-None                     (    0)
[ 49] [    15926241]   0-None                     (    0)
[ 50] [    15938743]   0-None                     (    0)
[ 51] [    15951223]   0-None                     (    0)
[ 52] [    15963720]   0-None                     (    0)
[ 53] [    15976224]   0-None                     (    0)
[ 54] [    15988719]   0-None                     (    0)
[ 55] [    16001205]   0-None                     (    0)
[ 56] [    16013705]   0-None                     (    0)
[ 57] [    16026184]   0-None                     (    0)
[ 58] [    16038679]   0-None                     (    0)
[ 59] [    16051161]   0-None                     (    0)
[ 60] [    16063639]   0-None                     (    0)
[ 61] [    16076122]   0-None                     (    0)
[ 62] [    16088620]   0-None                     (    0)
[ 63] [    16101103]   0-None                     (    0)
[ 64] [    16113574]   0-None                     (    0)
[ 65] [    16126061]   0-None                     (    0)
[ 66] [    16138556]   0-None                     (    0)
[ 67] [    16151019]   0-None                     (    0)
[ 68] [    16163516]   0-None                     (    0)
[ 69] [    16175993]   0-None                     (    0)
[ 70] [    16188467]   0-None                     (    0)
[ 71] [    16200967]   0-None                     (    0)
[ 72] [    16213453]   0-None                     (    0)
[ 73] [    16225932]   0-None                     (    0)
[ 74] [    16238427]   0-None                     (    0)
[ 75] [    16250909]   0-None                     (    0)
[ 76] [    16263408]   0-None                     (    0)
[ 77] [    16275907]   0-None                     (    0)
[ 78] [    16288407]   0-None                     (    0)
[ 79] [    16300887]   0-None                     (    0)
[ 80] [    16313371]   0-None                     (    0)
[ 81] [    16325867]   0-None                     (    0)
[ 82] [    16338362]   0-None                     (    0)
[ 83] [    16350864]   0-None                     (    0)
[ 84] [    16363361]   0-None                     (    0)
[ 85] [    16375841]   0-None                     (    0)
[ 86] [    16388348]   0-None                     (    0)
[ 87] [    16400845]   0-None                     (    0)
[ 88] [    16413323]   0-None                     (    0)
[ 89] [    16425822]   0-None                     (    0)
[ 90] [    16438323]   0-None                     (    0)
[ 91] [    16450823]   0-None                     (    0)
[ 92] [    16463323]   0-None                     (    0)
[ 93] [    16475821]   0-None                     (    0)
[ 94] [    16488301]   0-None                     (    0)
[ 95] [    16500805]   0-None                     (    0)
[ 96] [    16513279]   0-None                     (    0)
[ 97] [    16525759]   0-None                     (    0)
[ 98] [    16538243]   0-None                     (    0)
[ 99] [    16550740]   0-None                     (    0)
[100] [    16563256]   0-None                     (    0)
[101] [    16575759]   0-None                     (    0)
[102] [    16588262]   0-None                     (    0)
[103] [    16600760]   0-None                     (    0)
[104] [    16613238]   0-None                     (    0)
[105] [    16625733]   0-None                     (    0)
[106] [    16638212]   0-None                     (    0)
[107] [    16650711]   0-None                     (    0)
[108] [    16663197]   0-None                     (    0)
[109] [    16675696]   0-None                     (    0)
[110] [    16688196]   0-None                     (    0)
[111] [    16700675]   0-None                     (    0)
[112] [    16713177]   0-None                     (    0)
[113] [    16725673]   0-None                     (    0)
[114] [    16738175]   0-None                     (    0)
[115] [    16750677]   0-None                     (    0)
[116] [    16763172]   0-None                     (    0)
[117] [    16775674]   0-None                     (    0)
[118] [    16788177]   0-None                     (    0)
[119] [    16800671]   0-None                     (    0)
[120] [    16813173]   0-None                     (    0)
[121] [    16825676]   0-None                     (    0)
[122] [    16838190]   0-None                     (    0)
[123] [    16850689]   0-None                     (    0)
[124] [    16863189]   0-None                     (    0)
[125] [    16875689]   0-None                     (    0)
[126] [    16888189]   0-None                     (    0)
[127] [    16900688]   0-None                     (    0)
[128] [    16913168]   0-None                     (    0)
[129] [    16925671]   0-None                     (    0)
[130] [    16938174]   0-None                     (    0)
[131] [    16950669]   0-None                     (    0)
[132] [    16963151]   0-None                     (    0)
[133] [    16975670]   0-None                     (    0)
[134] [    16988153]   0-None                     (    0)
[135] [    17000647]   0-None                     (    0)
[136] [    17013153]   0-None                     (    0)
[137] [    17025646]   0-None                     (    0)
[138] [    17038133]   0-None                     (    0)
[139] [    17050653]   0-None                     (    0)
[140] [    17063151]   0-None                     (    0)
[141] [    17075649]   0-None                     (    0)
[142] [    17088166]   0-None                     (    0)
[143] [    17100649]   0-None                     (    0)
[144] [    17113127]   0-None                     (    0)
[145] [    17125631]   0-None                     (    0)
[146] [    17138147]   0-None                     (    0)
[147] [    17150646]   0-None                     (    0)
[148] [    17163146]   0-None                     (    0)
[149] [    17175626]   0-None                     (    0)
[150] [    17188129]   0-None                     (    0)
[151] [    17200606]   0-None                     (    0)
[152] [    17213102]   0-None                     (    0)
[153] [    17225584]   0-None                     (    0)
[154] [    17238086]   0-None                     (    0)
[155] [    17250583]   0-None                     (    0)
[156] [    17263066]   0-None                     (    0)
[157] [    17275564]   0-None                     (    0)
[158] [    17288045]   0-None                     (    0)
[159] [    17300539]   0-None                     (    0)
[160] [    17313041]   0-None                     (    0)
[161] [    17325544]   0-None                     (    0)
[162] [    17338039]   0-None                     (    0)
[163] [    17350521]   0-None                     (    0)
[164] [    17363020]   0-None                     (    0)
[165] [    17375519]   0-None                     (    0)
[166] [    17388019]   0-None                     (    0)
[167] [    17400503]   0-None                     (    0)
[168] [    17413002]   0-None                     (    0)
[169] [    17425495]   0-None                     (    0)
[170] [    17437982]   0-None                     (    0)
[171] [    17450496]   0-None                     (    0)
[172] [    17463000]   0-None                     (    0)
[173] [    17475497]   0-None                     (    0)
[174] [    17487982]   0-None                     (    0)
[175] [    17500477]   0-None                     (    0)
[176] [    17512972]   0-None                     (    0)
[177] [    17525472]   0-None                     (    0)
[178] [    17537974]   0-None                     (    0)
[179] [    17550492]   0-None                     (    0)
[180] [    17562981]   0-None                     (    0)
[181] [    17575478]   0-None                     (    0)
[182] [    17587973]   0-None                     (    0)
[183] [    17600455]   0-None                     (    0)
[184] [    17612971]   0-None                     (    0)
[185] [    17625473]   0-None                     (    0)
[186] [    17637949]   0-None                     (    0)
[187] [    17650435]   0-None                     (    0)
[188] [    17662934]   0-None                     (    0)
[189] [    17675434]   0-None                     (    0)
[190] [    17687933]   0-None                     (    0)
[191] [    17700434]   0-None                     (    0)
[192] [    17712912]   0-None                     (    0)
[193] [    17725428]   0-None                     (    0)
[194] [    17737910]   0-None                     (    0)
[195] [    17750407]   0-None                     (    0)
[196] [    17762910]   0-None                     (    0)
[197] [    17775392]   0-None                     (    0)
[198] [    17787912]   0-None                     (    0)
[199] [    17800408]   0-None                     (    0)
[200] [    17812910]   0-None                     (    0)
[201] [    17825392]   0-None                     (    0)
[202] [    17837892]   0-None                     (    0)
[203] [    17850392]   0-None                     (    0)
[204] [    17862911]   0-None                     (    0)
[205] [    17875387]   0-None                     (    0)
[206] [    17887887]   0-None                     (    0)
[207] [    17900367]   0-None                     (    0)
[208] [    17912851]   0-None                     (    0)
[209] [    17925367]   0-None                     (    0)
[210] [    17937871]   0-None                     (    0)
[211] [    17950368]   0-None                     (    0)
[212] [    17962866]   0-None                     (    0)
[213] [    17975350]   0-None                     (    0)
[214] [    17987846]   0-None                     (    0)
[215] [    18000341]   0-None                     (    0)
[216] [    18012841]   0-None                     (    0)
[217] [    18025343]   0-None                     (    0)
[218] [    18037847]   0-None                     (    0)
[219] [    18050325]   0-None                     (    0)
[220] [    18062824]   0-None                     (    0)
[221] [    18075324]   0-None                     (    0)
[222] [    18087800]   0-None                     (    0)
[223] [    18100300]   0-None                     (    0)
[224] [    18112799]   0-None                     (    0)
[225] [    18125298]   0-None                     (    0)
[226] [    18137798]   0-None                     (    0)
[227] [    18150298]   0-None                     (    0)
[228] [    18162778]   0-None                     (    0)
[229] [    18175280]   0-None                     (    0)
[230] [    18187783]   0-None                     (    0)
[231] [    18200278]   0-None                     (    0)
[232] [    18212780]   0-None                     (    0)
[233] [    18225283]   0-None                     (    0)
[234] [    18237777]   0-None                     (    0)
[235] [    18250259]   0-None                     (    0)
[236] [    18262758]   0-None                     (    0)
[237] [    18275279]   0-None                     (    0)
[238] [    18287762]   0-None                     (    0)
[239] [    18300275]   0-None                     (    0)
[240] [    18312758]   0-None                     (    0)
[241] [    18325257]   0-None                     (    0)
[242] [    18337756]   0-None                     (    0)
[243] [    18350256]   0-None                     (    0)
[244] [    18362761]   0-None                     (    0)
[245] [    18375279]   0-None                     (    0)
[246] [    18387780]   0-None                     (    0)
[247] [    18400277]   0-None                     (    0)
[248] [    18412798]   0-None                     (    0)
[249] [    18425298]   0-None                     (    0)
[250] [    18437797]   0-None                     (    0)
[251] [    18450318]   0-None                     (    0)
[252] [    18462813]   0-None                     (    0)
[253] [    18475319]   0-None                     (    0)
[254] [    18487837]   0-None                     (    0)
[255] [    18500334]   0-None                     (    0)
[  0] [    18512835]   0-None                     (    0)
[  1] [    18525337]   0-None                     (    0)
[  2] [    18537855]   0-None                     (    0)
[  3] [    18550357]   0-None                     (    0)
[  4] [    18562839]   0-None                     (    0)
[  5] [    18575354]   0-None                     (    0)
[  6] [    18587843]   0-None                     (    0)
[  7] [    18600340]   0-None                     (    0)
[  8] [    18612834]   0-None                     (    0)
[  9] [    18625338]   0-None                     (    0)
[ 10] [    18637833]   0-None                     (    0)
[ 11] [    18650333]   0-None                     (    0)
[ 12] [    18662814]   0-None                     (    0)
[ 13] [    18675312]   0-None                     (    0)
[ 14] [    18687812]   0-None                     (    0)
[ 15] [    18700317]   0-None                     (    0)
[ 16] [    18712815]   0-None                     (    0)
[ 17] [    18725331]   0-None                     (    0)
[ 18] [    18737835]   0-None                     (    0)
[ 19] [    18750351]   0-None                     (    0)
[ 20] [    18762834]   0-None                     (    0)
[ 21] [    18775352]   0-None                     (    0)
[ 22] [    18787854]   0-None                     (    0)
[ 23] [    18800336]   0-None                     (    0)
[ 24] [    18812830]   0-None                     (    0)
[ 25] [    18825331]   0-None                     (    0)
[ 26] [    18837833]   0-None                     (    0)
[ 27] [    18850330]   0-None                     (    0)
[ 28] [    18862851]   0-None                     (    0)
[ 29] [    18875353]   0-None                     (    0)
[ 30] [    18887855]   0-None                     (    0)
[ 31] [    18900358]   0-None                     (    0)
[ 32] [    18912855]   0-None                     (    0)
[ 33] [    18925372]   0-None                     (    0)
[ 34] [    18937878]   0-None                     (    0)
[ 35] [    18950372]   0-None                     (    0)
[ 36] [    18962878]   0-None                     (    0)
[ 37] [    18975392]   0-None                     (    0)
[ 38] [    18987874]   0-None                     (    0)
[ 39] [    19000374]   0-None                     (    0)
[ 40] [    19012873]   0-None                     (    0)
[ 41] [    19025371]   0-None                     (    0)
[ 42] [    19037876]   0-None                     (    0)
[ 43] [    19050394]   0-None                     (    0)
[ 44] [    19062897]   0-None                     (    0)
[ 45] [    19075391]   0-None                     (    0)
[ 46] [    19087894]   0-None                     (    0)
[ 47] [    19100397]   0-None                     (    0)
[ 48] [    19112871]   0-None                     (    0)
[ 49] [    19125371]   0-None                     (    0)
[ 50] [    19137871]   0-None                     (    0)
[ 51] [    19150371]   0-None                     (    0)
[ 52] [    19162851]   0-None                     (    0)
[ 53] [    19175335]   0-None                     (    0)
[ 54] [    19187831]   0-None                     (    0)
[ 55] [    19200306]   0-None                     (    0)
[ 56] [    19212804]   0-None                     (    0)
[ 57] [    19225310]   0-None                     (    0)
[ 58] [    19237785]   0-None                     (    0)
[ 59] [    19250284]   0-None                     (    0)
[ 60] [    19262764]   0-None                     (    0)
[ 61] [    19275266]   0-None                     (    0)
[ 62] [    19287770]   0-None                     (    0)
[ 63] [    19300264]   0-None                     (    0)
[ 64] [    19312767]   0-None                     (    0)
[ 65] [    19325249]   0-None                     (    0)
[ 66] [    19337742]   0-None                     (    0)
[ 67] [    19350227]   0-None                     (    0)
[ 68] [    19362723]   0-None                     (    0)
[ 69] [    19375224]   0-None                     (    0)
[ 70] [    19387727]   0-None                     (    0)
[ 71] [    19400223]   0-None                     (    0)
[ 72] [    19412727]   0-None                     (    0)
[ 73] [    19425224]   0-None                     (    0)
[ 74] [    19437722]   0-None                     (    0)
[ 75] [    19450226]   0-None                     (    0)
[ 76] [    19462723]   0-None                     (    0)
[ 77] [    19475226]   0-None                     (    0)
[ 78] [    19487723]   0-None                     (    0)
[ 79] [    19500221]   0-None                     (    0)
[ 80] [    19512726]   0-None                     (    0)
[ 81] [    19525223]   0-None                     (    0)
[ 82] [    19537721]   0-None                     (    0)
[ 83] [    19550225]   0-None                     (    0)
[ 84] [    19562722]   0-None                     (    0)
[ 85] [    19575225]   0-None                     (    0)
[ 86] [    19587742]   0-None                     (    0)
[ 87] [    19600241]   0-None                     (    0)
[ 88] [    19612740]   0-None                     (    0)
[ 89] [    19625240]   0-None                     (    0)
[ 90] [    19637739]   0-None                     (    0)
[ 91] [    19650239]   0-None                     (    0)
[ 92] [    19662740]   0-None                     (    0)
[ 93] [    19675219]   0-None                     (    0)
[ 94] [    19687723]   0-None                     (    0)
[ 95] [    19700239]   0-None                     (    0)
[ 96] [    19712738]   0-None                     (    0)
[ 97] [    19725243]   0-None                     (    0)
[ 98] [    19737741]   0-None                     (    0)
[ 99] [    19750242]   0-None                     (    0)
[100] [    19762742]   0-None                     (    0)
[101] [    19775262]   0-None                     (    0)
[102] [    19787756]   0-None                     (    0)
[103] [    19800259]   0-None                     (    0)
[104] [    19812763]   0-None                     (    0)
[105] [    19825257]   0-None                     (    0)
[106] [    19837759]   0-None                     (    0)
[107] [    19850262]   0-None                     (    0)
[108] [    19862757]   0-None                     (    0)
[109] [    19875259]   0-None                     (    0)
[110] [    19887762]   0-None                     (    0)
[111] [    19900276]   0-None                     (    0)
[112] [    19912775]   0-None                     (    0)
[113] [    19925276]   0-None                     (    0)
[114] [    19937795]   0-None                     (    0)
[115] [    19950301]   0-None                     (    0)
[116] [    19962820]   0-None                     (    0)
[117] [    19975315]   0-None                     (    0)
[118] [    19987836]   0-None                     (    0)
[119] [    20000319]   0-None                     (    0)
[120] [    20012816]   0-None                     (    0)
[121] [    20025319]   0-None                     (    0)
[122] [    20037822]   0-None                     (    0)
[123] [    20050296]   0-None                     (    0)
[124] [    20062798]   0-None                     (    0)
[125] [    20075314]   0-None                     (    0)
[126] [    20087835]   0-None                     (    0)
[127] [    20100337]   0-None                     (    0)
[128] [    20112840]   0-None                     (    0)
[129] [    20125342]   0-None                     (    0)
[130] [    20137840]   0-None                     (    0)
[131] [    20150338]   0-None                     (    0)
[132] [    20162843]   0-None                     (    0)
[133] [    20175340]   0-None                     (    0)
[134] [    20187837]   0-None                     (    0)
[135] [    20200341]   0-None                     (    0)
[136] [    20212860]   0-None                     (    0)
[137] [    20225359]   0-None                     (    0)
[138] [    20237858]   0-None                     (    0)
[139] [    20250357]   0-None                     (    0)
[140] [    20262877]   0-None                     (    0)
[141] [    20275360]   0-None                     (    0)
[142] [    20287880]   0-None                     (    0)
[143] [    20300375]   0-None                     (    0)
[144] [    20312878]   0-None                     (    0)
[145] [    20325379]   0-None                     (    0)
[146] [    20337881]   0-None                     (    0)
[147] [    20350376]   0-None                     (    0)
[148] [    20362860]   0-None                     (    0)
[149] [    20375357]   0-None                     (    0)
[150] [    20387857]   0-None                     (    0)
[151] [    20400358]   0-None                     (    0)
[152] [    20412879]   0-None                     (    0)
[153] [    20425374]   0-None                     (    0)
[154] [    20437876]   0-None                     (    0)
[155] [    20450380]   0-None                     (    0)
[156] [    20462874]   0-None                     (    0)
[157] [    20475376]   0-None                     (    0)
[158] [    20487879]   0-None                     (    0)
[159] [    20500374]   0-None                     (    0)
[160] [    20512876]   0-None                     (    0)
[161] [    20525379]   0-None                     (    0)
[162] [    20537893]   0-None                     (    0)
[163] [    20550392]   0-None                     (    0)
[164] [    20562892]   0-None                     (    0)
[165] [    20575392]   0-None                     (    0)
[166] [    20587892]   0-None                     (    0)
[167] [    20600412]   0-None                     (    0)
[168] [    20612918]   0-None                     (    0)
[169] [    20625413]   0-None                     (    0)
[170] [    20637917]   0-None                     (    0)
[171] [    20650414]   0-None                     (    0)
[172] [    20662914]   0-None                     (    0)
[173] [    20675411]   0-None                     (    0)
[174] [    20687917]   0-None                     (    0)
[175] [    20700413]   0-None                     (    0)
[176] [    20712895]   0-None                     (    0)
[177] [    20725395]   0-None                     (    0)
[178] [    20737914]   0-None                     (    0)
[179] [    20750410]   0-None                     (    0)
[180] [    20762896]   0-None                     (    0)
[181] [    20775415]   0-None                     (    0)
[182] [    20787909]   0-None                     (    0)
[183] [    20800393]   0-None                     (    0)
[184] [    20812893]   0-None                     (    0)
[185] [    20825373]   0-None                     (    0)
[186] [    20837875]   0-None                     (    0)
[187] [    20850369]   0-None                     (    0)
[188] [    20862851]   0-None                     (    0)
[189] [    20875350]   0-None                     (    0)
[190] [    20887850]   0-None                     (    0)
[191] [    20900329]   0-None                     (    0)
[192] [    20912833]   0-None                     (    0)
[193] [    20925330]   0-None                     (    0)
[194] [    20937832]   0-None                     (    0)
[195] [    20950330]   0-None                     (    0)
[196] [    20962813]   0-None                     (    0)
[197] [    20975309]   0-None                     (    0)
[198] [    20987803]   0-None                     (    0)
[199] [    21000308]   0-None                     (    0)
[200] [    21012804]   0-None                     (    0)
[201] [    21025309]   0-None                     (    0)
[202] [    21037781]   0-None                     (    0)
[203] [    21050284]   0-None                     (    0)
[204] [        9019]   0-None                     (    0)
[205] [       21505]   0-None                     (    0)
[206] [       34004]   0-None                     (    0)
[207] [       46503]   0-None                     (    0)
[208] [       59023]   0-None                     (    0)
[209] [       71518]   0-None                     (    0)
[210] [       84024]   0-None                     (    0)
[211] [       96540]   0-None                     (    0)
[212] [      109040]   0-None                     (    0)
[213] [      121520]   0-None                     (    0)
[214] [      134017]   0-None                     (    0)
[215] [      146521]   0-None                     (    0)
[216] [      159038]   0-None                     (    0)
[217] [      171539]   0-None                     (    0)
[218] [      184041]   0-None                     (    0)
[219] [      196559]   0-None                     (    0)
[220] [      209061]   0-None                     (    0)
[221] [      221563]   0-None                     (    0)
[222] [      234067]   0-None                     (    0)
[223] [      246584]   0-None                     (    0)
[224] [      259082]   0-None                     (    0)
[225] [      271607]   0-None                     (    0)
[226] [      284101]   0-None                     (    0)
[227] [      296620]   0-None                     (    0)
[228] [      309107]   0-None                     (    0)
[229] [      321602]   0-None                     (    0)
[230] [      334104]   0-None                     (    0)
[231] [      346587]   0-None                     (    0)
[232] [      359100]   0-None                     (    0)
[233] [      371602]   0-None                     (    0)
[234] [      384085]   0-None                     (    0)
[235] [      396579]   0-None                     (    0)
[236] [      409085]   0-None                     (    0)
[237] [      421579]   0-None                     (    0)
[238] [      434065]   0-None                     (    0)
[239] [      446562]   0-None                     (    0)
[240] [      459059]   0-None                     (    0)
[241] [      471544]   0-None                     (    0)
[242] [      484040]   0-None                     (    0)
[243] [      496536]   0-None                     (    0)
[244] [      509019]   0-None                     (    0)
[245] [      521514]   0-None                     (    0)
[246] [      534019]   0-None                     (    0)
[247] [      546515]   0-None                     (    0)
[248] [      558999]   0-None                     (    0)
[249] [      571500]   0-None                     (    0)
[250] [      583979]   0-None                     (    0)
[251] [      596453]   0-None                     (    0)
[252] [      608951]   0-None                     (    0)
[253] [      621417]   0-None                     (    0)
[254] [      633892]   0-None                     (    0)
[255] [      646367]   0-None                     (    0)
[  0] [      658868]   0-None                     (    0)
[  1] [      671347]   0-None                     (    0)
[  2] [      683849]   0-None                     (    0)
[  3] [      696332]   0-None                     (    0)
[  4] [      708825]   0-None                     (    0)
[  5] [      721332]   0-None                     (    0)
[  6] [      733825]   0-None                     (    0)
[  7] [      746311]   0-None                     (    0)
[  8] [      758808]   0-None                     (    0)
[  9] [      771305]   0-None                     (    0)
[ 10] [      783810]   0-None                     (    0)
[ 11] [      796307]   0-None                     (    0)
[ 12] [      808809]   0-None                     (    0)
[ 13] [      821307]   0-None                     (    0)
[ 14] [      833804]   0-None                     (    0)
[ 15] [      846289]   0-None                     (    0)
[ 16] [      858786]   0-None                     (    0)
[ 17] [      871281]   0-None                     (    0)
[ 18] [      883786]   0-None                     (    0)
[ 19] [      896281]   0-None                     (    0)
[ 20] [      908779]   0-None                     (    0)
[ 21] [      921263]   0-None                     (    0)
[ 22] [      933760]   0-None                     (    0)
[ 23] [      946244]   0-None                     (    0)
[ 24] [      958738]   0-None                     (    0)
[ 25] [      971225]   0-None                     (    0)
[ 26] [      983720]   0-None                     (    0)
[ 27] [      996203]   0-None                     (    0)
[ 28] [     1008696]   0-None                     (    0)
[ 29] [     1021203]   0-None                     (    0)
[ 30] [     1033696]   0-None                     (    0)
[ 31] [     1046183]   0-None                     (    0)
[ 32] [     1058678]   0-None                     (    0)
[ 33] [     1071161]   0-None                     (    0)
[ 34] [     1083657]   0-None                     (    0)
[ 35] [     1096152]   0-None                     (    0)
[ 36] [     1108654]   0-None                     (    0)
[ 37] [     1121151]   0-None                     (    0)
[ 38] [     1133652]   0-None                     (    0)
[ 39] [     1146133]   0-None                     (    0)
[ 40] [     1158629]   0-None                     (    0)
[ 41] [     1171115]   0-None                     (    0)
[ 42] [     1183595]   0-None                     (    0)
[ 43] [     1196090]   0-None                     (    0)
[ 44] [     1208572]   0-None                     (    0)
[ 45] [     1221051]   0-None                     (    0)
[ 46] [     1233554]   0-None                     (    0)
[ 47] [     1246049]   0-None                     (    0)
[ 48] [     1258552]   0-None                     (    0)
[ 49] [     1271034]   0-None                     (    0)
[ 50] [     1283527]   0-None                     (    0)
[ 51] [     1296031]   0-None                     (    0)
[ 52] [     1308505]   0-None                     (    0)
[ 53] [     1321002]   0-None                     (    0)
[ 54] [     1333489]   0-None                     (    0)
[ 55] [     1345988]   0-None                     (    0)
[ 56] [     1358507]   0-None                     (    0)
[ 57] [     1371002]   0-None                     (    0)
[ 58] [     1383508]   0-None                     (    0)
[ 59] [     1396006]   0-None                     (    0)
[ 60] [     1408501]   0-None                     (    0)
[ 61] [     1420987]   0-None                     (    0)
[ 62] [     1433487]   0-None                     (    0)
[ 63] [     1445986]   0-None                     (    0)
[ 64] [     1458465]   0-None                     (    0)
[ 65] [     1470968]   0-None                     (    0)
[ 66] [     1483463]   0-None                     (    0)
[ 67] [     1495946]   0-None                     (    0)
[ 68] [     1508440]   0-None                     (    0)
[ 69] [     1520927]   0-None                     (    0)
[ 70] [     1533404]   0-None                     (    0)
[ 71] [     1545900]   0-None                     (    0)
[ 72] [     1558376]   0-None                     (    0)
[ 73] [     1570875]   0-None                     (    0)
[ 74] [     1583354]   0-None                     (    0)
[ 75] [     1595855]   0-None                     (    0)
[ 76] [     1608354]   0-None                     (    0)
[ 77] [     1620834]   0-None                     (    0)
[ 78] [     1633336]   0-None                     (    0)
[ 79] [     1645817]   0-None                     (    0)
[ 80] [     1658316]   0-None                     (    0)
[ 81] [     1670796]   0-None                     (    0)
[ 82] [     1683299]   0-None                     (    0)
[ 83] [     1695775]   0-None                     (    0)
[ 84] [     1708249]   0-None                     (    0)
[ 85] [     1720754]   0-None                     (    0)
[ 86] [     1733250]   0-None                     (    0)
[ 87] [     1745727]   0-None                     (    0)
[ 88] [     1758228]   0-None                     (    0)
[ 89] [     1770708]   0-None                     (    0)
[ 90] [     1783190]   0-None                     (    0)
[ 91] [     1795689]   0-None                     (    0)
[ 92] [     1808188]   0-None                     (    0)
[ 93] [     1820668]   0-None                     (    0)
[ 94] [     1833152]   0-None                     (    0)
[ 95] [     1845648]   0-None                     (    0)
[ 96] [     1858142]   0-None                     (    0)
[ 97] [     1870621]   0-None                     (    0)
[ 98] [     1883128]   0-None                     (    0)
[ 99] [     1895627]   0-None                     (    0)
[100] [     1908127]   0-None                     (    0)
[101] [     1920624]   0-None                     (    0)
[102] [     1933101]   0-None                     (    0)
[103] [     1945600]   0-None                     (    0)
[104] [     1958080]   0-None                     (    0)
[105] [     1970563]   0-None                     (    0)
[106] [     1983042]   0-None                     (    0)
[107] [     1995520]   0-None                     (    0)
[108] [     2008016]   0-None                     (    0)
[109] [     2020495]   0-None                     (    0)
[110] [     2032993]   0-None                     (    0)
[111] [     2045498]   0-None                     (    0)
[112] [     2057993]   0-None                     (    0)
[113] [     2070497]   0-None                     (    0)
[114] [     2082993]   0-None                     (    0)
[115] [     2095457]   0-None                     (    0)
[116] [     2107960]   0-None                     (    0)
[117] [     2120434]   0-None                     (    0)
[118] [     2132934]   0-None                     (    0)
[119] [     2145433]   0-None                     (    0)
[120] [     2157913]   0-None                     (    0)
[121] [     2170417]   0-None                     (    0)
[122] [     2182894]   0-None                     (    0)
[123] [     2195390]   0-None                     (    0)
[124] [     2207874]   0-None                     (    0)
[125] [     2220371]   0-None                     (    0)
[126] [     2232870]   0-None                     (    0)
[127] [     2245348]   0-None                     (    0)
[128] [     2257831]   0-None                     (    0)
[129] [     2270329]   0-None                     (    0)
[130] [     2282832]   0-None                     (    0)
[131] [     2295328]   0-None                     (    0)
[132] [     2307811]   0-None                     (    0)
[133] [     2320305]   0-None                     (    0)
[134] [     2332791]   0-None                     (    0)
[135] [     2345287]   0-None                     (    0)
[136] [     2357790]   0-None                     (    0)
[137] [     2370287]   0-None                     (    0)
[138] [     2382790]   0-None                     (    0)
[139] [     2395286]   0-None                     (    0)
[140] [     2407789]   0-None                     (    0)
[141] [     2420286]   0-None                     (    0)
[142] [     2432789]   0-None                     (    0)
[143] [     2445286]   0-None                     (    0)
[144] [     2457784]   0-None                     (    0)
[145] [     2470288]   0-None                     (    0)
[146] [     2482786]   0-None                     (    0)
[147] [     2495288]   0-None                     (    0)
[148] [     2507805]   0-None                     (    0)
[149] [     2520304]   0-None                     (    0)
[150] [     2532783]   0-None                     (    0)
[151] [     2545267]   0-None                     (    0)
[152] [     2557762]   0-None                     (    0)
[153] [     2570246]   0-None                     (    0)
[154] [     2582743]   0-None                     (    0)
[155] [     2595240]   0-None                     (    0)
[156] [     2607722]   0-None                     (    0)
[157] [     2620222]   0-None                     (    0)
[158] [     2632741]   0-None                     (    0)
[159] [     2645243]   0-None                     (    0)
[160] [     2657761]   0-None                     (    0)
[161] [     2670243]   0-None                     (    0)
[162] [     2682761]   0-None                     (    0)
[163] [     2695264]   0-None                     (    0)
[164] [     2707739]   0-None                     (    0)
[165] [     2720243]   0-None                     (    0)
[166] [     2732760]   0-None                     (    0)
[167] [     2745256]   0-None                     (    0)
[168] [     2757759]   0-None                     (    0)
[169] [     2770242]   0-None                     (    0)
[170] [     2782738]   0-None                     (    0)
[171] [     2795241]   0-None                     (    0)
[172] [     2807738]   0-None                     (    0)
[173] [     2820241]   0-None                     (    0)
[174] [     2832738]   0-None                     (    0)
[175] [     2845263]   0-None                     (    0)
[176] [     2857737]   0-None                     (    0)
[177] [     2870243]   0-None                     (    0)
[178] [     2882761]   0-None                     (    0)
[179] [     2895258]   0-None                     (    0)
[180] [     2907780]   0-None                     (    0)
[181] [     2920282]   0-None                     (    0)
[182] [     2932778]   0-None                     (    0)
[183] [     2945302]   0-None                     (    0)
[184] [     2957802]   0-None                     (    0)
[185] [     2970322]   0-None                     (    0)
[186] [     2982817]   0-None                     (    0)
[187] [     2995339]   0-None                     (    0)
[188] [     3007838]   0-None                     (    0)
[189] [     3020337]   0-None                     (    0)
[190] [     3032837]   0-None                     (    0)
[191] [     3045336]   0-None                     (    0)
[192] [     3057856]   0-None                     (    0)
[193] [     3070362]   0-None                     (    0)
[194] [     3082860]   0-None                     (    0)
[195] [     3095376]   0-None                     (    0)
[196] [     3107877]   0-None                     (    0)
[197] [     3120379]   0-None                     (    0)
[198] [     3132876]   0-None                     (    0)
[199] [     3145397]   0-None                     (    0)
[200] [     3157899]   0-None                     (    0)
[201] [     3170401]   0-None                     (    0)
[202] [     3182905]   0-None                     (    0)
[203] [     3195402]   0-None                     (    0)
[204] [     3207904]   0-None                     (    0)
[205] [     3220419]   0-None                     (    0)
[206] [     3232905]   0-None                     (    0)
[207] [     3245399]   0-None                     (    0)
[208] [     3257902]   0-None                     (    0)
[209] [     3270400]   0-None                     (    0)
[210] [     3282904]   0-None                     (    0)
[211] [     3295420]   0-None                     (    0)
[212] [     3307899]   0-None                     (    0)
[213] [     3320383]   0-None                     (    0)
[214] [     3332879]   0-None                     (    0)
[215] [     3345374]   0-None                     (    0)
[216] [     3357874]   0-None                     (    0)
[217] [     3370354]   0-None                     (    0)
[218] [     3382872]   0-None                     (    0)
[219] [     3395352]   0-None                     (    0)
[220] [     3407858]   0-None                     (    0)
[221] [     3420353]   0-None                     (    0)
[222] [     3432879]   0-None                     (    0)
[223] [     3445374]   0-None                     (    0)
[224] [     3457897]   0-None                     (    0)
[225] [     3470400]   0-None                     (    0)
[226] [     3482897]   0-None                     (    0)
[227] [     3495400]   0-None                     (    0)
[228] [     3507897]   0-None                     (    0)
[229] [     3520380]   0-None                     (    0)
[230] [     3532895]   0-None                     (    0)
[231] [     3545419]   0-None                     (    0)
[232] [     3557916]   0-None                     (    0)
[233] [     3570393]   0-None                     (    0)
[234] [     3582896]   0-None                     (    0)
[235] [     3595382]   0-None                     (    0)
[236] [     3607876]   0-None                     (    0)
[237] [     3620372]   0-None                     (    0)
[238] [     3632876]   0-None                     (    0)
[239] [     3645370]   0-None                     (    0)
[240] [     3657870]   0-None                     (    0)
[241] [     3670372]   0-None                     (    0)
[242] [     3682869]   0-None                     (    0)
[243] [     3695390]   0-None                     (    0)
[244] [     3707879]   0-None                     (    0)
[245] [     3720375]   0-None                     (    0)
[246] [     3732870]   0-None                     (    0)
[247] [     3745352]   0-None                     (    0)
[248] [     3757868]   0-None                     (    0)
[249] [     3770369]   0-None                     (    0)
[250] [     3782850]   0-None                     (    0)
[251] [     3795346]   0-None                     (    0)
[252] [     3807852]   0-None                     (    0)
[253] [     3820348]   0-None                     (    0)
[254] [     3832852]   0-None                     (    0)
[255] [     3845353]   0-None                     (    0)
[  0] [     3857850]   0-None                     (    0)
[  1] [     3870328]   0-None                     (    0)
[  2] [     3882827]   0-None                     (    0)
[  3] [     3895327]   0-None                     (    0)
[  4] [     3907827]   0-None                     (    0)
[  5] [     3920307]   0-None                     (    0)
[  6] [     3932809]   0-None                     (    0)
[  7] [     3945311]   0-None                     (    0)
[  8] [     3957807]   0-None                     (    0)
[  9] [     3970290]   0-None                     (    0)
[ 10] [     3982784]   0-None                     (    0)
[ 11] [     3995290]   0-None                     (    0)
[ 12] [     4007783]   0-None                     (    0)
[ 13] [     4020290]   0-None                     (    0)
[ 14] [     4032783]   0-None                     (    0)
[ 15] [     4045289]   0-None                     (    0)
[ 16] [     4057783]   0-None                     (    0)
[ 17] [     4070289]   0-None                     (    0)
[ 18] [     4082802]   0-None                     (    0)
[ 19] [     4095284]   0-None                     (    0)
[ 20] [     4107784]   0-None                     (    0)
[ 21] [     4120283]   0-None                     (    0)
[ 22] [     4132763]   0-None                     (    0)
[ 23] [     4145267]   0-None                     (    0)
[ 24] [     4157744]   0-None                     (    0)
[ 25] [     4170240]   0-None                     (    0)
[ 26] [     4182745]   0-None                     (    0)
[ 27] [     4195221]   0-None                     (    0)
[ 28] [     4207718]   0-None                     (    0)
[ 29] [     4220202]   0-None                     (    0)
[ 30] [     4232695]   0-None                     (    0)
[ 31] [     4245201]   0-None                     (    0)
[ 32] [     4257701]   0-None                     (    0)
[ 33] [     4270201]   0-None                     (    0)
[ 34] [     4282680]   0-None                     (    0)
[ 35] [     4295182]   0-None                     (    0)
[ 36] [     4307676]   0-None                     (    0)
[ 37] [     4320177]   0-None                     (    0)
[ 38] [     4332681]   0-None                     (    0)
[ 39] [     4345176]   0-None                     (    0)
[ 40] [     4357678]   0-None                     (    0)
[ 41] [     4370180]   0-None                     (    0)
[ 42] [     4382675]   0-None                     (    0)
[ 43] [     4395177]   0-None                     (    0)
[ 44] [     4407680]   0-None                     (    0)
[ 45] [     4420174]   0-None                     (    0)
[ 46] [     4432676]   0-None                     (    0)
[ 47] [     4445159]   0-None                     (    0)
[ 48] [     4457672]   0-None                     (    0)
[ 49] [     4470155]   0-None                     (    0)
[ 50] [     4482653]   0-None                     (    0)
[ 51] [     4495153]   0-None                     (    0)
[ 52] [     4507632]   0-None                     (    0)
[ 53] [     4520134]   0-None                     (    0)
[ 54] [     4532620]   0-None                     (    0)
[ 55] [     4545110]   0-None                     (    0)
[ 56] [     4557615]   0-None                     (    0)
[ 57] [     4570110]   0-None                     (    0)
[ 58] [     4582591]   0-None                     (    0)
[ 59] [     4595086]   0-None                     (    0)
[ 60] [     4607572]   0-None                     (    0)
[ 61] [     4620071]   0-None                     (    0)
[ 62] [     4632570]   0-None                     (    0)
[ 63] [     4645070]   0-None                     (    0)
[ 64] [     4657570]   0-None                     (    0)
[ 65] [     4670070]   0-None                     (    0)
[ 66] [     4682570]   0-None                     (    0)
[ 67] [     4695069]   0-None                     (    0)
[ 68] [     4707569]   0-None                     (    0)
[ 69] [     4720049]   0-None                     (    0)
[ 70] [     4732551]   0-None                     (    0)
[ 71] [     4745045]   0-None                     (    0)
[ 72] [     4757548]   0-None                     (    0)
[ 73] [     4770050]   0-None                     (    0)
[ 74] [     4782565]   0-None                     (    0)
[ 75] [     4795044]   0-None                     (    0)
[ 76] [     4807546]   0-None                     (    0)
[ 77] [     4820029]   0-None                     (    0)
[ 78] [     4832523]   0-None                     (    0)
[ 79] [     4845008]   0-None                     (    0)
