[197] [    14577183] 1 | True  True 00 ( 1215,  261)   4   734  1620
[198] [    14589665] 1 | True  True 00 ( 1217,  262)   4   683  1692
[199] [    14602165] 1 | True  True 00 ( 1225,  267)   5   774  1452
[200] [    14614685] 1 | True  True 00 ( 1240,  274)   5   781  1148
[201] [    14627168] 1 | True  True 00 ( 1257,  285)   4   762  1036
[202] [    14639668] 1 | True  True 00 ( 1273,  297)   4   774  1008
[203] [    14652167] 1 | True  True 00 ( 1288,  311)   4   777  1320
[204] [    14664649] 1 | True  True 00 ( 1301,  326)   4   751  1656
[205] [    14677139] 1 | True  True 00 ( 1313,  344)   7   861  1672
[206] [    14689634] 1 | True  True 00 ( 1324,  363)   6   839  1532
[207] [    14702119] 1 | True  True 00 ( 1339,  383)   5   840  1228
[208] [    14714595] 1 | True  True 00 ( 1352,  401)   4   679   860
[209] [    14727075] 1 | True  True 00 ( 1364,  421)   4   699   992
[210] [    14739577] 1 | True  True 00 ( 1374,  440)   5   718  1040
[211] [    14752052] 1 | True  True 00 ( 1382,  462)   4   646   980
[212] [    14764530] 1 | True  True 00 ( 1388,  485)   4   703   880
[213] [    14777032] 1 | True  True 00 ( 1391,  506)   5   867   876
[214] [    14789515] 1 | True  True 00 ( 1395,  531)   4   697  1140
[215] [    14801988] 1 | True  True 00 ( 1397,  554)   4   702  1228
[216] [    14814464] 1 | True  True 00 ( 1398,  576)   5   768  1108
[217] [    14826964] 1 | True  True 00 ( 1396,  597)   4   758  1032
[218] [    14839445] 1 | True  True 00 ( 1393,  620)   4   718  1016
[219] [    14851947] 1 | True  True 00 ( 1386,  643)   5   774  1388
[220] [    14864430] 1 | True  True 00 ( 1378,  663)   5   723  1580
[221] [    14876924] 1 | True  True 00 ( 1367,  684)   5   770  1668
[222] [    14889410] 1 | True  True 00 ( 1356,  704)   4   751  1520
[223] [    14901887] 1 | True  True 00 ( 1344,  723)   4   769  1136
[224] [    14914382] 1 | True  True 00 ( 1332,  743)   4   747  1044
[225] [    14926864] 1 | True  True 00 ( 1320,  761)   4   750  1072
[226] [    14939339] 1 | True  True 00 ( 1307,  778)   5   768  1276
[227] [    14951819] 1 | True  True 00 ( 1290,  793)   5   756  1600
[228] [    14964321] 1 | True  True 00 ( 1271,  808)   4   701  1720
[229] [    14976803] 1 | True  True 00 ( 1252,  821)   4   745  1500
[230] [    14989297] 1 | True  True 00 ( 1235,  833)   4   754  1188
[231] [    15001783] 1 | True  True 00 ( 1216,  844)   4   752   992
[232] [    15014280] 1 | True  True 00 ( 1195,  853)   5   764  1168
[233] [    15026758] 1 | True  True 00 ( 1172,  861)   4   737  1224
[234] [    15039253] 1 | True  True 00 ( 1149,  867)   4   743   976
[235] [    15051734] 1 | True  True 00 ( 1128,  873)   4   755   828
[236] [    15064233] 1 | True  True 00 ( 1108,  876)   4   739   896
[237] [    15076719] 1 | True  True 00 ( 1084,  879)   6   798  1124
[238] [    15089217] 1 | True  True 00 ( 1059,  879)   4   734  1140
[239] [    15101697] 1 | True  True 00 ( 1038,  879)   4   723  1056
[240] [    15114193] 1 | True  True 00 ( 1016,  877)   4   746   896
[241] [    15126695] 1 | True  True 00 (  996,  873)   4   693  1032
[242] [    15139177] 1 | True  True 00 (  975,  867)   4   672  1372
[243] [    15151676] 1 | True  True 00 (  953,  860)   3   642  1640
[244] [    15164170] 1 | True  True 00 (  933,  852)   3   609  1500
[245] [    15176657] 1 | True  True 00 (  915,  842)   4   666  1328
[246] [    15189133] 1 | True  True 00 (  898,  831)   4   688   976
[247] [    15201628] 1 | True  True 00 (  879,  819)   4   668  1056
[248] [    15214110] 1 | True  True 00 (  859,  803)   5   693   988
[249] [    15226586] 1 | True  True 00 (  841,  787)   4   674  1344
[250] [    15239084] 1 | True  True 00 (  825,  771)   4   666  1524
[251] [    15251584] 1 | True  True 00 (  812,  753)   4   632  1496
[252] [    15264085] 1 | True  True 00 (  800,  736)   4   677  1276
[253] [    15276564] 1 | True  True 00 (  789,  718)   4   688   948
[254] [    15289046] 1 | True  True 00 (  780,  698)   4   697   892
[255] [    15301526] 1 | True  True 00 (  771,  676)   4   699  1084
[  0] [    15314009] 1 | True  True 00 (  765,  652)   5   756  1124
[  1] [    15326525] 1 | True  True 00 (  761,  630)   4   701  1000
[  2] [    15339008] 1 | True  True 00 (  756,  609)   6   817   876
[  3] [    15351505] 1 | True  True 00 (  751,  588)   4   680   888
[  4] [    15364001] 1 | True  True 00 (  750,  565)   6   855  1152
[  5] [    15376483] 1 | True  True 00 (  751,  542)   5   739  1208
[  6] [    15388977] 1 | True  True 00 (  752,  520)   4   685  1012
[  7] [    15401487] 1 | True  True 00 (  754,  497)   4   673   788
[  8] [    15413984] 1 | True  True 00 (  756,  477)   4   762   984
[  9] [    15426484] 1 | True  True 00 (  762,  458)   5   804  1372
[ 10] [    15438982] 1 | True  True 00 (  768,  436)   3   603  1572
[ 11] [    15451498] 1 | True  True 00 (  775,  415)   3   635  1600
[ 12] [    15463981] 1 | True  True 00 (  784,  396)   4   666  1372
[ 13] [    15476476] 1 | True  True 00 (  796,  377)   4   666  1016
[ 14] [    15488983] 1 | True  True 00 (  810,  359)   4   707   972
[ 15] [    15501480] 1 | True  True 00 (  827,  341)   5   763  1084
[ 16] [    15513955] 1 | True  True 00 (  843,  325)   4   672  1308
[ 17] [    15526456] 1 | True  True 00 (  859,  310)   4   658  1548
[ 18] [    15538936] 1 | True  True 00 (  875,  296)   5   700  1560
[ 19] [    15551438] 1 | True  True 00 (  895,  283)   3   627  1308
[ 20] [    15563921] 1 | True  True 00 (  916,  272)   4   691   960
[ 21] [    15576394] 1 | True  True 00 (  937,  264)   4   686  1160
[ 22] [    15588876] 1 | True  True 00 (  957,  256)   4   728  1332
[ 23] [    15601351] 1 | True  True 00 (  977,  249)   4   662  1292
[ 24] [    15613849] 1 | True  True 00 (  999,  244)   4   688  1088
[ 25] [    15626355] 1 | True  True 00 ( 1022,  241)   4   717   880
[ 26] [    15638829] 1 | True  True 00 ( 1045,  238)   4   715  1100
[ 27] [    15651330] 1 | True  True 00 ( 1066,  237)   4   736  1324
[ 28] [    15663809] 1 | True  True 00 ( 1086,  238)   5   757  1352
[ 29] [    15676291] 1 | True  True 00 ( 1109,  240)   4   702  1160
[ 30] [    15688790] 1 | True  True 00 ( 1134,  243)   4   742  1104
[ 31] [    15701290] 1 | True  True 00 ( 1157,  246)   4   729  1452
[ 32] [    15713769] 1 | True  True 00 ( 1178,  251)   3   647  1648
[ 33] [    15726274] 1 | True  True 00 ( 1196,  258)   5   751  1664
[ 34] [    15738789] 1 | True  True 00 ( 1217,  267)   5   758  1360
[ 35] [    15751294] 1 | True  True 00 ( 1239,  277)   4   742  1036
[ 36] [    15763792] 1 | True  True 00 ( 1259,  289)   4   771  1052
[ 37] [    15776289] 1 | True  True 00 ( 1277,  302)   4   748  1056
[ 38] [    15788789] 1 | True  True 00 ( 1293,  317)   4   765  1488
[ 39] [    15801269] 1 | True  True 00 ( 1306,  332)   4   708  1656
[ 40] [    15813766] 1 | True  True 00 ( 1318,  348)   5   724  1624
[ 41] [    15826268] 1 | True  True 00 ( 1333,  365)   3   631  1412
[ 42] [    15838752] 1 | True  True 00 ( 1345,  387)   5   840  1072
[ 43] [    15851269] 1 | True  True 00 ( 1356,  408)   5   825  1128
[ 44] [    15863772] 1 | True  True 00 ( 1367,  428)   4   654   920
[ 45] [    15876269] 1 | True  True 00 ( 1377,  448)   4   639  1024
[ 46] [    15888751] 1 | True  True 00 ( 1384,  469)   5   838  1212
[ 47] [    15901248] 1 | True  True 00 ( 1391,  492)   4   685   780
[ 48] [    15913744] 1 | True  True 00 ( 1395,  518)   4   685   932
[ 49] [    15926241] 1 | True  True 00 ( 1397,  542)   4   699  1184
[ 50] [    15938743] 1 | True  True 00 ( 1398,  562)   5   776  1196
[ 51] [    15951223] 1 | True  True 00 ( 1398,  583)   4   748  1064
[ 52] [    15963720] 1 | True  True 00 ( 1395,  605)   4   743   944
[ 53] [    15976224] 1 | True  True 00 ( 1391,  627)   4   730  1164
[ 54] [    15988719] 1 | True  True 00 ( 1383,  650)   4   713  1416
[ 55] [    16001205] 1 | True  True 00 ( 1373,  671)   5   741  1668
[ 56] [    16013705] 1 | True  True 00 ( 1362,  691)   4   700  1640
[ 57] [    16026184] 1 | True  True 00 ( 1350,  711)   4   765  1356
[ 58] [    16038679] 1 | True  True 00 ( 1339,  731)   4   737  1000
[ 59] [    16051161] 1 | True  True 00 ( 1328,  750)   4   761  1116
[ 60] [    16063639] 1 | True  True 00 ( 1316,  768)   4   731  1072
[ 61] [    16076122] 1 | True  True 00 ( 1302,  784)   5   742  1396
[ 62] [    16088620] 1 | True  True 00 ( 1283,  799)   5   756  1616
[ 63] [    16101103] 1 | True  True 00 ( 1264,  812)   4   700  1644
[ 64] [    16113574] 1 | True  True 00 ( 1245,  825)   4   732  1308
[ 65] [    16126061] 1 | True  True 00 ( 1227,  836)   4   764  1044
[ 66] [    16138556] 1 | True  True 00 ( 1207,  847)   4   716  1052
[ 67] [    16151019] 1 | True  True 00 ( 1185,  855)   5   750  1196
[ 68] [    16163516] 1 | True  True 00 ( 1162,  863)   4   737  1136
[ 69] [    16175993] 1 | True  True 00 ( 1141,  870)   4   760   944
[ 70] [    16188467] 1 | True  True 00 ( 1120,  875)   4   733   768
[ 71] [    16200967] 1 | True  True 00 ( 1099,  877)   4   727   992
[ 72] [    16213453] 1 | True  True 00 ( 1074,  879)   4   719  1168
[ 73] [    16225932] 1 | True  True 00 ( 1051,  879)   4   751  1168
[ 74] [    16238427] 1 | True  True 00 ( 1030,  878)   4   732   984
[ 75] [    16250909] 1 | True  True 00 ( 1010,  875)   4   714   876
[ 76] [    16263408] 1 | True  True 00 (  989,  870)   4   706  1232
[ 77] [    16275907] 1 | True  True 00 (  965,  865)   4   678  1512
[ 78] [    16288407] 1 | True  True 00 (  943,  858)   4   690  1600
[ 79] [    16300887] 1 | True  True 00 (  925,  848)   5   712  1428
[ 80] [    16313371] 1 | True  True 00 (  907,  838)   4   675  1172
[ 81] [    16325867] 1 | True  True 00 (  889,  827)   4   659  1056
[ 82] [    16338362] 1 | True  True 00 (  870,  813)   4   659  1040
[ 83] [    16350864] 1 | True  True 00 (  850,  798)   5   706  1152
[ 84] [    16363361] 1 | True  True 00 (  832,  781)   3   607  1388
[ 85] [    16375841] 1 | True  True 00 (  817,  763)   3   599  1524
[ 86] [    16388348] 1 | True  True 00 (  805,  747)   4   639  1412
[ 87] [    16400845] 1 | True  True 00 (  794,  729)   4   702  1168
[ 88] [    16413323] 1 | True  True 00 (  784,  709)   4   700   824
[ 89] [    16425822] 1 | True  True 00 (  775,  689)   4   684   920
[ 90] [    16438323] 1 | True  True 00 (  767,  667)   5   718  1056
[ 91] [    16450823] 1 | True  True 00 (  763,  647)   3   571  1072
[ 92] [    16463323] 1 | True  True 00 (  756,  626)   4   678   972
[ 93] [    16475821] 1 | True  True 00 (  750,  603)   4   704   900
[ 94] [    16488301] 1 | True  True 00 (  748,  581)   4   660   860
[ 95] [    16500805] 1 | True  True 00 (  746,  557)   4   740  1224
[ 96] [    16513279] 1 | True  True 00 (  747,  535)   5   766  1168
[ 97] [    16525759] 1 | True  True 00 (  749,  514)   4   795  1112
[ 98] [    16538243] 1 | True  True 00 (  754,  492)   4   758   972
[ 99] [    16550740] 1 | True  True 00 (  760,  469)   4   696  1172
[100] [    16563256] 1 | True  True 00 (  766,  445)   4   684  1516
[101] [    16575759] 1 | True  True 00 (  773,  425)   4   696  1672
[102] [    16588262] 1 | True  True 00 (  780,  406)   3   646  1572
[103] [    16600760] 1 | True  True 00 (  788,  387)   5   749  1288
[104] [    16613238] 1 | True  True 00 (  802,  369)   4   696   956
[105] [    16625733] 1 | True  True 00 (  818,  351)   4   702   884
[106] [    16638212] 1 | True  True 00 (  834,  334)   4   698  1196
[107] [    16650711] 1 | True  True 00 (  851,  318)   4   650  1408
[108] [    16663197] 1 | True  True 00 (  867,  304)   4   660  1620
[109] [    16675696] 1 | True  True 00 (  883,  290)   4   672  1448
[110] [    16688196] 1 | True  True 00 (  903,  278)   4   676  1140
[111] [    16700675] 1 | True  True 00 (  925,  268)   4   704  1060
[112] [    16713177] 1 | True  True 00 (  946,  259)   4   712  1248
[113] [    16725673] 1 | True  True 00 (  966,  252)   4   699  1332
[114] [    16738175] 1 | True  True 00 (  986,  247)   5   706  1220
[115] [    16750677] 1 | True  True 00 ( 1009,  243)   4   693   960
[116] [    16763172] 1 | True  True 00 ( 1032,  240)   4   697   912
[117] [    16775674] 1 | True  True 00 ( 1054,  238)   4   723  1188
[118] [    16788177] 1 | True  True 00 ( 1075,  237)   4   710  1380
[119] [    16800671] 1 | True  True 00 ( 1097,  238)   5   727  1220
[120] [    16813173] 1 | True  True 00 ( 1120,  240)   4   714  1056
[121] [    16825676] 1 | True  True 00 ( 1144,  243)   4   751  1284
[122] [    16838190] 1 | True  True 00 ( 1167,  247)   4   726  1604
[123] [    16850689] 1 | True  True 00 ( 1186,  253)   4   676  1648
[124] [    16863189] 1 | True  True 00 ( 1205,  260)   5   755  1544
[125] [    16875689] 1 | True  True 00 ( 1227,  270)   5   759  1208
[126] [    16888189] 1 | True  True 00 ( 1248,  281)   4   755  1068
[127] [    16900688] 1 | True  True 00 ( 1267,  294)   4   763   992
[128] [    16913168] 1 | True  True 00 ( 1284,  309)   4   772  1272
[129] [    16925671] 1 | True  True 00 ( 1299,  325)   5   815  1580
[130] [    16938174] 1 | True  True 00 ( 1311,  342)   6   886  1732
[131] [    16950669] 1 | True  True 00 ( 1323,  361)   6   850  1548
[132] [    16963151] 1 | True  True 00 ( 1335,  380)   6   860  1272
[133] [    16975670] 1 | True  True 00 ( 1349,  397)   4   694   920
[134] [    16988153] 1 | True  True 00 ( 1362,  418)   4   807  1200
[135] [    17000647] 1 | True  True 00 ( 1372,  437)   5   763  1156
[136] [    17013153] 1 | True  True 00 ( 1381,  459)   5   817  1240
[137] [    17025646] 1 | True  True 00 ( 1386,  480)   5   798   992
[138] [    17038133] 1 | True  True 00 ( 1390,  502)   5   818   876
[139] [    17050653] 1 | True  True 00 ( 1393,  527)   4   698  1080
[140] [    17063151] 1 | True  True 00 ( 1396,  547)   5   814  1168
[141] [    17075649] 1 | True  True 00 ( 1396,  567)   5   783  1152
[142] [    17088166] 1 | True  True 00 ( 1395,  590)   4   769  1076
[143] [    17100649] 1 | True  True 00 ( 1392,  613)   4   748  1004
[144] [    17113127] 1 | True  True 00 ( 1386,  636)   5   775  1284
[145] [    17125631] 1 | True  True 00 ( 1378,  657)   5   738  1492
[146] [    17138147] 1 | True  True 00 ( 1368,  679)   5   738  1668
[147] [    17150646] 1 | True  True 00 ( 1357,  700)   4   722  1492
[148] [    17163146] 1 | True  True 00 ( 1345,  720)   4   763  1180
[149] [    17175626] 1 | True  True 00 ( 1334,  739)   4   754  1044
[150] [    17188129] 1 | True  True 00 ( 1323,  758)   4   744  1088
[151] [    17200606] 1 | True  True 00 ( 1310,  774)   4   709  1188
[152] [    17213102] 1 | True  True 00 ( 1294,  790)   5   735  1528
[153] [    17225584] 1 | True  True 00 ( 1274,  805)   4   697  1644
[154] [    17238086] 1 | True  True 00 ( 1255,  819)   4   724  1556
[155] [    17250583] 1 | True  True 00 ( 1237,  831)   4   762  1248
[156] [    17263066] 1 | True  True 00 ( 1219,  841)   4   744   976
[157] [    17275564] 1 | True  True 00 ( 1197,  850)   5   753  1136
[158] [    17288045] 1 | True  True 00 ( 1174,  859)   4   738  1224
[159] [    17300539] 1 | True  True 00 ( 1152,  866)   4   740  1036
[160] [    17313041] 1 | True  True 00 ( 1131,  871)   4   724   832
[161] [    17325544] 1 | True  True 00 ( 1110,  876)   4   728   884
[162] [    17338039] 1 | True  True 00 ( 1087,  878)   5   749  1084
[163] [    17350521] 1 | True  True 00 ( 1063,  879)   4   728  1156
[164] [    17363020] 1 | True  True 00 ( 1041,  878)   4   740  1084
[165] [    17375519] 1 | True  True 00 ( 1020,  876)   4   725   956
[166] [    17388019] 1 | True  True 00 ( 1000,  872)   4   717  1032
[167] [    17400503] 1 | True  True 00 (  977,  868)   4   682  1316
[168] [    17413002] 1 | True  True 00 (  954,  861)   3   621  1556
[169] [    17425495] 1 | True  True 00 (  934,  853)   5   714  1544
[170] [    17437982] 1 | True  True 00 (  916,  843)   4   653  1260
[171] [    17450496] 1 | True  True 00 (  899,  832)   4   692  1032
[172] [    17463000] 1 | True  True 00 (  880,  820)   4   674  1068
[173] [    17475497] 1 | True  True 00 (  861,  807)   6   768  1068
[174] [    17487982] 1 | True  True 00 (  842,  791)   5   716  1276
[175] [    17500477] 1 | True  True 00 (  825,  773)   4   669  1508
[176] [    17512972] 1 | True  True 00 (  812,  755)   4   637  1524
[177] [    17525472] 1 | True  True 00 (  800,  738)   4   687  1372
[178] [    17537974] 1 | True  True 00 (  789,  720)   4   692  1016
[179] [    17550492] 1 | True  True 00 (  779,  701)   4   703   836
[180] [    17562981] 1 | True  True 00 (  771,  679)   5   728  1000
[181] [    17575478] 1 | True  True 00 (  765,  658)   3   608  1124
[182] [    17587973] 1 | True  True 00 (  759,  637)   4   682  1028
[183] [    17600455] 1 | True  True 00 (  754,  617)   4   677   916
[184] [    17612971] 1 | True  True 00 (  750,  595)   4   643   760
[185] [    17625473] 1 | True  True 00 (  747,  571)   5   787  1084
[186] [    17637949] 1 | True  True 00 (  748,  547)   7   866  1252
[187] [    17650435] 1 | True  True 00 (  750,  525)   4   756  1240
[188] [    17662934] 1 | True  True 00 (  752,  502)   4   658   760
[189] [    17675434] 1 | True  True 00 (  756,  481)   4   758  1000
[190] [    17687933] 1 | True  True 00 (  761,  460)   4   726  1344
[191] [    17700434] 1 | True  True 00 (  767,  439)   5   765  1600
[192] [    17712912] 1 | True  True 00 (  774,  419)   3   650  1644
[193] [    17725428] 1 | True  True 00 (  782,  399)   4   677  1400
[194] [    17737910] 1 | True  True 00 (  794,  381)   5   736  1128
[195] [    17750407] 1 | True  True 00 (  808,  362)   4   686   972
[196] [    17762910] 1 | True  True 00 (  824,  344)   4   712  1000
[197] [    17775392] 1 | True  True 00 (  841,  328)   4   683  1268
[198] [    17787912] 1 | True  True 00 (  857,  312)   4   654  1532
[199] [    17800408] 1 | True  True 00 (  872,  297)   5   704  1548
[200] [    17812910] 1 | True  True 00 (  890,  284)   4   655  1324
[201] [    17825392] 1 | True  True 00 (  912,  274)   4   669   984
[202] [    17837892] 1 | True  True 00 (  934,  265)   4   679  1088
[203] [    17850392] 1 | True  True 00 (  954,  257)   4   718  1292
[204] [    17862911] 1 | True  True 00 (  974,  249)   5   741  1348
[205] [    17875387] 1 | True  True 00 (  996,  244)   4   699  1120
[206] [    17887887] 1 | True  True 00 ( 1020,  240)   4   705   844
[207] [    17900367] 1 | True  True 00 ( 1043,  238)   4   698  1044
[208] [    17912851] 1 | True  True 00 ( 1064,  237)   4   743  1264
[209] [    17925367] 1 | True  True 00 ( 1084,  237)   4   699  1352
[210] [    17937871] 1 | True  True 00 ( 1107,  238)   4   712  1204
[211] [    17950368] 1 | True  True 00 ( 1131,  241)   4   730  1044
[212] [    17962866] 1 | True  True 00 ( 1154,  246)   4   736  1408
[213] [    17975350] 1 | True  True 00 ( 1175,  251)   3   651  1648
[214] [    17987846] 1 | True  True 00 ( 1193,  257)   5   742  1648
[215] [    18000341] 1 | True  True 00 ( 1214,  266)   5   755  1392
[216] [    18012841] 1 | True  True 00 ( 1235,  275)   4   739  1104
[217] [    18025343] 1 | True  True 00 ( 1255,  287)   4   755   992
[218] [    18037847] 1 | True  True 00 ( 1273,  301)   4   764  1012
[219] [    18050325] 1 | True  True 00 ( 1289,  316)   5   836  1456
[220] [    18062824] 1 | True  True 00 ( 1303,  331)   5   769  1656
[221] [    18075324] 1 | True  True 00 ( 1316,  347)   6   792  1688
[222] [    18087800] 1 | True  True 00 ( 1331,  364)   4   699  1424
[223] [    18100300] 1 | True  True 00 ( 1344,  384)   6   892  1136
[224] [    18112799] 1 | True  True 00 ( 1356,  403)   4   682   876
[225] [    18125298] 1 | True  True 00 ( 1368,  424)   4   786  1124
[226] [    18137798] 1 | True  True 00 ( 1377,  445)   6   836  1156
[227] [    18150298] 1 | True  True 00 ( 1384,  467)   4   684  1040
[228] [    18162778] 1 | True  True 00 ( 1390,  490)   5   753   792
[229] [    18175280] 1 | True  True 00 ( 1394,  514)   4   722   916
[230] [    18187783] 1 | True  True 00 ( 1396,  536)   4   780  1152
[231] [    18200278] 1 | True  True 00 ( 1398,  556)   5   807  1168
[232] [    18212780] 1 | True  True 00 ( 1397,  578)   4   743  1076
[233] [    18225283] 1 | True  True 00 ( 1394,  601)   4   750   960
[234] [    18237777] 1 | True  True 00 ( 1390,  625)   4   711  1092
[235] [    18250259] 1 | True  True 00 ( 1384,  648)   4   709  1388
[236] [    18262758] 1 | True  True 00 ( 1373,  668)   5   744  1624
[237] [    18275279] 1 | True  True 00 ( 1362,  689)   3   642  1624
[238] [    18287762] 1 | True  True 00 ( 1351,  709)   4   744  1432
[239] [    18300275] 1 | True  True 00 ( 1340,  729)   4   785  1044
[240] [    18312758] 1 | True  True 00 ( 1329,  748)   4   758  1088
[241] [    18325257] 1 | True  True 00 ( 1316,  765)   4   743  1088
[242] [    18337756] 1 | True  True 00 ( 1302,  781)   5   745  1380
[243] [    18350256] 1 | True  True 00 ( 1284,  796)   5   739  1632
[244] [    18362761] 1 | True  True 00 ( 1266,  811)   5   748  1660
[245] [    18375279] 1 | True  True 00 ( 1248,  823)   4   743  1440
[246] [    18387780] 1 | True  True 00 ( 1230,  835)   4   740  1088
[247] [    18400277] 1 | True  True 00 ( 1212,  846)   4   735  1008
[248] [    18412798] 1 | True  True 00 ( 1189,  855)   6   801  1196
[249] [    18425298] 1 | True  True 00 ( 1165,  863)   4   741  1168
[250] [    18437797] 1 | True  True 00 ( 1143,  869)   4   743   928
[251] [    18450318] 1 | True  True 00 ( 1123,  874)   4   748   772
[252] [    18462813] 1 | True  True 00 ( 1102,  877)   4   717   956
[253] [    18475319] 1 | True  True 00 ( 1076,  879)   6   825  1156
[254] [    18487837] 1 | True  True 00 ( 1053,  879)   4   733  1168
[255] [    18500334] 1 | True  True 00 ( 1032,  877)   4   730  1056
[  0] [    18512835] 1 | True  True 00 ( 1012,  875)   4   742   876
[  1] [    18525337] 1 | True  True 00 (  991,  871)   5   761  1216
[  2] [    18537855] 1 | True  True 00 (  968,  865)   4   653  1444
[  3] [    18550357] 1 | True  True 00 (  947,  858)   4   672  1612
[  4] [    18562839] 1 | True  True 00 (  927,  849)   4   658  1456
[  5] [    18575354] 1 | True  True 00 (  910,  839)   4   673  1232
[  6] [    18587843] 1 | True  True 00 (  892,  827)   4   677   988
[  7] [    18600340] 1 | True  True 00 (  873,  814)   4   653  1056
[  8] [    18612834] 1 | True  True 00 (  853,  799)   5   720  1192
[  9] [    18625338] 1 | True  True 00 (  835,  783)   5   716  1412
[ 10] [    18637833] 1 | True  True 00 (  820,  766)   3   619  1552
[ 11] [    18650333] 1 | True  True 00 (  808,  748)   3   602  1440
[ 12] [    18662814] 1 | True  True 00 (  796,  730)   4   685  1168
[ 13] [    18675312] 1 | True  True 00 (  785,  712)   4   689   824
[ 14] [    18687812] 1 | True  True 00 (  775,  691)   4   690   920
[ 15] [    18700317] 1 | True  True 00 (  768,  668)   5   728  1072
[ 16] [    18712815] 1 | True  True 00 (  763,  648)   4   645  1072
[ 17] [    18725331] 1 | True  True 00 (  757,  628)   4   663   972
[ 18] [    18737835] 1 | True  True 00 (  753,  605)   5   799   836
[ 19] [    18750351] 1 | True  True 00 (  750,  582)   4   695   956
[ 20] [    18762834] 1 | True  True 00 (  749,  560)   4   607   916
[ 21] [    18775352] 1 | True  True 00 (  751,  538)   4   712  1280
[ 22] [    18787854] 1 | True  True 00 (  752,  516)   5   825  1068
[ 23] [    18800336] 1 | True  True 00 (  754,  493)   4   655   744
[ 24] [    18812830] 1 | True  True 00 (  759,  471)   5   783  1116
[ 25] [    18825331] 1 | True  True 00 (  764,  451)   4   743  1428
[ 26] [    18837833] 1 | True  True 00 (  772,  431)   4   688  1672
[ 27] [    18850330] 1 | True  True 00 (  780,  410)   4   698  1588
[ 28] [    18862851] 1 | True  True 00 (  788,  391)   4   678  1288
[ 29] [    18875353] 1 | True  True 00 (  800,  372)   4   686   956
[ 30] [    18887855] 1 | True  True 00 (  816,  353)   4   702   928
[ 31] [    18900358] 1 | True  True 00 (  832,  336)   4   673  1068
[ 32] [    18912855] 1 | True  True 00 (  848,  319)   3   612  1392
[ 33] [    18925372] 1 | True  True 00 (  863,  305)   4   670  1560
[ 34] [    18937878] 1 | True  True 00 (  879,  291)   4   686  1476
[ 35] [    18950372] 1 | True  True 00 (  899,  279)   4   659  1124
[ 36] [    18962878] 1 | True  True 00 (  921,  269)   4   703  1060
[ 37] [    18975392] 1 | True  True 00 (  943,  261)   4   720  1248
[ 38] [    18987874] 1 | True  True 00 (  964,  253)   4   696  1332
[ 39] [    19000374] 1 | True  True 00 (  985,  247)   4   665  1232
[ 40] [    19012873] 1 | True  True 00 ( 1007,  243)   4   698   976
[ 41] [    19025371] 1 | True  True 00 ( 1031,  239)   4   718   940
[ 42] [    19037876] 1 | True  True 00 ( 1054,  237)   4   735  1220
[ 43] [    19050394] 1 | True  True 00 ( 1074,  237)   4   699  1336
[ 44] [    19062897] 1 | True  True 00 ( 1096,  237)   4   658  1232
[ 45] [    19075391] 1 | True  True 00 ( 1119,  239)   4   707  1012
[ 46] [    19087894] 1 | True  True 00 ( 1143,  243)   4   731  1240
[ 47] [    19100397] 1 | True  True 00 ( 1165,  248)   4   721  1572
[ 48] [    19112871] 1 | True  True 00 ( 1184,  254)   4   686  1692
[ 49] [    19125371] 1 | True  True 00 ( 1203,  261)   5   762  1588
[ 50] [    19137871] 1 | True  True 00 ( 1224,  270)   4   713  1272
[ 51] [    19150371] 1 | True  True 00 ( 1245,  281)   4   735   992
[ 52] [    19162851] 1 | True  True 00 ( 1264,  294)   4   756   964
[ 53] [    19175335] 1 | True  True 00 ( 1281,  308)   4   761  1228
[ 54] [    19187831] 1 | True  True 00 ( 1296,  324)   4   762  1564
[ 55] [    19200306] 1 | True  True 00 ( 1309,  338)   4   696  1672
[ 56] [    19212804] 1 | True  True 00 ( 1322,  355)   6   818  1548
[ 57] [    19225310] 1 | True  True 00 ( 1335,  375)   5   818  1332
[ 58] [    19237785] 1 | True  True 00 ( 1346,  394)   5   777   964
[ 59] [    19250284] 1 | True  True 00 ( 1359,  415)   5   804  1008
[ 60] [    19262764] 1 | True  True 00 ( 1371,  434)   4   650   968
[ 61] [    19275266] 1 | True  True 00 ( 1381,  454)   5   796  1272
[ 62] [    19287770] 1 | True  True 00 ( 1387,  475)   4   805  1140
[ 63] [    19300264] 1 | True  True 00 ( 1392,  499)   4   663   696
[ 64] [    19312767] 1 | True  True 00 ( 1396,  525)   4   663  1020
[ 65] [    19325249] 1 | True  True 00 ( 1398,  548)   5   795  1272
[ 66] [    19337742] 1 | True  True 00 ( 1399,  569)   5   747  1140
[ 67] [    19350227] 1 | True  True 00 ( 1397,  590)   4   729  1004
[ 68] [    19362723] 1 | True  True 00 ( 1394,  613)   4   693   884
[ 69] [    19375224] 1 | True  True 00 ( 1388,  637)   4   691  1256
[ 70] [    19387727] 1 | True  True 00 ( 1379,  658)   4   712  1548
[ 71] [    19400223] 1 | True  True 00 ( 1367,  679)   5   748  1652
[ 72] [    19412727] 1 | True  True 00 ( 1356,  699)   4   710  1548
[ 73] [    19425224] 1 | True  True 00 ( 1346,  718)   4   744  1224
[ 74] [    19437722] 1 | True  True 00 ( 1334,  738)   4   754  1012
[ 75] [    19450226] 1 | True  True 00 ( 1323,  756)   4   743  1044
[ 76] [    19462723] 1 | True  True 00 ( 1311,  773)   4   735  1176
[ 77] [    19475226] 1 | True  True 00 ( 1296,  788)   5   734  1468
[ 78] [    19487723] 1 | True  True 00 ( 1276,  804)   5   748  1676
[ 79] [    19500221] 1 | True  True 00 ( 1257,  817)   4   711  1544
[ 80] [    19512726] 1 | True  True 00 ( 1240,  829)   4   724  1248
[ 81] [    19525223] 1 | True  True 00 ( 1222,  840)   4   723   932
[ 82] [    19537721] 1 | True  True 00 ( 1202,  850)   4   715  1108
[ 83] [    19550225] 1 | True  True 00 ( 1178,  859)   4   729  1256
[ 84] [    19562722] 1 | True  True 00 ( 1156,  866)   4   758  1092
[ 85] [    19575225] 1 | True  True 00 ( 1135,  872)   4   745   860
[ 86] [    19587742] 1 | True  True 00 ( 1114,  875)   4   739   856
[ 87] [    19600241] 1 | True  True 00 ( 1090,  878)   5   735  1080
[ 88] [    19612740] 1 | True  True 00 ( 1066,  880)   4   719  1124
[ 89] [    19625240] 1 | True  True 00 ( 1044,  879)   4   740  1112
[ 90] [    19637739] 1 | True  True 00 ( 1023,  877)   4   725   968
[ 91] [    19650239] 1 | True  True 00 ( 1002,  873)   4   700  1004
[ 92] [    19662740] 1 | True  True 00 (  979,  868)   4   669  1316
[ 93] [    19675219] 1 | True  True 00 (  955,  862)   3   628  1544
[ 94] [    19687723] 1 | True  True 00 (  935,  854)   5   716  1512
[ 95] [    19700239] 1 | True  True 00 (  917,  844)   4   660  1344
[ 96] [    19712738] 1 | True  True 00 (  900,  834)   4   699  1088
[ 97] [    19725243] 1 | True  True 00 (  882,  822)   4   679  1084
[ 98] [    19737741] 1 | True  True 00 (  863,  808)   5   704  1068
[ 99] [    19750242] 1 | True  True 00 (  844,  792)   4   647  1248
[100] [    19762742] 1 | True  True 00 (  827,  775)   3   613  1508
[101] [    19775262] 1 | True  True 00 (  813,  758)   4   640  1484
[102] [    19787756] 1 | True  True 00 (  801,  740)   4   674  1344
[103] [    19800259] 1 | True  True 00 (  790,  722)   4   682  1028
[104] [    19812763] 1 | True  True 00 (  780,  702)   4   683   756
[105] [    19825257] 1 | True  True 00 (  771,  680)   5   731   988
[106] [    19837759] 1 | True  True 00 (  765,  657)   6   797  1140
[107] [    19850262] 1 | True  True 00 (  759,  638)   3   565  1016
[108] [    19862757] 1 | True  True 00 (  755,  617)   4   689   904
[109] [    19875259] 1 | True  True 00 (  752,  594)   5   818   916
[110] [    19887762] 1 | True  True 00 (  749,  569)   5   805  1140
[111] [    19900276] 1 | True  True 00 (  749,  547)   4   636  1028
[112] [    19912775] 1 | True  True 00 (  749,  525)   5   839  1208
[113] [    19925276] 1 | True  True 00 (  751,  504)   4   743  1000
[114] [    19937795] 1 | True  True 00 (  755,  480)   4   649   956
[115] [    19950301] 1 | True  True 00 (  761,  457)   4   679  1288
[116] [    19962820] 1 | True  True 00 (  768,  436)   3   616  1572
[117] [    19975315] 1 | True  True 00 (  776,  416)   3   628  1616
[118] [    19987836] 1 | True  True 00 (  784,  398)   6   791  1416
[119] [    20000319] 1 | True  True 00 (  795,  380)   5   741  1200
[120] [    20012816] 1 | True  True 00 (  808,  363)   4   697   944
[121] [    20025319] 1 | True  True 00 (  823,  345)   4   701   928
[122] [    20037822] 1 | True  True 00 (  840,  329)   4   690  1308
[123] [    20050296] 1 | True  True 00 (  856,  313)   4   654  1504
[124] [    20062798] 1 | True  True 00 (  871,  298)   5   682  1532
[125] [    20075314] 1 | True  True 00 (  890,  285)   4   652  1352
[126] [    20087835] 1 | True  True 00 (  911,  275)   4   683  1040
[127] [    20100337] 1 | True  True 00 (  933,  265)   4   712  1176
[128] [    20112840] 1 | True  True 00 (  954,  257)   4   698  1260
[129] [    20125342] 1 | True  True 00 (  973,  250)   4   682  1276
[130] [    20137840] 1 | True  True 00 (  994,  244)   4   678  1104
[131] [    20150338] 1 | True  True 00 ( 1017,  240)   4   705   888
[132] [    20162843] 1 | True  True 00 ( 1041,  238)   4   727  1088
[133] [    20175340] 1 | True  True 00 ( 1064,  237)   4   707  1264
[134] [    20187837] 1 | True  True 00 ( 1085,  237)   5   752  1380
[135] [    20200341] 1 | True  True 00 ( 1107,  239)   5   762  1204
[136] [    20212860] 1 | True  True 00 ( 1130,  241)   4   734  1044
[137] [    20225359] 1 | True  True 00 ( 1153,  245)   4   732  1332
[138] [    20237858] 1 | True  True 00 ( 1174,  250)   3   655  1664
[139] [    20250357] 1 | True  True 00 ( 1193,  256)   5   749  1692
[140] [    20262877] 1 | True  True 00 ( 1213,  265)   5   761  1480
[141] [    20275360] 1 | True  True 00 ( 1235,  275)   4   734  1072
[142] [    20287880] 1 | True  True 00 ( 1254,  287)   4   748   992
[143] [    20300375] 1 | True  True 00 ( 1273,  300)   4   764   980
[144] [    20312878] 1 | True  True 00 ( 1289,  315)   4   769  1396
[145] [    20325379] 1 | True  True 00 ( 1303,  331)   5   761  1656
[146] [    20337881] 1 | True  True 00 ( 1317,  345)   4   685  1688
[147] [    20350376] 1 | True  True 00 ( 1328,  364)   5   793  1424
[148] [    20362860] 1 | True  True 00 ( 1342,  385)   4   775  1136
[149] [    20375357] 1 | True  True 00 ( 1356,  405)   4   728   948
[150] [    20387857] 1 | True  True 00 ( 1366,  425)   5   755  1052
[151] [    20400358] 1 | True  True 00 ( 1373,  444)   6   799  1128
[152] [    20412879] 1 | True  True 00 ( 1381,  466)   4   794  1240
[153] [    20425374] 1 | True  True 00 ( 1386,  487)   5   833   980
[154] [    20437876] 1 | True  True 00 ( 1390,  510)   5   767   888
[155] [    20450380] 1 | True  True 00 ( 1394,  531)   4   792  1124
[156] [    20462874] 1 | True  True 00 ( 1396,  555)   4   671  1124
[157] [    20475376] 1 | True  True 00 ( 1396,  579)   4   721  1020
[158] [    20487879] 1 | True  True 00 ( 1394,  601)   5   784   944
[159] [    20500374] 1 | True  True 00 ( 1390,  625)   4   723  1108
[160] [    20512876] 1 | True  True 00 ( 1383,  647)   4   690  1356
[161] [    20525379] 1 | True  True 00 ( 1374,  667)   5   744  1548
[162] [    20537893] 1 | True  True 00 ( 1364,  688)   3   619  1580
[163] [    20550392] 1 | True  True 00 ( 1353,  708)   4   725  1388
[164] [    20562892] 1 | True  True 00 ( 1341,  727)   4   762   988
[165] [    20575392] 1 | True  True 00 ( 1330,  746)   4   728  1056
[166] [    20587892] 1 | True  True 00 ( 1318,  764)   4   735  1072
[167] [    20600412] 1 | True  True 00 ( 1305,  780)   4   717  1308
[168] [    20612918] 1 | True  True 00 ( 1286,  796)   5   750  1572
[169] [    20625413] 1 | True  True 00 ( 1267,  810)   3   646  1688
[170] [    20637917] 1 | True  True 00 ( 1249,  823)   4   744  1412
[171] [    20650414] 1 | True  True 00 ( 1230,  835)   4   756  1116
[172] [    20662914] 1 | True  True 00 ( 1212,  845)   4   712   992
[173] [    20675411] 1 | True  True 00 ( 1190,  854)   5   752  1180
[174] [    20687917] 1 | True  True 00 ( 1166,  862)   4   763  1168
[175] [    20700413] 1 | True  True 00 ( 1144,  868)   4   760   976
[176] [    20712895] 1 | True  True 00 ( 1124,  874)   4   730   784
[177] [    20725395] 1 | True  True 00 ( 1102,  877)   5   754   952
[178] [    20737914] 1 | True  True 00 ( 1076,  879)   5   765  1156
[179] [    20750410] 1 | True  True 00 ( 1052,  879)   4   740  1124
[180] [    20762896] 1 | True  True 00 ( 1031,  878)   4   744  1040
[181] [    20775415] 1 | True  True 00 ( 1011,  875)   4   742   904
[182] [    20787909] 1 | True  True 00 (  991,  872)   5   747  1132
[183] [    20800393] 1 | True  True 00 (  968,  866)   4   668  1472
[184] [    20812893] 1 | True  True 00 (  946,  858)   3   613  1556
[185] [    20825373] 1 | True  True 00 (  927,  849)   5   688  1416
[186] [    20837875] 1 | True  True 00 (  909,  839)   4   694  1244
[187] [    20850369] 1 | True  True 00 (  892,  828)   4   670   988
[188] [    20862851] 1 | True  True 00 (  874,  816)   4   664  1096
[189] [    20875350] 1 | True  True 00 (  853,  801)   6   743  1112
[190] [    20887850] 1 | True  True 00 (  835,  784)   3   614  1388
[191] [    20900329] 1 | True  True 00 (  819,  766)   3   606  1536
[192] [    20912833] 1 | True  True 00 (  806,  749)   3   598  1428
[193] [    20925330] 1 | True  True 00 (  795,  731)   4   684  1180
[194] [    20937832] 1 | True  True 00 (  785,  712)   4   699   864
[195] [    20950330] 1 | True  True 00 (  776,  691)   4   697   932
[196] [    20962813] 1 | True  True 00 (  769,  670)   4   648  1016
[197] [    20975309] 1 | True  True 00 (  762,  649)   4   673  1084
[198] [    20987803] 1 | True  True 00 (  757,  630)   3   610   988
[199] [    21000308] 1 | True  True 00 (  753,  608)   4   697   848
[200] [    21012804] 1 | True  True 00 (  751,  584)   5   790  1000
[201] [    21025309] 1 | True  True 00 (  748,  559)   4   645  1156
[202] [    21037781] 1 | True  True 00 (  749,  537)   4   612  1000
[203] [    21050284] 1 | True  True 00 (  749,  514)   4   700   916
[204] [        9019] 1 | True  True 00 (  751,  493)   4   761   860
[205] [       21505] 1 | True  True 00 (  757,  470)   4   678  1116
[206] [       34004] 1 | True  True 00 (  764,  448)   3   652  1444
[207] [       46503] 1 | True  True 00 (  771,  430)   5   751  1616
[208] [       59023] 1 | True  True 00 (  778,  411)   3   639  1572
[209] [       71518] 1 | True  True 00 (  787,  392)   4   699  1300
[210] [       84024] 1 | True  True 00 (  799,  373)   4   697  1000
[211] [       96540] 1 | True  True 00 (  814,  354)   4   702   944
[212] [      109040] 1 | True  True 00 (  831,  337)   4   690  1096
[213] [      121520] 1 | True  True 00 (  847,  321)   4   669  1380
[214] [      134017] 1 | True  True 00 (  863,  306)   4   644  1548
[215] [      146521] 1 | True  True 00 (  879,  292)   5   701  1464
[216] [      159038] 1 | True  True 00 (  899,  280)   3   621  1180
[217] [      171539] 1 | True  True 00 (  921,  270)   4   703  1032
[218] [      184041] 1 | True  True 00 (  942,  262)   4   693  1188
[219] [      196559] 1 | True  True 00 (  962,  254)   4   713  1348
[220] [      209061] 1 | True  True 00 (  982,  248)   4   665  1232
[221] [      221563] 1 | True  True 00 ( 1004,  243)   4   690   976
[222] [      234067] 1 | True  True 00 ( 1029,  240)   4   685   896
[223] [      246584] 1 | True  True 00 ( 1052,  238)   4   705  1160
[224] [      259082] 1 | True  True 00 ( 1073,  237)   4   696  1292
[225] [      271607] 1 | True  True 00 ( 1094,  238)   4   684  1276
[226] [      284101] 1 | True  True 00 ( 1118,  240)   4   714  1072
[227] [      296620] 1 | True  True 00 ( 1142,  244)   4   715  1208
[228] [      309107] 1 | True  True 00 ( 1164,  248)   4   710  1496
[229] [      321602] 1 | True  True 00 ( 1184,  254)   4   695  1756
[230] [      334104] 1 | True  True 00 ( 1203,  261)   5   759  1588
[231] [      346587] 1 | True  True 00 ( 1224,  270)   3   654  1284
[232] [      359100] 1 | True  True 00 ( 1245,  280)   4   750  1036
[233] [      371602] 1 | True  True 00 ( 1264,  292)   4   767   992
[234] [      384085] 1 | True  True 00 ( 1281,  307)   4   756  1148
[235] [      396579] 1 | True  True 00 ( 1296,  322)   5   787  1516
[236] [      409085] 1 | True  True 00 ( 1309,  339)   5   797  1732
[237] [      421579] 1 | True  True 00 ( 1321,  359)   6   842  1516
[238] [      434065] 1 | True  True 00 ( 1334,  378)   6   856  1304
[239] [      446562] 1 | True  True 00 ( 1347,  395)   4   720   996
[240] [      459059] 1 | True  True 00 ( 1360,  413)   4   694   888
[241] [      471544] 1 | True  True 00 ( 1372,  433)   4   773  1200
[242] [      484040] 1 | True  True 00 ( 1380,  454)   6   856  1212
[243] [      496536] 1 | True  True 00 ( 1386,  476)   6   861   964
[244] [      509019] 1 | True  True 00 ( 1391,  498)   5   842   924
[245] [      521514] 1 | True  True 00 ( 1394,  520)   4   744  1020
[246] [      534019] 1 | True  True 00 ( 1397,  544)   4   706  1244
[247] [      546515] 1 | True  True 00 ( 1397,  565)   6   840  1124
[248] [      558999] 1 | True  True 00 ( 1395,  587)   6   835   976
[249] [      571500] 1 | True  True 00 ( 1393,  610)   4   745   900
[250] [      583979] 1 | True  True 00 ( 1388,  633)   4   700  1224
[251] [      596453] 1 | True  True 00 ( 1380,  655)   4   684  1476
[252] [      608951] 1 | True  True 00 ( 1369,  676)   5   749  1668
[253] [      621417] 1 | True  True 00 ( 1358,  696)   4   725  1592
[254] [      633892] 1 | True  True 00 ( 1347,  715)   4   762  1300
[255] [      646367] 1 | True  True 00 ( 1336,  735)   4   747  1028
[  0] [      658868] 1 | True  True 00 ( 1325,  753)   4   729  1044
[  1] [      671347] 1 | True  True 00 ( 1311,  771)   4   716  1188
[  2] [      683849] 1 | True  True 00 ( 1295,  787)   5   749  1484
[  3] [      696332] 1 | True  True 00 ( 1275,  802)   5   752  1688
[  4] [      708825] 1 | True  True 00 ( 1256,  815)   4   714  1528
[  5] [      721332] 1 | True  True 00 ( 1238,  828)   4   750  1276
[  6] [      733825] 1 | True  True 00 ( 1221,  840)   4   745   932
[  7] [      746311] 1 | True  True 00 ( 1202,  850)   4   711  1092
[  8] [      758808] 1 | True  True 00 ( 1179,  858)   4   717  1240
[  9] [      771305] 1 | True  True 00 ( 1156,  865)   4   751  1092
[ 10] [      783810] 1 | True  True 00 ( 1135,  871)   4   735   844
[ 11] [      796307] 1 | True  True 00 ( 1114,  875)   4   714   808
[ 12] [      808809] 1 | True  True 00 ( 1091,  878)   5   756  1040
[ 13] [      821307] 1 | True  True 00 ( 1066,  879)   4   730  1168
[ 14] [      833804] 1 | True  True 00 ( 1044,  879)   4   736  1124
[ 15] [      846289] 1 | True  True 00 ( 1023,  877)   4   732   984
[ 16] [      858786] 1 | True  True 00 ( 1003,  873)   4   700   976
[ 17] [      871281] 1 | True  True 00 (  981,  869)   3   628  1288
[ 18] [      883786] 1 | True  True 00 (  958,  863)   4   672  1556
[ 19] [      896281] 1 | True  True 00 (  937,  856)   4   666  1512
[ 20] [      908779] 1 | True  True 00 (  919,  846)   4   664  1388
[ 21] [      921263] 1 | True  True 00 (  901,  835)   4   689  1048
[ 22] [      933760] 1 | True  True 00 (  883,  823)   4   683  1056
[ 23] [      946244] 1 | True  True 00 (  865,  810)   4   666  1056
[ 24] [      958738] 1 | True  True 00 (  845,  794)   5   720  1276
[ 25] [      971225] 1 | True  True 00 (  828,  776)   3   610  1468
[ 26] [      983720] 1 | True  True 00 (  813,  759)   3   601  1496
[ 27] [      996203] 1 | True  True 00 (  800,  742)   4   680  1344
[ 28] [     1008696] 1 | True  True 00 (  790,  723)   4   681  1028
[ 29] [     1021203] 1 | True  True 00 (  780,  703)   4   690   768
[ 30] [     1033696] 1 | True  True 00 (  772,  683)   4   689   976
[ 31] [     1046183] 1 | True  True 00 (  765,  660)   4   675  1096
[ 32] [     1058678] 1 | True  True 00 (  760,  637)   4   746  1112
[ 33] [     1071161] 1 | True  True 00 (  754,  615)   4   681   876
[ 34] [     1083657] 1 | True  True 00 (  751,  593)   4   712   844
[ 35] [     1096152] 1 | True  True 00 (  749,  572)   4   689  1000
[ 36] [     1108654] 1 | True  True 00 (  747,  550)   4   668  1168
[ 37] [     1121151] 1 | True  True 00 (  749,  529)   4   691  1208
[ 38] [     1133652] 1 | True  True 00 (  751,  506)   4   673   804
[ 39] [     1146133] 1 | True  True 00 (  754,  485)   4   765   928
[ 40] [     1158629] 1 | True  True 00 (  761,  459)   4   629  1288
[ 41] [     1171115] 1 | True  True 00 (  767,  440)   4   740  1560
[ 42] [     1183595] 1 | True  True 00 (  775,  422)   4   695  1588
[ 43] [     1196090] 1 | True  True 00 (  782,  402)   6   785  1416
[ 44] [     1208572] 1 | True  True 00 (  792,  383)   5   723  1144
[ 45] [     1221051] 1 | True  True 00 (  806,  365)   4   696   956
[ 46] [     1233554] 1 | True  True 00 (  822,  347)   4   714   944
[ 47] [     1246049] 1 | True  True 00 (  839,  330)   4   684  1268
[ 48] [     1258552] 1 | True  True 00 (  855,  314)   4   662  1504
[ 49] [     1271034] 1 | True  True 00 (  870,  300)   4   633  1576
[ 50] [     1283527] 1 | True  True 00 (  887,  287)   4   673  1352
[ 51] [     1296031] 1 | True  True 00 (  908,  276)   4   662  1056
[ 52] [     1308505] 1 | True  True 00 (  929,  267)   4   707  1132
[ 53] [     1321002] 1 | True  True 00 (  951,  259)   4   685  1220
[ 54] [     1333489] 1 | True  True 00 (  970,  251)   4   686  1320
[ 55] [     1345988] 1 | True  True 00 (  991,  246)   4   673  1160
[ 56] [     1358507] 1 | True  True 00 ( 1014,  241)   4   691   876
[ 57] [     1371002] 1 | True  True 00 ( 1038,  238)   4   716  1044
[ 58] [     1383508] 1 | True  True 00 ( 1061,  237)   4   732  1276
[ 59] [     1396006] 1 | True  True 00 ( 1080,  236)   5   742  1324
[ 60] [     1408501] 1 | True  True 00 ( 1104,  238)   5   756  1160
[ 61] [     1420987] 1 | True  True 00 ( 1127,  240)   4   745  1000
[ 62] [     1433487] 1 | True  True 00 ( 1150,  244)   4   742  1360
[ 63] [     1445986] 1 | True  True 00 ( 1173,  249)   3   651  1632
[ 64] [     1458465] 1 | True  True 00 ( 1192,  256)   5   747  1664
[ 65] [     1470968] 1 | True  True 00 ( 1212,  264)   5   759  1452
[ 66] [     1483463] 1 | True  True 00 ( 1233,  274)   4   720  1136
[ 67] [     1495946] 1 | True  True 00 ( 1253,  285)   4   736   964
[ 68] [     1508440] 1 | True  True 00 ( 1272,  299)   4   757   964
[ 69] [     1520927] 1 | True  True 00 ( 1288,  313)   4   742  1304
[ 70] [     1533404] 1 | True  True 00 ( 1303,  329)   4   724  1640
[ 71] [     1545900] 1 | True  True 00 ( 1316,  346)   5   785  1672
[ 72] [     1558376] 1 | True  True 00 ( 1329,  364)   5   769  1488
[ 73] [     1570875] 1 | True  True 00 ( 1342,  382)   5   765  1164
[ 74] [     1583354] 1 | True  True 00 ( 1353,  401)   5   768   980
[ 75] [     1595855] 1 | True  True 00 ( 1365,  421)   4   692   948
[ 76] [     1608354] 1 | True  True 00 ( 1373,  441)   6   789  1144
[ 77] [     1620834] 1 | True  True 00 ( 1382,  463)   5   711  1012
[ 78] [     1633336] 1 | True  True 00 ( 1388,  487)   4   676   852
[ 79] [     1645817] 1 | True  True 00 ( 1394,  510)   4   779   888
[ 80] [     1658316] 1 | True  True 00 ( 1397,  532)   4   788  1168
[ 81] [     1670796] 1 | True  True 00 ( 1399,  555)   4   690  1184
[ 82] [     1683299] 1 | True  True 00 ( 1398,  576)   5   771  1048
[ 83] [     1695775] 1 | True  True 00 ( 1396,  599)   4   744   904
[ 84] [     1708249] 1 | True  True 00 ( 1392,  622)   4   716  1048
[ 85] [     1720754] 1 | True  True 00 ( 1386,  645)   5   742  1344
[ 86] [     1733250] 1 | True  True 00 ( 1376,  665)   5   748  1580
[ 87] [     1745727] 1 | True  True 00 ( 1365,  686)   5   745  1668
[ 88] [     1758228] 1 | True  True 00 ( 1354,  705)   4   729  1432
[ 89] [     1770708] 1 | True  True 00 ( 1343,  725)   4   739  1048
[ 90] [     1783190] 1 | True  True 00 ( 1331,  744)   4   757  1056
[ 91] [     1795689] 1 | True  True 00 ( 1319,  762)   4   736  1056
[ 92] [     1808188] 1 | True  True 00 ( 1306,  778)   5   753  1264
[ 93] [     1820668] 1 | True  True 00 ( 1288,  794)   5   757  1644
[ 94] [     1833152] 1 | True  True 00 ( 1269,  809)   3   627  1644
[ 95] [     1845648] 1 | True  True 00 ( 1251,  822)   4   730  1456
[ 96] [     1858142] 1 | True  True 00 ( 1234,  833)   4   728  1160
[ 97] [     1870621] 1 | True  True 00 ( 1215,  844)   4   734  1008
[ 98] [     1883128] 1 | True  True 00 ( 1193,  853)   6   809  1180
[ 99] [     1895627] 1 | True  True 00 ( 1169,  861)   4   734  1168
[100] [     1908127] 1 | True  True 00 ( 1147,  868)   4   744  1008
[101] [     1920624] 1 | True  True 00 ( 1127,  873)   4   744   812
[102] [     1933101] 1 | True  True 00 ( 1105,  877)   4   703   912
[103] [     1945600] 1 | True  True 00 ( 1081,  879)   6   797  1108
[104] [     1958080] 1 | True  True 00 ( 1057,  879)   4   722  1124
[105] [     1970563] 1 | True  True 00 ( 1036,  878)   4   729  1056
[106] [     1983042] 1 | True  True 00 ( 1015,  875)   4   711   896
[107] [     1995520] 1 | True  True 00 (  995,  872)   4   703  1060
[108] [     2008016] 1 | True  True 00 (  973,  866)   4   668  1416
[109] [     2020495] 1 | True  True 00 (  950,  860)   3   621  1572
[110] [     2032993] 1 | True  True 00 (  931,  851)   4   634  1444
[111] [     2045498] 1 | True  True 00 (  913,  842)   4   649  1232
[112] [     2057993] 1 | True  True 00 (  896,  831)   4   698  1000
[113] [     2070497] 1 | True  True 00 (  877,  818)   4   664  1028
[114] [     2082993] 1 | True  True 00 (  857,  802)   6   743  1056
[115] [     2095457] 1 | True  True 00 (  838,  786)   4   660  1388
[116] [     2107960] 1 | True  True 00 (  823,  768)   3   603  1552
[117] [     2120434] 1 | True  True 00 (  810,  751)   3   598  1496
[118] [     2132934] 1 | True  True 00 (  798,  733)   4   699  1276
[119] [     2145433] 1 | True  True 00 (  787,  715)   4   691   904
[120] [     2157913] 1 | True  True 00 (  777,  694)   4   698   892
[121] [     2170417] 1 | True  True 00 (  770,  673)   5   731  1056
[122] [     2182894] 1 | True  True 00 (  763,  651)   4   674  1072
[123] [     2195390] 1 | True  True 00 (  758,  633)   4   625  1016
[124] [     2207874] 1 | True  True 00 (  754,  610)   4   743   836
[125] [     2220371] 1 | True  True 00 (  750,  588)   4   629   804
[126] [     2232870] 1 | True  True 00 (  749,  565)   4   606   928
[127] [     2245348] 1 | True  True 00 (  749,  542)   5   778  1252
[128] [     2257831] 1 | True  True 00 (  751,  519)   4   622   916
[129] [     2270329] 1 | True  True 00 (  753,  495)   4   680   728
[130] [     2282832] 1 | True  True 00 (  756,  474)   4   752  1072
[131] [     2295328] 1 | True  True 00 (  761,  455)   5   793  1372
[132] [     2307811] 1 | True  True 00 (  768,  436)   5   753  1600
[133] [     2320305] 1 | True  True 00 (  776,  415)   5   756  1616
[134] [     2332791] 1 | True  True 00 (  784,  395)   4   677  1300
[135] [     2345287] 1 | True  True 00 (  797,  377)   5   755  1056
[136] [     2357790] 1 | True  True 00 (  812,  358)   4   698   956
[137] [     2370287] 1 | True  True 00 (  829,  339)   4   695  1084
[138] [     2382790] 1 | True  True 00 (  845,  323)   4   669  1364
[139] [     2395286] 1 | True  True 00 (  861,  308)   4   662  1548
[140] [     2407789] 1 | True  True 00 (  877,  294)   5   710  1504
[141] [     2420286] 1 | True  True 00 (  897,  281)   4   678  1224
[142] [     2432789] 1 | True  True 00 (  918,  271)   4   674   988
[143] [     2445286] 1 | True  True 00 (  939,  262)   4   716  1160
[144] [     2457784] 1 | True  True 00 (  960,  254)   4   709  1332
[145] [     2470288] 1 | True  True 00 (  978,  248)   5   726  1260
[146] [     2482786] 1 | True  True 00 ( 1000,  244)   4   671  1032
[147] [     2495288] 1 | True  True 00 ( 1024,  241)   4   713   896
[148] [     2507805] 1 | True  True 00 ( 1047,  238)   4   705  1100
[149] [     2520304] 1 | True  True 00 ( 1069,  237)   4   718  1336
[150] [     2532783] 1 | True  True 00 ( 1090,  238)   4   689  1308
[151] [     2545267] 1 | True  True 00 ( 1114,  239)   4   715  1088
[152] [     2557762] 1 | True  True 00 ( 1137,  242)   4   715  1072
[153] [     2570246] 1 | True  True 00 ( 1160,  247)   4   717  1452
[154] [     2582743] 1 | True  True 00 ( 1180,  253)   3   655  1708
[155] [     2595240] 1 | True  True 00 ( 1198,  260)   5   750  1632
[156] [     2607722] 1 | True  True 00 ( 1219,  269)   4   720  1316
[157] [     2620222] 1 | True  True 00 ( 1241,  279)   4   739  1024
[158] [     2632741] 1 | True  True 00 ( 1260,  290)   4   752  1024
[159] [     2645243] 1 | True  True 00 ( 1278,  304)   4   748  1104
[160] [     2657761] 1 | True  True 00 ( 1294,  319)   4   765  1532
[161] [     2670243] 1 | True  True 00 ( 1308,  335)   4   700  1624
[162] [     2682761] 1 | True  True 00 ( 1321,  353)   6   833  1640
[163] [     2695264] 1 | True  True 00 ( 1333,  373)   6   871  1348
[164] [     2707739] 1 | True  True 00 ( 1345,  394)   5   836  1044
[165] [     2720243] 1 | True  True 00 ( 1355,  415)   5   857  1128
[166] [     2732760] 1 | True  True 00 ( 1365,  435)   5   798  1188
[167] [     2745256] 1 | True  True 00 ( 1374,  454)   5   790  1172
[168] [     2757759] 1 | True  True 00 ( 1381,  474)   5   817  1096
[169] [     2770242] 1 | True  True 00 ( 1388,  496)   4   738   852
[170] [     2782738] 1 | True  True 00 ( 1392,  519)   4   733   960
[171] [     2795241] 1 | True  True 00 ( 1395,  538)   4   791  1196
[172] [     2807738] 1 | True  True 00 ( 1396,  559)   5   790  1168
[173] [     2820241] 1 | True  True 00 ( 1396,  582)   4   743  1032
[174] [     2832738] 1 | True  True 00 ( 1393,  606)   4   733   900
[175] [     2845263] 1 | True  True 00 ( 1388,  630)   5   768  1196
[176] [     2857737] 1 | True  True 00 ( 1381,  652)   4   705  1460
[177] [     2870243] 1 | True  True 00 ( 1370,  674)   5   760  1640
[178] [     2882761] 1 | True  True 00 ( 1359,  694)   3   667  1592
[179] [     2895258] 1 | True  True 00 ( 1348,  714)   4   748  1284
[180] [     2907780] 1 | True  True 00 ( 1337,  734)   4   769  1044
[181] [     2920282] 1 | True  True 00 ( 1326,  752)   4   765  1088
[182] [     2932778] 1 | True  True 00 ( 1314,  770)   4   739  1160
[183] [     2945302] 1 | True  True 00 ( 1299,  785)   5   735  1396
[184] [     2957802] 1 | True  True 00 ( 1280,  800)   5   741  1616
[185] [     2970322] 1 | True  True 00 ( 1261,  814)   4   736  1616
[186] [     2982817] 1 | True  True 00 ( 1243,  827)   4   735  1352
[187] [     2995339] 1 | True  True 00 ( 1225,  838)   4   731   984
[188] [     3007838] 1 | True  True 00 ( 1206,  848)   5   787  1080
[189] [     3020337] 1 | True  True 00 ( 1182,  857)   5   753  1180
[190] [     3032837] 1 | True  True 00 ( 1159,  865)   4   741  1108
[191] [     3045336] 1 | True  True 00 ( 1138,  871)   4   753   904
[192] [     3057856] 1 | True  True 00 ( 1117,  875)   4   728   824
[193] [     3070362] 1 | True  True 00 ( 1095,  878)   4   701  1024
[194] [     3082860] 1 | True  True 00 ( 1070,  879)   4   723  1196
[195] [     3095376] 1 | True  True 00 ( 1047,  879)   4   747  1112
[196] [     3107877] 1 | True  True 00 ( 1025,  878)   4   733   956
[197] [     3120379] 1 | True  True 00 ( 1005,  874)   4   713   948
[198] [     3132876] 1 | True  True 00 (  984,  870)   3   621  1232
[199] [     3145397] 1 | True  True 00 (  961,  864)   3   618  1556
[200] [     3157899] 1 | True  True 00 (  940,  857)   3   620  1556
[201] [     3170401] 1 | True  True 00 (  921,  847)   4   660  1372
[202] [     3182905] 1 | True  True 00 (  903,  836)   4   668  1076
[203] [     3195402] 1 | True  True 00 (  885,  824)   4   669  1028
[204] [     3207904] 1 | True  True 00 (  866,  811)   4   655  1040
[205] [     3220419] 1 | True  True 00 (  847,  795)   5   702  1192
[206] [     3232905] 1 | True  True 00 (  829,  778)   3   616  1440
[207] [     3245399] 1 | True  True 00 (  815,  760)   3   585  1524
[208] [     3257902] 1 | True  True 00 (  803,  743)   4   646  1372
[209] [     3270400] 1 | True  True 00 (  792,  726)   4   699  1096
[210] [     3282904] 1 | True  True 00 (  782,  706)   4   697   796
[211] [     3295420] 1 | True  True 00 (  773,  685)   4   678   948
[212] [     3307899] 1 | True  True 00 (  767,  664)   4   658  1096
[213] [     3320383] 1 | True  True 00 (  761,  640)   4   718  1072
[214] [     3332879] 1 | True  True 00 (  755,  621)   4   667   932
[215] [     3345374] 1 | True  True 00 (  751,  597)   5   792   944
[216] [     3357874] 1 | True  True 00 (  747,  573)   5   795  1140
[217] [     3370354] 1 | True  True 00 (  747,  550)   4   616  1016
[218] [     3382872] 1 | True  True 00 (  749,  528)   4   677  1112
[219] [     3395352] 1 | True  True 00 (  750,  508)   4   763  1012
[220] [     3407858] 1 | True  True 00 (  753,  488)   4   772   872
[221] [     3420353] 1 | True  True 00 (  759,  464)   4   654  1200
[222] [     3432879] 1 | True  True 00 (  765,  440)   4   647  1528
[223] [     3445374] 1 | True  True 00 (  772,  420)   5   737  1600
[224] [     3457897] 1 | True  True 00 (  780,  401)   4   677  1472
[225] [     3470400] 1 | True  True 00 (  790,  384)   5   727  1188
[226] [     3482897] 1 | True  True 00 (  803,  366)   4   693   972
[227] [     3495400] 1 | True  True 00 (  818,  348)   4   699   928
[228] [     3507897] 1 | True  True 00 (  835,  331)   4   690  1208
[229] [     3520380] 1 | True  True 00 (  852,  315)   4   654  1504
[230] [     3532895] 1 | True  True 00 (  868,  301)   4   648  1588
[231] [     3545419] 1 | True  True 00 (  886,  288)   4   666  1408
[232] [     3557916] 1 | True  True 00 (  906,  276)   4   669  1068
[233] [     3570393] 1 | True  True 00 (  928,  267)   4   708  1120
[234] [     3582896] 1 | True  True 00 (  950,  259)   4   698  1260
[235] [     3595382] 1 | True  True 00 (  970,  251)   4   693  1348
[236] [     3607876] 1 | True  True 00 (  991,  246)   4   665  1176
[237] [     3620372] 1 | True  True 00 ( 1014,  242)   4   701   916
[238] [     3632876] 1 | True  True 00 ( 1037,  239)   4   707   984
[239] [     3645370] 1 | True  True 00 ( 1059,  237)   4   728  1232
[240] [     3657870] 1 | True  True 00 ( 1079,  237)   5   749  1324
[241] [     3670372] 1 | True  True 00 ( 1102,  238)   4   693  1188
[242] [     3682869] 1 | True  True 00 ( 1126,  240)   4   731   984
[243] [     3695390] 1 | True  True 00 ( 1150,  244)   4   713  1332
[244] [     3707879] 1 | True  True 00 ( 1172,  249)   4   699  1588
[245] [     3720375] 1 | True  True 00 ( 1190,  255)   5   738  1724
[246] [     3732870] 1 | True  True 00 ( 1210,  263)   5   770  1528
[247] [     3745352] 1 | True  True 00 ( 1232,  273)   4   723  1136
[248] [     3757868] 1 | True  True 00 ( 1252,  284)   4   751  1008
[249] [     3770369] 1 | True  True 00 ( 1271,  297)   4   760   948
[250] [     3782850] 1 | True  True 00 ( 1287,  312)   4   761  1320
[251] [     3795346] 1 | True  True 00 ( 1302,  328)   7   903  1640
[252] [     3807852] 1 | True  True 00 ( 1315,  346)   5   819  1700
[253] [     3820348] 1 | True  True 00 ( 1328,  363)   5   782  1516
[254] [     3832852] 1 | True  True 00 ( 1341,  379)   5   740  1212
[255] [     3845353] 1 | True  True 00 ( 1352,  399)   5   868  1068
[  0] [     3857850] 1 | True  True 00 ( 1363,  420)   5   752  1024
[  1] [     3870328] 1 | True  True 00 ( 1373,  440)   5   738  1096
[  2] [     3882827] 1 | True  True 00 ( 1381,  461)   5   767  1168
[  3] [     3895327] 1 | True  True 00 ( 1388,  484)   4   709   908
[  4] [     3907827] 1 | True  True 00 ( 1393,  510)   4   684   856
[  5] [     3920307] 1 | True  True 00 ( 1396,  536)   4   690  1096
[  6] [     3932809] 1 | True  True 00 ( 1397,  555)   5   799  1196
[  7] [     3945311] 1 | True  True 00 ( 1397,  575)   5   791  1080
[  8] [     3957807] 1 | True  True 00 ( 1394,  596)   5   815  1020
[  9] [     3970290] 1 | True  True 00 ( 1390,  618)   5   771  1004
[ 10] [     3982784] 1 | True  True 00 ( 1384,  640)   4   678  1312
[ 11] [     3995290] 1 | True  True 00 ( 1376,  662)   5   741  1608
[ 12] [     4007783] 1 | True  True 00 ( 1364,  683)   5   721  1592
[ 13] [     4020290] 1 | True  True 00 ( 1354,  703)   4   736  1504
[ 14] [     4032783] 1 | True  True 00 ( 1343,  722)   4   739  1092
[ 15] [     4045289] 1 | True  True 00 ( 1332,  742)   4   739  1028
[ 16] [     4057783] 1 | True  True 00 ( 1320,  760)   4   735  1056
[ 17] [     4070289] 1 | True  True 00 ( 1307,  777)   4   695  1232
[ 18] [     4082802] 1 | True  True 00 ( 1290,  792)   5   719  1556
[ 19] [     4095284] 1 | True  True 00 ( 1270,  808)   5   752  1660
[ 20] [     4107784] 1 | True  True 00 ( 1252,  821)   4   729  1468
[ 21] [     4120283] 1 | True  True 00 ( 1234,  833)   4   739  1144
[ 22] [     4132763] 1 | True  True 00 ( 1216,  844)   4   731   992
[ 23] [     4145267] 1 | True  True 00 ( 1194,  853)   6   795  1180
[ 24] [     4157744] 1 | True  True 00 ( 1170,  860)   4   741  1212
[ 25] [     4170240] 1 | True  True 00 ( 1148,  867)   4   758  1020
[ 26] [     4182745] 1 | True  True 00 ( 1127,  873)   4   734   772
[ 27] [     4195221] 1 | True  True 00 ( 1106,  876)   4   711   896
[ 28] [     4207718] 1 | True  True 00 ( 1083,  879)   5   742  1084
[ 29] [     4220202] 1 | True  True 00 ( 1060,  880)   4   731  1184
[ 30] [     4232695] 1 | True  True 00 ( 1038,  879)   4   726  1012
[ 31] [     4245201] 1 | True  True 00 ( 1017,  877)   4   710   896
[ 32] [     4257701] 1 | True  True 00 (  996,  873)   4   706  1076
[ 33] [     4270201] 1 | True  True 00 (  974,  867)   4   672  1400
[ 34] [     4282680] 1 | True  True 00 (  952,  860)   3   621  1556
[ 35] [     4295182] 1 | True  True 00 (  932,  852)   4   648  1484
[ 36] [     4307676] 1 | True  True 00 (  914,  842)   4   662  1272
[ 37] [     4320177] 1 | True  True 00 (  896,  831)   4   691  1000
[ 38] [     4332681] 1 | True  True 00 (  878,  818)   4   668  1028
[ 39] [     4345176] 1 | True  True 00 (  859,  803)   5   695  1044
[ 40] [     4357678] 1 | True  True 00 (  840,  787)   4   658  1360
[ 41] [     4370180] 1 | True  True 00 (  824,  770)   3   603  1536
[ 42] [     4382675] 1 | True  True 00 (  811,  752)   3   595  1524
[ 43] [     4395177] 1 | True  True 00 (  799,  735)   4   674  1236
[ 44] [     4407680] 1 | True  True 00 (  788,  716)   4   695   904
[ 45] [     4420174] 1 | True  True 00 (  778,  696)   5   716   836
[ 46] [     4432676] 1 | True  True 00 (  769,  673)   5   734  1028
[ 47] [     4445159] 1 | True  True 00 (  764,  653)   3   608  1112
[ 48] [     4457672] 1 | True  True 00 (  759,  635)   3   596  1016
[ 49] [     4470155] 1 | True  True 00 (  753,  611)   6   877   876
[ 50] [     4482653] 1 | True  True 00 (  751,  587)   4   766  1044
[ 51] [     4495153] 1 | True  True 00 (  749,  563)   5   732  1028
[ 52] [     4507632] 1 | True  True 00 (  750,  541)   3   542   984
[ 53] [     4520134] 1 | True  True 00 (  751,  520)   5   850  1268
[ 54] [     4532620] 1 | True  True 00 (  754,  497)   4   676   816
[ 55] [     4545110] 1 | True  True 00 (  758,  475)   4   705  1056
[ 56] [     4557615] 1 | True  True 00 (  765,  453)   4   693  1372
[ 57] [     4570110] 1 | True  True 00 (  772,  432)   3   603  1616
[ 58] [     4582591] 1 | True  True 00 (  778,  412)   3   638  1572
[ 59] [     4595086] 1 | True  True 00 (  786,  393)   4   663  1344
[ 60] [     4607572] 1 | True  True 00 (  798,  375)   4   683  1028
[ 61] [     4620071] 1 | True  True 00 (  812,  357)   4   685   956
[ 62] [     4632570] 1 | True  True 00 (  828,  340)   4   705  1056
[ 63] [     4645070] 1 | True  True 00 (  844,  324)   4   686  1392
[ 64] [     4657570] 1 | True  True 00 (  860,  309)   4   677  1576
[ 65] [     4670070] 1 | True  True 00 (  875,  295)   5   703  1548
[ 66] [     4682570] 1 | True  True 00 (  895,  282)   3   618  1224
[ 67] [     4695069] 1 | True  True 00 (  917,  271)   4   704  1004
[ 68] [     4707569] 1 | True  True 00 (  939,  263)   4   716  1220
[ 69] [     4720049] 1 | True  True 00 (  960,  255)   4   702  1348
[ 70] [     4732551] 1 | True  True 00 (  979,  249)   4   671  1304
[ 71] [     4745045] 1 | True  True 00 ( 1001,  245)   4   693  1076
[ 72] [     4757548] 1 | True  True 00 ( 1023,  241)   4   705   888
[ 73] [     4770050] 1 | True  True 00 ( 1041,  238)   4   729   868
[ 74] [     4782565] 1 | True  True 00 ( 1053,  237)   4   714   852
[ 75] [     4795044] 1 | True  True 00 ( 1060,  236)   4   720   880
[ 76] [     4807546] 1 | True  True 00 ( 1064,  236)   4   725   868
[ 77] [     4820029] 1 | True  True 00 ( 1066,  235)   4   560   688
[ 78] [     4832523] 1 |False  True 00 ( 1066,  235)   4   560   688
[ 79] [     4845008] 0 
