[240] [     7417388]   0-None                     (    0)
[241] [     7427392]   0-None                     (    0)
[242] [     7437395]   0-None                     (    0)
[243] [     7447398]   0-None                     (    0)
[244] [     7457392]   0-None                     (    0)
[245] [     7467395]   0-None                     (    0)
[246] [     7477398]   0-None                     (    0)
[247] [     7487414]   0-None                     (    0)
[248] [     7497437]   0-None                     (    0)
[249] [     7507433]   0-None                     (    0)
[250] [     7517452]   0-None                     (    0)
[251] [     7527450]   0-None                     (    0)
[252] [     7537469]   0-None                     (    0)
[253] [     7547474]   0-None                     (    0)
[254] [     7557469]   0-None                     (    0)
[255] [     7567487]   0-None                     (    0)
[  0] [     7577487]   0-None                     (    0)
[  1] [     7587511]   0-None                     (    0)
[  2] [     7597507]   0-None                     (    0)
[  3] [     7607510]   0-None                     (    0)
[  4] [     7617528]   0-None                     (    0)
[  5] [     7627527]   0-None                     (    0)
[  6] [     7637531]   0-None                     (    0)
[  7] [     7647534]   0-None                     (    0)
[  8] [     7657532]   0-None                     (    0)
[  9] [     7667550]   0-None                     (    0)
[ 10] [     7677554]   0-None                     (    0)
[ 11] [     7687553]   0-None                     (    0)
[ 12] [     7697553]   0-None                     (    0)
[ 13] [     7707572]   0-None                     (    0)
[ 14] [     7717572]   0-None                     (    0)
[ 15] [     7727572]   0-None                     (    0)
[ 16] [     7737572]   0-None                     (    0)
[ 17] [     7747592]   0-None                     (    0)
[ 18] [     7757589]   0-None                     (    0)
[ 19] [     7767593]   0-None                     (    0)
[ 20] [     7777610]   0-None                     (    0)
[ 21] [     7787612]   0-None                     (    0)
[ 22] [     7797615]   0-None                     (    0)
[ 23] [     7807629]   0-None                     (    0)
[ 24] [     7817630]   0-None                     (    0)
[ 25] [     7827629]   0-None                     (    0)
[ 26] [     7837649]   0-None                     (    0)
[ 27] [     7847652]   0-None                     (    0)
[ 28] [     7857655]   0-None                     (    0)
[ 29] [     7867654]   0-None                     (    0)
[ 30] [     7877672]   0-None                     (    0)
[ 31] [     7887676]   0-None                     (    0)
[ 32] [     7897661]   0-None                     (    0)
[ 33] [     7907669]   0-None                     (    0)
[ 34] [     7917656]   0-None                     (    0)
[ 35] [     7927672]   0-None                     (    0)
[ 36] [     7937675]   0-None                     (    0)
[ 37] [     7947675]   0-None                     (    0)
[ 38] [     7957674]   0-None                     (    0)
[ 39] [     7967674]   0-None                     (    0)
[ 40] [     7977674]   0-None                     (    0)
[ 41] [     7987693]   0-None                     (    0)
[ 42] [     7997693]   0-None                     (    0)
[ 43] [     8007713]   0-None                     (    0)
[ 44] [     8017717]   0-None                     (    0)
[ 45] [     8027733]   0-None                     (    0)
[ 46] [     8037753]   0-None                     (    0)
[ 47] [     8047751]   0-None                     (    0)
[ 48] [     8057773]   0-None                     (    0)
[ 49] [     8067795]   0-None                     (    0)
[ 50] [     8077798]   0-None                     (    0)
[ 51] [     8087817]   0-None                     (    0)
[ 52] [     8097816]   0-None                     (    0)
[ 53] [     8107836]   0-None                     (    0)
[ 54] [     8117859]   0-None                     (    0)
[ 55] [     8127873]   0-None                     (    0)
[ 56] [     8137902]   0-None                     (    0)
[ 57] [     8147900]   0-None                     (    0)
[ 58] [     8157919]   0-None                     (    0)
[ 59] [     8167943]   0-None                     (    0)
[ 60] [     8177962]   0-None                     (    0)
[ 61] [     8187981]   0-None                     (    0)
[ 62] [     8197981]   0-None                     (    0)
[ 63] [     8208001]   0-None                     (    0)
[ 64] [     8218018]   0-None                     (    0)
[ 65] [     8228020]   0-None                     (    0)
[ 66] [     8238042]   0-None                     (    0)
[ 67] [     8248045]   0-None                     (    0)
[ 68] [     8258064]   0-None                     (    0)
[ 69] [     8268084]   0-None                     (    0)
[ 70] [     8278086]   0-None                     (    0)
[ 71] [     8288101]   0-None                     (    0)
[ 72] [     8298102]   0-None                     (    0)
[ 73] [     8308124]   0-None                     (    0)
[ 74] [     8318144]   0-None                     (    0)
[ 75] [     8328146]   0-None                     (    0)
[ 76] [     8338169]   0-None                     (    0)
[ 77] [     8348188]   0-None                     (    0)
[ 78] [     8358207]   0-None                     (    0)
[ 79] [     8368212]   0-None                     (    0)
[ 80] [     8378226]   0-None                     (    0)
[ 81] [     8388248]   0-None                     (    0)
[ 82] [     8398266]   0-None                     (    0)
[ 83] [     8408267]   0-None                     (    0)
[ 84] [     8418289]   0-None                     (    0)
[ 85] [     8428293]   0-None                     (    0)
[ 86] [     8438312]   0-None                     (    0)
[ 87] [     8448330]   0-None                     (    0)
[ 88] [     8458353]   0-None                     (    0)
[ 89] [     8468375]   0-None                     (    0)
[ 90] [     8478371]   0-None                     (    0)
[ 91] [     8488396]   0-None                     (    0)
[ 92] [     8498413]   0-None                     (    0)
[ 93] [     8508420]   0-None                     (    0)
[ 94] [     8518438]   0-None                     (    0)
[ 95] [     8528459]   0-None                     (    0)
[ 96] [     8538474]   0-None                     (    0)
[ 97] [     8548476]   0-None                     (    0)
[ 98] [     8558496]   0-None                     (    0)
[ 99] [     8568494]   0-None                     (    0)
[100] [     8578513]   0-None                     (    0)
[101] [     8588515]   0-None                     (    0)
[102] [     8598515]   0-None                     (    0)
[103] [     8608517]   0-None                     (    0)
[104] [     8618540]   0-None                     (    0)
[105] [     8628540]   0-None                     (    0)
[106] [     8638540]   0-None                     (    0)
[107] [     8648559]   0-None                     (    0)
[108] [     8658578]   0-None                     (    0)
[109] [     8668582]   0-None                     (    0)
[110] [     8678598]   0-None                     (    0)
[111] [     8688599]   0-None                     (    0)
[112] [     8698621]   0-None                     (    0)
[113] [     8708619]   0-None                     (    0)
[114] [     8718638]   0-None                     (    0)
[115] [     8728641]   0-None                     (    0)
[116] [     8738659]   0-None                     (    0)
[117] [     8748664]   0-None                     (    0)
[118] [     8758662]   0-None                     (    0)
[119] [     8768686]   0-None                     (    0)
[120] [     8778686]   0-None                     (    0)
[121] [     8788686]   0-None                     (    0)
[122] [     8798706]   0-None                     (    0)
[123] [     8808702]   0-None                     (    0)
[124] [     8818706]   0-None                     (    0)
[125] [     8828722]   0-None                     (    0)
[126] [     8838742]   0-None                     (    0)
[127] [     8848740]   0-None                     (    0)
[128] [     8858739]   0-None                     (    0)
[129] [     8868746]   0-None                     (    0)
[130] [     8878745]   0-None                     (    0)
[131] [     8888742]   0-None                     (    0)
[132] [     8898763]   0-None                     (    0)
[133] [     8908767]   0-None                     (    0)
[134] [     8918766]   0-None                     (    0)
[135] [     8928786]   0-None                     (    0)
[136] [     8938785]   0-None                     (    0)
[137] [     8948805]   0-None                     (    0)
[138] [     8958805]   0-None                     (    0)
[139] [     8968805]   0-None                     (    0)
[140] [     8978824]   0-None                     (    0)
[141] [     8988821]   0-None                     (    0)
[142] [     8998846]   0-None                     (    0)
[143] [     9008841]   0-None                     (    0)
[144] [     9018864]   0-None                     (    0)
[145] [     9028882]   0-None                     (    0)
[146] [     9038902]   0-None                     (    0)
[147] [     9048908]   0-None                     (    0)
[148] [     9058932]   0-None                     (    0)
[149] [     9068931]   0-None                     (    0)
[150] [     9078952]   0-None                     (    0)
[151] [     9088968]   0-None                     (    0)
[152] [     9098989]   0-None                     (    0)
[153] [     9109008]   0-None                     (    0)
[154] [     9119010]   0-None                     (    0)
[155] [     9129033]   0-None                     (    0)
[156] [     9139052]   0-None                     (    0)
[157] [     9149052]   0-None                     (    0)
[158] [     9159071]   0-None                     (    0)
[159] [     9169075]   0-None                     (    0)
[160] [     9179091]   0-None                     (    0)
[161] [     9189091]   0-None                     (    0)
[162] [     9199115]   0-None                     (    0)
[163] [     9209135]   0-None                     (    0)
[164] [     9219153]   0-None                     (    0)
[165] [     9229156]   0-None                     (    0)
[166] [     9239175]   0-None                     (    0)
[167] [     9249195]   0-None                     (    0)
[168] [     9259199]   0-None                     (    0)
[169] [     9269214]   0-None                     (    0)
[170] [     9279235]   0-None                     (    0)
[171] [     9289232]   0-None                     (    0)
[172] [     9299260]   0-None                     (    0)
[173] [     9309258]   0-None                     (    0)
[174] [     9319274]   0-None                     (    0)
[175] [     9329283]   0-None                     (    0)
[176] [     9339299]   0-None                     (    0)
[177] [     9349297]   0-None                     (    0)
[178] [     9359317]   0-None                     (    0)
[179] [     9369321]   0-None                     (    0)
[180] [     9379337]   0-None                     (    0)
[181] [     9389357]   0-None                     (    0)
[182] [     9399355]   0-None                     (    0)
[183] [     9409362]   0-None                     (    0)
[184] [     9419380]   0-None                     (    0)
[185] [     9429403]   0-None                     (    0)
[186] [     9439403]   0-None                     (    0)
[187] [     9449403]   0-None                     (    0)
[188] [     9459422]   0-None                     (    0)
[189] [     9469422]   0-None                     (    0)
[190] [     9479441]   0-None                     (    0)
[191] [     9489466]   0-None                     (    0)
[192] [     9499479]   0-None                     (    0)
[193] [     9509479]   0-None                     (    0)
[194] [     9519507]   0-None                     (    0)
[195] [     9529524]   0-None                     (    0)
[196] [     9539527]   0-None                     (    0)
[197] [     9549546]   0-None                     (    0)
[198] [     9559565]   0-None                     (    0)
[199] [     9569569]   0-None                     (    0)
[200] [     9579584]   0-None                     (    0)
[201] [     9589606]   0-None                     (    0)
[202] [     9599605]   0-None                     (    0)
[203] [     9609623]   0-None                     (    0)
[204] [     9619649]   0-None                     (    0)
[205] [     9629650]   0-None                     (    0)
[206] [     9639674]   0-None                     (    0)
[207] [     9649692]   0-None                     (    0)
[208] [     9659708]   0-None                     (    0)
[209] [     9669708]   0-None                     (    0)
[210] [     9679729]   0-None                     (    0)
[211] [     9689749]   0-None                     (    0)
[212] [     9699750]   0-None                     (    0)
[213] [     9709772]   0-None                     (    0)
[214] [     9719774]   0-None                     (    0)
[215] [     9729792]   0-None                     (    0)
[216] [     9739812]   0-None                     (    0)
[217] [     9749814]   0-None                     (    0)
[218] [     9759830]   0-None                     (    0)
[219] [     9769851]   0-None                     (    0)
[220] [     9779850]   0-None                     (    0)
[221] [     9789878]   0-None                     (    0)
[222] [     9799876]   0-None                     (    0)
[223] [     9809894]   0-None                     (    0)
[224] [     9819898]   0-None                     (    0)
[225] [     9829917]   0-None                     (    0)
[226] [     9839917]   0-None                     (    0)
[227] [     9849936]   0-None                     (    0)
[228] [     9859940]   0-None                     (    0)
[229] [     9869956]   0-None                     (    0)
[230] [     9879976]   0-None                     (    0)
[231] [     9889975]   0-None                     (    0)
[232] [     9900000]   0-None                     (    0)
[233] [     9909996]   0-None                     (    0)
[234] [     9920019]   0-None                     (    0)
[235] [     9930023]   0-None                     (    0)
[236] [     9940038]   0-None                     (    0)
[237] [     9950061]   0-None                     (    0)
[238] [     9960065]   0-None                     (    0)
[239] [     9970080]   0-None                     (    0)
[240] [     9980081]   0-None                     (    0)
[241] [     9990102]   0-None                     (    0)
[242] [    10000120]   0-None                     (    0)
[243] [    10010144]   0-None                     (    0)
[244] [    10020148]   0-None                     (    0)
[245] [    10030168]   0-None                     (    0)
[246] [    10040162]   0-None                     (    0)
[247] [    10050184]   0-None                     (    0)
[248] [    10060188]   0-None                     (    0)
[249] [    10070204]   0-None                     (    0)
[250] [    10080226]   0-None                     (    0)
[251] [    10090225]   0-None                     (    0)
[252] [    10100246]   0-None                     (    0)
[253] [    10110263]   0-None                     (    0)
[254] [    10120287]   0-None                     (    0)
[255] [    10130307]   0-None                     (    0)
[  0] [    10140312]   0-None                     (    0)
[  1] [    10150328]   0-None                     (    0)
[  2] [    10160348]   0-None                     (    0)
[  3] [    10170346]   0-None                     (    0)
[  4] [    10180366]   0-None                     (    0)
[  5] [    10190391]   0-None                     (    0)
[  6] [    10200395]   0-None                     (    0)
[  7] [    10210411]   0-None                     (    0)
[  8] [    10220429]   0-None                     (    0)
[  9] [    10230455]   0-None                     (    0)
[ 10] [    10240455]   0-None                     (    0)
[ 11] [    10250489]   0-None                     (    0)
[ 12] [    10260492]   0-None                     (    0)
[ 13] [    10270515]   0-None                     (    0)
[ 14] [    10280519]   0-None                     (    0)
[ 15] [    10290539]   0-None                     (    0)
[ 16] [    10300554]   0-None                     (    0)
[ 17] [    10310577]   0-None                     (    0)
[ 18] [    10320592]   0-None                     (    0)
[ 19] [    10330613]   0-None                     (    0)
[ 20] [    10340615]   0-None                     (    0)
[ 21] [    10350638]   0-None                     (    0)
[ 22] [    10360660]   0-None                     (    0)
[ 23] [    10370658]   0-None                     (    0)
[ 24] [    10380678]   0-None                     (    0)
[ 25] [    10390700]   0-None                     (    0)
[ 26] [    10400721]   0-None                     (    0)
[ 27] [    10410739]   0-None                     (    0)
[ 28] [    10420761]   0-None                     (    0)
[ 29] [    10430764]   0-None                     (    0)
[ 30] [    10440783]   0-None                     (    0)
[ 31] [    10450802]   0-None                     (    0)
[ 32] [    10460807]   0-None                     (    0)
[ 33] [    10470821]   0-None                     (    0)
[ 34] [    10480842]   0-None                     (    0)
[ 35] [    10490862]   0-None                     (    0)
[ 36] [    10500885]   0-None                     (    0)
[ 37] [    10510906]   0-None                     (    0)
[ 38] [    10520906]   0-None                     (    0)
[ 39] [    10530928]   0-None                     (    0)
[ 40] [    10540945]   0-None                     (    0)
[ 41] [    10550966]   0-None                     (    0)
[ 42] [    10560987]   0-None                     (    0)
[ 43] [    10571009]   0-None                     (    0)
[ 44] [    10581031]   0-None                     (    0)
[ 45] [    10591050]   0-None                     (    0)
[ 46] [    10601075]   0-None                     (    0)
[ 47] [    10611088]   0-None                     (    0)
[ 48] [    10621110]   0-None                     (    0)
[ 49] [    10631132]   0-None                     (    0)
[ 50] [    10641156]   0-None                     (    0)
[ 51] [    10651155]   0-None                     (    0)
[ 52] [    10661175]   0-None                     (    0)
[ 53] [    10671199]   0-None                     (    0)
[ 54] [    10681212]   0-None                     (    0)
[ 55] [    10691233]   0-None                     (    0)
[ 56] [    10701256]   0-None                     (    0)
[ 57] [    10711279]   0-None                     (    0)
[ 58] [    10721278]   0-None                     (    0)
[ 59] [    10731298]   0-None                     (    0)
[ 60] [    10741322]   0-None                     (    0)
[ 61] [    10751335]   0-None                     (    0)
[ 62] [    10761344]   0-None                     (    0)
[ 63] [    10771363]   0-None                     (    0)
[ 64] [    10781380]   0-None                     (    0)
[ 65] [    10791383]   0-None                     (    0)
[ 66] [    10801387]   0-None                     (    0)
[ 67] [    10811403]   0-None                     (    0)
[ 68] [    10821405]   0-None                     (    0)
[ 69] [    10831425]   0-None                     (    0)
[ 70] [    10841440]   0-None                     (    0)
[ 71] [    10851461]   0-None                     (    0)
[ 72] [    10861481]   0-None                     (    0)
[ 73] [    10871482]   0-None                     (    0)
[ 74] [    10881504]   0-None                     (    0)
[ 75] [    10891507]   0-None                     (    0)
[ 76] [    10901527]   0-None                     (    0)
[ 77] [    10911546]   0-None                     (    0)
[ 78] [    10921570]   0-None                     (    0)
[ 79] [    10931584]   0-None                     (    0)
[ 80] [    10941605]   0-None                     (    0)
[ 81] [    10951607]   0-None                     (    0)
[ 82] [    10961629]   0-None                     (    0)
[ 83] [    10971651]   0-None                     (    0)
[ 84] [    10981650]   0-None                     (    0)
[ 85] [    10991670]   0-None                     (    0)
[ 86] [    11001694]   0-None                     (    0)
[ 87] [    11011696]   0-None                     (    0)
[ 88] [    11021709]   0-None                     (    0)
[ 89] [    11031736]   0-None                     (    0)
[ 90] [    11041755]   0-None                     (    0)
[ 91] [    11051775]   0-None                     (    0)
[ 92] [    11061794]   0-None                     (    0)
[ 93] [    11071817]   0-None                     (    0)
[ 94] [    11081839]   0-None                     (    0)
[ 95] [    11091859]   0-None                     (    0)
[ 96] [    11101857]   0-None                     (    0)
[ 97] [    11111892]   0-None                     (    0)
[ 98] [    11121901]   0-None                     (    0)
[ 99] [    11131902]   0-None                     (    0)
[100] [    11141917]   0-None                     (    0)
[101] [    11151941]   0-None                     (    0)
[102] [    11161955]   0-None                     (    0)
[103] [    11171955]   0-None                     (    0)
[104] [    11181976]   0-None                     (    0)
[105] [    11192000]   0-None                     (    0)
[106] [    11202003]   0-None                     (    0)
[107] [    11212043]   0-None                     (    0)
[108] [    11222060]   0-None                     (    0)
[109] [    11232063]   0-None                     (    0)
[110] [    11242086]   0-None                     (    0)
[111] [    11252105]   0-None                     (    0)
[112] [    11262121]   0-None                     (    0)
[113] [    11272145]   0-None                     (    0)
[114] [    11282167]   0-None                     (    0)
[115] [    11292183]   0-None                     (    0)
[116] [    11302205]   0-None                     (    0)
[117] [    11312226]   0-None                     (    0)
[118] [    11322229]   0-None                     (    0)
[119] [    11332251]   0-None                     (    0)
[120] [    11342270]   0-None                     (    0)
[121] [    11352290]   0-None                     (    0)
[122] [    11362314]   0-None                     (    0)
[123] [    11372334]   0-None                     (    0)
[124] [    11382333]   0-None                     (    0)
[125] [    11392350]   0-None                     (    0)
[126] [    11402353]   0-None                     (    0)
[127] [    11412371]   0-None                     (    0)
[128] [    11422394]   0-None                     (    0)
[129] [    11432393]   0-None                     (    0)
[130] [    11442414]   0-None                     (    0)
[131] [    11452437]   0-None                     (    0)
[132] [    11462452]   0-None                     (    0)
[133] [    11472472]   0-None                     (    0)
[134] [    11482495]   0-None                     (    0)
[135] [    11492499]   0-None                     (    0)
[136] [    11502518]   0-None                     (    0)
[137] [    11512517]   0-None                     (    0)
[138] [    11522537]   0-None                     (    0)
[139] [    11532560]   0-None                     (    0)
[140] [    11542574]   0-None                     (    0)
[141] [    11552603]   0-None                     (    0)
[142] [    11562620]   0-None                     (    0)
[143] [    11572623]   0-None                     (    0)
[144] [    11582642]   0-None                     (    0)
[145] [    11592661]   0-None                     (    0)
[146] [    11602685]   0-None                     (    0)
[147] [    11612685]   0-None                     (    0)
[148] [    11622707]   0-None                     (    0)
[149] [    11632724]   0-None                     (    0)
[150] [    11642742]   0-None                     (    0)
[151] [    11652748]   0-None                     (    0)
[152] [    11662786]   0-None                     (    0)
[153] [    11672784]   0-None                     (    0)
[154] [    11682807]   0-None                     (    0)
[155] [    11692826]   0-None                     (    0)
[156] [    11702829]   0-None                     (    0)
[157] [    11712847]   0-None                     (    0)
[158] [    11722849]   0-None                     (    0)
[159] [    11732865]   0-None                     (    0)
[160] [    11742888]   0-None                     (    0)
[161] [    11752889]   0-None                     (    0)
[162] [    11762909]   0-None                     (    0)
[163] [    11772933]   0-None                     (    0)
[164] [    11782946]   0-None                     (    0)
[165] [    11792974]   0-None                     (    0)
[166] [    11802991]   0-None                     (    0)
[167] [    11813014]   0-None                     (    0)
[168] [    11823033]   0-None                     (    0)
[169] [    11833036]   0-None                     (    0)
[170] [    11843070]   0-None                     (    0)
[171] [    11853077]   0-None                     (    0)
[172] [    11863096]   0-None                     (    0)
[173] [    11873098]   0-None                     (    0)
[174] [    11883115]   0-None                     (    0)
[175] [    11893138]   0-None                     (    0)
[176] [    11903157]   0-None                     (    0)
[177] [    11913181]   0-None                     (    0)
[178] [    11923196]   0-None                     (    0)
[179] [    11933222]   0-None                     (    0)
[180] [    11943238]   0-None                     (    0)
[181] [    11953261]   0-None                     (    0)
[182] [    11963279]   0-None                     (    0)
[183] [    11973283]   0-None                     (    0)
[184] [    11983299]   0-None                     (    0)
[185] [    11993320]   0-None                     (    0)
[186] [    12003340]   0-None                     (    0)
[187] [    12013363]   0-None                     (    0)
[188] [    12023386]   0-None                     (    0)
[189] [    12033405]   0-None                     (    0)
[190] [    12043429]   0-None                     (    0)
[191] [    12053442]   0-None                     (    0)
[192] [    12063449]   0-None                     (    0)
[193] [    12073467]   0-None                     (    0)
[194] [    12083490]   0-None                     (    0)
[195] [    12093509]   0-None                     (    0)
[196] [    12103509]   0-None                     (    0)
[197] [    12113529]   0-None                     (    0)
[198] [    12123553]   0-None                     (    0)
[199] [    12133566]   0-None                     (    0)
[200] [    12143573]   0-None                     (    0)
[201] [    12153592]   0-None                     (    0)
[202] [    12163614]   0-None                     (    0)
[203] [    12173614]   0-None                     (    0)
[204] [    12183633]   0-None                     (    0)
[205] [    12193653]   0-None                     (    0)
[206] [    12203677]   0-None                     (    0)
[207] [    12213701]   0-None                     (    0)
[208] [    12223712]   0-None                     (    0)
[209] [    12233738]   0-None                     (    0)
[210] [    12243756]   0-None                     (    0)
[211] [    12253776]   0-None                     (    0)
[212] [    12263800]   0-None                     (    0)
[213] [    12273800]   0-None                     (    0)
[214] [    12283820]   0-None                     (    0)
[215] [    12293839]   0-None                     (    0)
[216] [    12303857]   0-None                     (    0)
[217] [    12313861]   0-None                     (    0)
[218] [    12323885]   0-None                     (    0)
[219] [    12333900]   0-None                     (    0)
[220] [    12343924]   0-None                     (    0)
[221] [    12353938]   0-None                     (    0)
[222] [    12363959]   0-None                     (    0)
[223] [    12373983]   0-None                     (    0)
[224] [    12383986]   0-None                     (    0)
[225] [    12394006]   0-None                     (    0)
[226] [    12404025]   0-None                     (    0)
[227] [    12414043]   0-None                     (    0)
[228] [    12424064]   0-None                     (    0)
[229] [    12434083]   0-None                     (    0)
[230] [    12444107]   0-None                     (    0)
[231] [    12454130]   0-None                     (    0)
[232] [    12464149]   0-None                     (    0)
[233] [    12474167]   0-None                     (    0)
[234] [    12484169]   0-None                     (    0)
[235] [    12494191]   0-None                     (    0)
[236] [    12504210]   0-None                     (    0)
[237] [    12514233]   0-None                     (    0)
[238] [    12524256]   0-None                     (    0)
[239] [    12534276]   0-None                     (    0)
[240] [    12544294]   0-None                     (    0)
[241] [    12554313]   0-None                     (    0)
[242] [    12564316]   0-None                     (    0)
[243] [    12574334]   0-None                     (    0)
[244] [    12584355]   0-None                     (    0)
[245] [    12594377]   0-None                     (    0)
[246] [    12604397]   0-None                     (    0)
[247] [    12614421]   0-None                     (    0)
[248] [    12624435]   0-None                     (    0)
[249] [    12634455]   0-None                     (    0)
[250] [    12644456]   0-None                     (    0)
[251] [    12654479]   0-None                     (    0)
[252] [    12664502]   0-None                     (    0)
[253] [    12674501]   0-None                     (    0)
[254] [    12684521]   0-None                     (    0)
[255] [    12694524]   0-None                     (    0)
[  0] [    12704539]   0-None                     (    0)
[  1] [    12714561]   0-None                     (    0)
[  2] [    12724581]   0-None                     (    0)
[  3] [    12734603]   0-None                     (    0)
[  4] [    12744606]   0-None                     (    0)
[  5] [    12754625]   0-None                     (    0)
[  6] [    12764645]   0-None                     (    0)
[  7] [    12774668]   0-None                     (    0)
[  8] [    12784690]   0-None                     (    0)
[  9] [    12794687]   0-None                     (    0)
[ 10] [    12804707]   0-None                     (    0)
[ 11] [    12814724]   0-None                     (    0)
[ 12] [    12824748]   0-None                     (    0)
[ 13] [    12834767]   0-None                     (    0)
[ 14] [    12844769]   0-None                     (    0)
[ 15] [    12854792]   0-None                     (    0)
[ 16] [    12864812]   0-None                     (    0)
[ 17] [    12874830]   0-None                     (    0)
[ 18] [    12884833]   0-None                     (    0)
[ 19] [    12894850]   0-None                     (    0)
[ 20] [    12904873]   0-None                     (    0)
[ 21] [    12914872]   0-None                     (    0)
[ 22] [    12924892]   0-None                     (    0)
[ 23] [    12934916]   0-None                     (    0)
[ 24] [    12944930]   0-None                     (    0)
[ 25] [    12954929]   0-None                     (    0)
[ 26] [    12964958]   0-None                     (    0)
[ 27] [    12974956]   0-None                     (    0)
[ 28] [    12984972]   0-None                     (    0)
[ 29] [    12994995]   0-None                     (    0)
[ 30] [    13005015]   0-None                     (    0)
[ 31] [    13015018]   0-None                     (    0)
[ 32] [    13025034]   0-None                     (    0)
[ 33] [    13035035]   0-None                     (    0)
[ 34] [    13045056]   0-None                     (    0)
[ 35] [    13055054]   0-None                     (    0)
[ 36] [    13065074]   0-None                     (    0)
[ 37] [    13075097]   0-None                     (    0)
[ 38] [    13085100]   0-None                     (    0)
[ 39] [    13095124]   0-None                     (    0)
[ 40] [    13105122]   0-None                     (    0)
[ 41] [    13115141]   0-None                     (    0)
[ 42] [    13125158]   0-None                     (    0)
[ 43] [    13135158]   0-None                     (    0)
[ 44] [    13145177]   0-None                     (    0)
[ 45] [    13155182]   0-None                     (    0)
[ 46] [    13165200]   0-None                     (    0)
[ 47] [    13175202]   0-None                     (    0)
[ 48] [    13185225]   0-None                     (    0)
[ 49] [    13195244]   0-None                     (    0)
[ 50] [    13205263]   0-None                     (    0)
[ 51] [    13215268]   0-None                     (    0)
[ 52] [    13225283]   0-None                     (    0)
[ 53] [    13235304]   0-None                     (    0)
[ 54] [    13245323]   0-None                     (    0)
[ 55] [    13255346]   0-None                     (    0)
[ 56] [    13265369]   0-None                     (    0)
[ 57] [    13275387]   0-None                     (    0)
[ 58] [    13285391]   0-None                     (    0)
[ 59] [    13295407]   0-None                     (    0)
[ 60] [    13305408]   0-None                     (    0)
[ 61] [    13315428]   0-None                     (    0)
[ 62] [    13325448]   0-None                     (    0)
[ 63] [    13335470]   0-None                     (    0)
[ 64] [    13345472]   0-None                     (    0)
[ 65] [    13355491]   0-None                     (    0)
[ 66] [    13365511]   0-None                     (    0)
[ 67] [    13375537]   0-None                     (    0)
[ 68] [    13385550]   0-None                     (    0)
[ 69] [    13395550]   0-None                     (    0)
[ 70] [    13405576]   0-None                     (    0)
[ 71] [    13415592]   0-None                     (    0)
[ 72] [    13425598]   0-None                     (    0)
[ 73] [    13435614]   0-None                     (    0)
[ 74] [    13445638]   0-None                     (    0)
[ 75] [    13455654]   0-None                     (    0)
[ 76] [    13465676]   0-None                     (    0)
[ 77] [    13475695]   0-None                     (    0)
[ 78] [    13485720]   0-None                     (    0)
[ 79] [    13495739]   0-None                     (    0)
[ 80] [    13505759]   0-None                     (    0)
[ 81] [    13515777]   0-None                     (    0)
[ 82] [    13525800]   0-None                     (    0)
[ 83] [    13535819]   0-None                     (    0)
[ 84] [    13545842]   0-None                     (    0)
[ 85] [    13555865]   0-None                     (    0)
[ 86] [    13565884]   0-None                     (    0)
[ 87] [    13575901]   0-None                     (    0)
[ 88] [    13585923]   0-None                     (    0)
[ 89] [    13595942]   0-None                     (    0)
[ 90] [    13605965]   0-None                     (    0)
[ 91] [    13615968]   0-None                     (    0)
[ 92] [    13625988]   0-None                     (    0)
[ 93] [    13636007]   0-None                     (    0)
[ 94] [    13646025]   0-None                     (    0)
[ 95] [    13656046]   0-None                     (    0)
[ 96] [    13666044]   0-None                     (    0)
[ 97] [    13676071]   0-None                     (    0)
[ 98] [    13686089]   0-None                     (    0)
[ 99] [    13696111]   0-None                     (    0)
[100] [    13706129]   0-None                     (    0)
[101] [    13716154]   0-None                     (    0)
[102] [    13726173]   0-None                     (    0)
[103] [    13736169]   0-None                     (    0)
[104] [    13746189]   0-None                     (    0)
[105] [    13756212]   0-None                     (    0)
[106] [    13766215]   0-None                     (    0)
[107] [    13776239]   0-None                     (    0)
[108] [    13786254]   0-None                     (    0)
[109] [    13796276]   0-None                     (    0)
[110] [    13806297]   0-None                     (    0)
[111] [    13816316]   0-None                     (    0)
[112] [    13826339]   0-None                     (    0)
[113] [    13836362]   0-None                     (    0)
[114] [    13846363]   0-None                     (    0)
[115] [    13856378]   0-None                     (    0)
[116] [    13866401]   0-None                     (    0)
[117] [    13876421]   0-None                     (    0)
[118] [    13886440]   0-None                     (    0)
[119] [    13896461]   0-None                     (    0)
[120] [    13906484]   0-None                     (    0)
[121] [    13916483]   0-None                     (    0)
[122] [    13926523]   0-None                     (    0)
[123] [    13936544]   0-None                     (    0)
[124] [    13946563]   0-None                     (    0)
[125] [    13956586]   0-None                     (    0)
[126] [    13966608]   0-None                     (    0)
[127] [    13976607]   0-None                     (    0)
[128] [    13986633]   0-None                     (    0)
[129] [    13996648]   0-None                     (    0)
[130] [    14006669]   0-None                     (    0)
[131] [    14016693]   0-None                     (    0)
[132] [    14026708]   0-None                     (    0)
[133] [    14036730]   0-None                     (    0)
[134] [    14046751]   0-None                     (    0)
[135] [    14056775]   0-None                     (    0)
[136] [    14066811]   0-None                     (    0)
[137] [    14076833]   0-None                     (    0)
[138] [    14086857]   0-None                     (    0)
[139] [    14096875]   0-None                     (    0)
[140] [    14106898]   0-None                     (    0)
[141] [    14116912]   0-None                     (    0)
[142] [    14126941]   0-None                     (    0)
[143] [    14136958]   0-None                     (    0)
[144] [    14146981]   0-None                     (    0)
[145] [    14156980]   0-None                     (    0)
[146] [    14166999]   0-None                     (    0)
[147] [    14177022]   0-None                     (    0)
[148] [    14187037]   0-None                     (    0)
[149] [    14197043]   0-None                     (    0)
[150] [    14207062]   0-None                     (    0)
[151] [    14217085]   0-None                     (    0)
[152] [    14227104]   0-None                     (    0)
[153] [    14237123]   0-None                     (    0)
[154] [    14247126]   0-None                     (    0)
[155] [    14257147]   0-None                     (    0)
[156] [    14267166]   0-None                     (    0)
[157] [    14277186]   0-None                     (    0)
[158] [    14287209]   0-None                     (    0)
[159] [    14297226]   0-None                     (    0)
[160] [    14307228]   0-None                     (    0)
[161] [    14317248]   0-None                     (    0)
[162] [    14327251]   0-None                     (    0)
[163] [    14337267]   0-None                     (    0)
[164] [    14347288]   0-None                     (    0)
[165] [    14357286]   0-None                     (    0)
[166] [    14367306]   0-None                     (    0)
[167] [    14377307]   0-None                     (    0)
[168] [    14387329]   0-None                     (    0)
[169] [    14397332]   0-None                     (    0)
[170] [    14407351]   0-None                     (    0)
[171] [    14417351]   0-None                     (    0)
[172] [    14427370]   0-None                     (    0)
[173] [    14437374]   0-None                     (    0)
[174] [    14447409]   0-None                     (    0)
[175] [    14457429]   0-None                     (    0)
[176] [    14467431]   0-None                     (    0)
[177] [    14477454]   0-None                     (    0)
[178] [    14487476]   0-None                     (    0)
[179] [    14497494]   0-None                     (    0)
[180] [    14507518]   0-None                     (    0)
[181] [    14517533]   0-None                     (    0)
[182] [    14527554]   0-None                     (    0)
[183] [    14537555]   0-None                     (    0)
[184] [    14547579]   0-None                     (    0)
[185] [    14557584]   0-None                     (    0)
[186] [    14567602]   0-None                     (    0)
[187] [    14577622]   0-None                     (    0)
[188] [    14587640]   0-None                     (    0)
[189] [    14597662]   0-None                     (    0)
[190] [    14607680]   0-None                     (    0)
[191] [    14617705]   0-None                     (    0)
[192] [    14627725]   0-None                     (    0)
[193] [    14637741]   0-None                     (    0)
[194] [    14647766]   0-None                     (    0)
[195] [    14657801]   0-None                     (    0)
[196] [    14667825]   0-None                     (    0)
[197] [    14677848]   0-None                     (    0)
[198] [    14687868]   0-None                     (    0)
[199] [    14697884]   0-None                     (    0)
[200] [    14707906]   0-None                     (    0)
[201] [    14717925]   0-None                     (    0)
[202] [    14727949]   0-None                     (    0)
[203] [    14737973]   0-None                     (    0)
[204] [    14748012]   0-None                     (    0)
[205] [    14758034]   0-None                     (    0)
[206] [    14768053]   0-None                     (    0)
[207] [    14778075]   0-None                     (    0)
[208] [    14788080]   0-None                     (    0)
[209] [    14798118]   0-None                     (    0)
[210] [    14808134]   0-None                     (    0)
[211] [    14818155]   0-None                     (    0)
[212] [    14828174]   0-None                     (    0)
[213] [    14838179]   0-None                     (    0)
[214] [    14848208]   0-None                     (    0)
[215] [    14858226]   0-None                     (    0)
[216] [    14868257]   0-None                     (    0)
[217] [    14878277]   0-None                     (    0)
[218] [    14888303]   0-None                     (    0)
[219] [    14898320]   0-None                     (    0)
[220] [    14908343]   0-None                     (    0)
[221] [    14918363]   0-None                     (    0)
[222] [    14928386]   0-None                     (    0)
[223] [    14938408]   0-None                     (    0)
[224] [    14948426]   0-None                     (    0)
[225] [    14958429]   0-None                     (    0)
[226] [    14968465]   0-None                     (    0)
[227] [    14978466]   0-None                     (    0)
[228] [    14988487]   0-None                     (    0)
[229] [    14998512]   0-None                     (    0)
[230] [    15008526]   0-None                     (    0)
[231] [    15018546]   0-None                     (    0)
[232] [    15028569]   0-None                     (    0)
[233] [    15038592]   0-None                     (    0)
[234] [    15048612]   0-None                     (    0)
[235] [    15058616]   0-None                     (    0)
[236] [    15068651]   0-None                     (    0)
[237] [    15078679]   0-None                     (    0)
[238] [    15088695]   0-None                     (    0)
[239] [    15098717]   0-None                     (    0)
[240] [    15108736]   0-None                     (    0)
[241] [    15118762]   0-None                     (    0)
[242] [    15128775]   0-None                     (    0)
[243] [    15138794]   0-None                     (    0)
[244] [    15148818]   0-None                     (    0)
[245] [    15158843]   0-None                     (    0)
[246] [    15168883]   0-None                     (    0)
[247] [    15178903]   0-None                     (    0)
[248] [    15188921]   0-None                     (    0)
[249] [    15198942]   0-None                     (    0)
[250] [    15208965]   0-None                     (    0)
[251] [    15218984]   0-None                     (    0)
[252] [    15229007]   0-None                     (    0)
[253] [    15239021]   0-None                     (    0)
[254] [    15249050]   0-None                     (    0)
[255] [    15259087]   0-None                     (    0)
[  0] [    15269107]   0-None                     (    0)
[  1] [    15279130]   0-None                     (    0)
[  2] [    15289151]   0-None                     (    0)
[  3] [    15299169]   0-None                     (    0)
[  4] [    15309191]   0-None                     (    0)
[  5] [    15319194]   0-None                     (    0)
[  6] [    15329213]   0-None                     (    0)
[  7] [    15339233]   0-None                     (    0)
[  8] [    15349257]   0-None                     (    0)
[  9] [    15359270]   0-None                     (    0)
[ 10] [    15369298]   0-None                     (    0)
[ 11] [    15379316]   0-None                     (    0)
[ 12] [    15389341]   0-None                     (    0)
[ 13] [    15399376]   0-None                     (    0)
[ 14] [    15409397]   0-None                     (    0)
[ 15] [    15419417]   0-None                     (    0)
[ 16] [    15429435]   0-None                     (    0)
[ 17] [    15439460]   0-None                     (    0)
[ 18] [    15449479]   0-None                     (    0)
[ 19] [    15459504]   0-None                     (    0)
[ 20] [    15469523]   0-None                     (    0)
[ 21] [    15479562]   0-None                     (    0)
[ 22] [    15489564]   0-None                     (    0)
[ 23] [    15499606]   0-None                     (    0)
[ 24] [    15509611]   0-None                     (    0)
[ 25] [    15519646]   0-None                     (    0)
[ 26] [    15529665]   0-None                     (    0)
[ 27] [    15539688]   0-None                     (    0)
[ 28] [    15549710]   0-None                     (    0)
[ 29] [    15559729]   0-None                     (    0)
[ 30] [    15569754]   0-None                     (    0)
[ 31] [    15579768]   0-None                     (    0)
[ 32] [    15589788]   0-None                     (    0)
[ 33] [    15599811]   0-None                     (    0)
[ 34] [    15609815]   0-None                     (    0)
[ 35] [    15619834]   0-None                     (    0)
[ 36] [    15629854]   0-None                     (    0)
[ 37] [    15639878]   0-None                     (    0)
[ 38] [    15649913]   0-None                     (    0)
[ 39] [    15659936]   0-None                     (    0)
[ 40] [    15669959]   0-None                     (    0)
[ 41] [    15679979]   0-None                     (    0)
[ 42] [    15689996]   0-None                     (    0)
[ 43] [    15700018]   0-None                     (    0)
[ 44] [    15710040]   0-None                     (    0)
[ 45] [    15720058]   0-None                     (    0)
[ 46] [    15730082]   0-None                     (    0)
[ 47] [    15740101]   0-None                     (    0)
[ 48] [    15750106]   0-None                     (    0)
[ 49] [    15760141]   0-None                     (    0)
[ 50] [    15770145]   0-None                     (    0)
[ 51] [    15780186]   0-None                     (    0)
[ 52] [    15790210]   0-None                     (    0)
[ 53] [    15800225]   0-None                     (    0)
[ 54] [    15810249]   0-None                     (    0)
[ 55] [    15820263]   0-None                     (    0)
[ 56] [    15830284]   0-None                     (    0)
[ 57] [    15840308]   0-None                     (    0)
[ 58] [    15850331]   0-None                     (    0)
[ 59] [    15860350]   0-None                     (    0)
[ 60] [    15870375]   0-None                     (    0)
[ 61] [    15880410]   0-None                     (    0)
[ 62] [    15890413]   0-None                     (    0)
[ 63] [    15900436]   0-None                     (    0)
[ 64] [    15910454]   0-None                     (    0)
[ 65] [    15920475]   0-None                     (    0)
[ 66] [    15930498]   0-None                     (    0)
[ 67] [    15940512]   0-None                     (    0)
[ 68] [    15950533]   0-None                     (    0)
[ 69] [    15960556]   0-None                     (    0)
[ 70] [    15970579]   0-None                     (    0)
[ 71] [    15980598]   0-None                     (    0)
[ 72] [    15990602]   0-None                     (    0)
[ 73] [    16000640]   0-None                     (    0)
[ 74] [    16010659]   0-None                     (    0)
[ 75] [    16020681]   0-None                     (    0)
[ 76] [    16030686]   0-None                     (    0)
[ 77] [    16040721]   0-None                     (    0)
[ 78] [    16050724]   0-None                     (    0)
[ 79] [    16060740]   0-None                     (    0)
[ 80] [    16070762]   0-None                     (    0)
[ 81] [    16080781]   0-None                     (    0)
[ 82] [    16090804]   0-None                     (    0)
[ 83] [    16100827]   0-None                     (    0)
[ 84] [    16110846]   0-None                     (    0)
[ 85] [    16120870]   0-None                     (    0)
[ 86] [    16130906]   0-None                     (    0)
[ 87] [    16140929]   0-None                     (    0)
[ 88] [    16150952]   0-None                     (    0)
[ 89] [    16160971]   0-None                     (    0)
[ 90] [    16170995]   0-None                     (    0)
[ 91] [    16181009]   0-None                     (    0)
[ 92] [    16191029]   0-None                     (    0)
[ 93] [    16201052]   0-None                     (    0)
[ 94] [    16211075]   0-None                     (    0)
[ 95] [    16221075]   0-None                     (    0)
[ 96] [    16231095]   0-None                     (    0)
[ 97] [    16241119]   0-None                     (    0)
[ 98] [    16251133]   0-None                     (    0)
[ 99] [    16261153]   0-None                     (    0)
[100] [    16271176]   0-None                     (    0)
[101] [    16281179]   0-None                     (    0)
[102] [    16291202]   0-None                     (    0)
[103] [    16301220]   0-None                     (    0)
[104] [    16311236]   0-None                     (    0)
[105] [    16321261]   0-None                     (    0)
[106] [    16331278]   0-None                     (    0)
[107] [    16341301]   0-None                     (    0)
[108] [    16351327]   0-None                     (    0)
[109] [    16361342]   0-None                     (    0)
[110] [    16371365]   0-None                     (    0)
[111] [    16381380]   0-None                     (    0)
[112] [    16391387]   0-None                     (    0)
[113] [    16401405]   0-None                     (    0)
[114] [    16411428]   0-None                     (    0)
[115] [    16421447]   0-None                     (    0)
[116] [    16431467]   0-None                     (    0)
[117] [    16441491]   0-None                     (    0)
[118] [    16451504]   0-None                     (    0)
[119] [    16461532]   0-None                     (    0)
[120] [    16471549]   0-None                     (    0)
[121] [    16481552]   0-None                     (    0)
[122] [    16491572]   0-None                     (    0)
[123] [    16501611]   0-None                     (    0)
[124] [    16511612]   0-None                     (    0)
[125] [    16521654]   0-None                     (    0)
[126] [    16531656]   0-None                     (    0)
[127] [    16541673]   0-None                     (    0)
[128] [    16551696]   0-None                     (    0)
[129] [    16561715]   0-None                     (    0)
[130] [    16571739]   0-None                     (    0)
[131] [    16581738]   0-None                     (    0)
[132] [    16591758]   0-None                     (    0)
[133] [    16601781]   0-None                     (    0)
[134] [    16611799]   0-None                     (    0)
[135] [    16621801]   0-None                     (    0)
[136] [    16631818]   0-None                     (    0)
[137] [    16641822]   0-None                     (    0)
[138] [    16651843]   0-None                     (    0)
[139] [    16661859]   0-None                     (    0)
[140] [    16671860]   0-None                     (    0)
[141] [    16681881]   0-None                     (    0)
[142] [    16691900]   0-None                     (    0)
[143] [    16701902]   0-None                     (    0)
[144] [    16711920]   0-None                     (    0)
[145] [    16721924]   0-None                     (    0)
[146] [    16731943]   0-None                     (    0)
[147] [    16741962]   0-None                     (    0)
[148] [    16751987]   0-None                     (    0)
[149] [    16762001]   0-None                     (    0)
[150] [    16772021]   0-None                     (    0)
[151] [    16782045]   0-None                     (    0)
[152] [    16792048]   0-None                     (    0)
[153] [    16802067]   0-None                     (    0)
[154] [    16812067]   0-None                     (    0)
[155] [    16822087]   0-None                     (    0)
[156] [    16832105]   0-None                     (    0)
[157] [    16842107]   0-None                     (    0)
[158] [    16852130]   0-None                     (    0)
[159] [    16862151]   0-None                     (    0)
[160] [    16872169]   0-None                     (    0)
[161] [    16882175]   0-None                     (    0)
[162] [    16892191]   0-None                     (    0)
[163] [    16902211]   0-None                     (    0)
[164] [    16912234]   0-None                     (    0)
[165] [    16922254]   0-None                     (    0)
[166] [    16932272]   0-None                     (    0)
[167] [    16942296]   0-None                     (    0)
[168] [    16952315]   0-None                     (    0)
[169] [    16962335]   0-None                     (    0)
[170] [    16972358]   0-None                     (    0)
[171] [    16982372]   0-None                     (    0)
[172] [    16992379]   0-None                     (    0)
[173] [    17002398]   0-None                     (    0)
[174] [    17012414]   0-None                     (    0)
[175] [    17022437]   0-None                     (    0)
[176] [    17032458]   0-None                     (    0)
[177] [    17042483]   0-None                     (    0)
[178] [    17052496]   0-None                     (    0)
[179] [    17062517]   0-None                     (    0)
[180] [    17072540]   0-None                     (    0)
[181] [    17082563]   0-None                     (    0)
[182] [    17092583]   0-None                     (    0)
[183] [    17102608]   0-None                     (    0)
[184] [    17112628]   0-None                     (    0)
[185] [    17122666]   0-None                     (    0)
[186] [    17132671]   0-None                     (    0)
[187] [    17142690]   0-None                     (    0)
[188] [    17152724]   0-None                     (    0)
[189] [    17162746]   0-None                     (    0)
[190] [    17172747]   0-None                     (    0)
[191] [    17182771]   0-None                     (    0)
[192] [    17192786]   0-None                     (    0)
[193] [    17202808]   0-None                     (    0)
[194] [    17212811]   0-None                     (    0)
[195] [    17222814]   0-None                     (    0)
[196] [    17232835]   0-None                     (    0)
[197] [    17242849]   0-None                     (    0)
[198] [    17252871]   0-None                     (    0)
[199] [    17262869]   0-None                     (    0)
[200] [    17272889]   0-None                     (    0)
[201] [    17282912]   0-None                     (    0)
[202] [    17292935]   0-None                     (    0)
[203] [    17302934]   0-None                     (    0)
[204] [    17312954]   0-None                     (    0)
[205] [    17322978]   0-None                     (    0)
[206] [    17332992]   0-None                     (    0)
[207] [    17343013]   0-None                     (    0)
[208] [    17353015]   0-None                     (    0)
[209] [    17363036]   0-None                     (    0)
[210] [    17373040]   0-None                     (    0)
[211] [    17383059]   0-None                     (    0)
[212] [    17393058]   0-None                     (    0)
[213] [    17403078]   0-None                     (    0)
[214] [    17413082]   0-None                     (    0)
[215] [    17423097]   0-None                     (    0)
[216] [    17433098]   0-None                     (    0)
[217] [    17443121]   0-None                     (    0)
[218] [    17453141]   0-None                     (    0)
[219] [    17463159]   0-None                     (    0)
[220] [    17473162]   0-None                     (    0)
[221] [    17483166]   0-None                     (    0)
[222] [    17493183]   0-None                     (    0)
[223] [    17503183]   0-None                     (    0)
[224] [    17513186]   0-None                     (    0)
[225] [    17523200]   0-None                     (    0)
[226] [    17533223]   0-None                     (    0)
[227] [    17543224]   0-None                     (    0)
[228] [    17553238]   0-None                     (    0)
[229] [    17563245]   0-None                     (    0)
[230] [    17573264]   0-None                     (    0)
[231] [    17583266]   0-None                     (    0)
[232] [    17593283]   0-None                     (    0)
[233] [    17603286]   0-None                     (    0)
[234] [    17613305]   0-None                     (    0)
[235] [    17623325]   0-None                     (    0)
[236] [    17633329]   0-None                     (    0)
[237] [    17643344]   0-None                     (    0)
[238] [    17653345]   0-None                     (    0)
[239] [    17663366]   0-None                     (    0)
[240] [    17673363]   0-None                     (    0)
[241] [    17683383]   0-None                     (    0)
[242] [    17693406]   0-None                     (    0)
[243] [    17703409]   0-None                     (    0)
[244] [    17713411]   0-None                     (    0)
[245] [    17723430]   0-None                     (    0)
[246] [    17733449]   0-None                     (    0)
[247] [    17743466]   0-None                     (    0)
[248] [    17753488]   0-None                     (    0)
[249] [    17763493]   0-None                     (    0)
[250] [    17773510]   0-None                     (    0)
[251] [    17783527]   0-None                     (    0)
[252] [    17793553]   0-None                     (    0)
[253] [    17803557]   0-None                     (    0)
[254] [    17813571]   0-None                     (    0)
[255] [    17823594]   0-None                     (    0)
[  0] [    17833615]   0-None                     (    0)
[  1] [    17843611]   0-None                     (    0)
[  2] [    17853638]   0-None                     (    0)
[  3] [    17863637]   0-None                     (    0)
[  4] [    17873655]   0-None                     (    0)
[  5] [    17883678]   0-None                     (    0)
[  6] [    17893676]   0-None                     (    0)
[  7] [    17903696]   0-None                     (    0)
[  8] [    17913700]   0-None                     (    0)
[  9] [    17923716]   0-None                     (    0)
[ 10] [    17933737]   0-None                     (    0)
[ 11] [    17943758]   0-None                     (    0)
[ 12] [    17953761]   0-None                     (    0)
[ 13] [    17963781]   0-None                     (    0)
[ 14] [    17973781]   0-None                     (    0)
[ 15] [    17983801]   0-None                     (    0)
[ 16] [    17993801]   0-None                     (    0)
[ 17] [    18003820]   0-None                     (    0)
[ 18] [    18013837]   0-None                     (    0)
[ 19] [    18023840]   0-None                     (    0)
[ 20] [    18033861]   0-None                     (    0)
[ 21] [    18043860]   0-None                     (    0)
[ 22] [    18053880]   0-None                     (    0)
[ 23] [    18063886]   0-None                     (    0)
[ 24] [    18073903]   0-None                     (    0)
[ 25] [    18083926]   0-None                     (    0)
[ 26] [    18093927]   0-None                     (    0)
[ 27] [    18103942]   0-None                     (    0)
[ 28] [    18113965]   0-None                     (    0)
[ 29] [    18123980]   0-None                     (    0)
[ 30] [    18133980]   0-None                     (    0)
[ 31] [    18144002]   0-None                     (    0)
[ 32] [    18154025]   0-None                     (    0)
[ 33] [    18164028]   0-None                     (    0)
[ 34] [    18174047]   0-None                     (    0)
[ 35] [    18184067]   0-None                     (    0)
[ 36] [    18194071]   0-None                     (    0)
[ 37] [    18204106]   0-None                     (    0)
[ 38] [    18214125]   0-None                     (    0)
[ 39] [    18224127]   0-None                     (    0)
[ 40] [    18234149]   0-None                     (    0)
[ 41] [    18244172]   0-None                     (    0)
[ 42] [    18254171]   0-None                     (    0)
[ 43] [    18264190]   0-None                     (    0)
[ 44] [    18274195]   0-None                     (    0)
[ 45] [    18284210]   0-None                     (    0)
[ 46] [    18294231]   0-None                     (    0)
[ 47] [    18304229]   0-None                     (    0)
[ 48] [    18314249]   0-None                     (    0)
[ 49] [    18324254]   0-None                     (    0)
[ 50] [    18334253]   0-None                     (    0)
[ 51] [    18344269]   0-None                     (    0)
[ 52] [    18354273]   0-None                     (    0)
[ 53] [    18364277]   0-None                     (    0)
[ 54] [    18374293]   0-None                     (    0)
[ 55] [    18384315]   0-None                     (    0)
[ 56] [    18394331]   0-None                     (    0)
[ 57] [    18404338]   0-None                     (    0)
[ 58] [    18414351]   0-None                     (    0)
[ 59] [    18424373]   0-None                     (    0)
[ 60] [    18434374]   0-None                     (    0)
[ 61] [    18444396]   0-None                     (    0)
[ 62] [    18454399]   0-None                     (    0)
[ 63] [    18464418]   0-None                     (    0)
[ 64] [    18474418]   0-None                     (    0)
[ 65] [    18484437]   0-None                     (    0)
[ 66] [    18494441]   0-None                     (    0)
[ 67] [    18504457]   0-None                     (    0)
[ 68] [    18514478]   0-None                     (    0)
[ 69] [    18524496]   0-None                     (    0)
[ 70] [    18534497]   0-None                     (    0)
[ 71] [    18544519]   0-None                     (    0)
[ 72] [    18554543]   0-None                     (    0)
[ 73] [    18564561]   0-None                     (    0)
[ 74] [    18574565]   0-None                     (    0)
[ 75] [    18584600]   0-None                     (    0)
[ 76] [    18594606]   0-None                     (    0)
[ 77] [    18604624]   0-None                     (    0)
[ 78] [    18614626]   0-None                     (    0)
[ 79] [    18624643]   0-None                     (    0)
[ 80] [    18634667]   0-None                     (    0)
[ 81] [    18644685]   0-None                     (    0)
