[240] [     7417388] 1 | True  True 00 ( 1358,  243)   4   720  1380
[241] [     7427392] 1 | True  True 00 ( 1361,  245)   4   759  1400
[242] [     7437395] 1 | True  True 00 ( 1368,  251)   4   728  1252
[243] [     7447398] 1 | True  True 00 ( 1377,  261)   4   723  1172
[244] [     7457392] 1 | True  True 00 ( 1385,  272)   4   782  1188
[245] [     7467395] 1 | True  True 00 ( 1392,  284)   4   756  1048
[246] [     7477398] 1 | True  True 00 ( 1399,  299)   4   775  1012
[247] [     7487414] 1 | True  True 00 ( 1406,  315)   4   762  1268
[248] [     7497437] 1 | True  True 00 ( 1412,  335)   7   928  1504
[249] [     7507433] 1 | True  True 00 ( 1418,  352)   4   717  1648
[250] [     7517452] 1 | True  True 00 ( 1422,  368)   4   785  1684
[251] [     7527450] 1 | True  True 00 ( 1425,  386)   4   819  1468
[252] [     7537469] 1 | True  True 00 ( 1429,  403)   5   861  1224
[253] [     7547474] 1 | True  True 00 ( 1430,  420)   4   836  1476
[254] [     7557469] 1 | True  True 00 ( 1430,  437)   4   740  1456
[255] [     7567487] 1 | True  True 00 ( 1429,  455)   5   805  1616
[  0] [     7577487] 1 | True  True 00 ( 1430,  473)   4   678  1456
[  1] [     7587511] 1 | True  True 00 ( 1430,  491)   4   826  1420
[  2] [     7597507] 1 | True  True 00 ( 1428,  507)   5   913  1208
[  3] [     7607510] 1 | True  True 00 ( 1427,  524)   4   775  1236
[  4] [     7617528] 1 | True  True 00 ( 1426,  545)   4   685  1400
[  5] [     7627527] 1 | True  True 00 ( 1423,  564)   3   615  1364
[  6] [     7637531] 1 | True  True 00 ( 1417,  580)   6   852  1272
[  7] [     7647534] 1 | True  True 00 ( 1411,  597)   4   762  1036
[  8] [     7657532] 1 | True  True 00 ( 1403,  613)   4   771  1108
[  9] [     7667550] 1 | True  True 00 ( 1393,  628)   4   729  1080
[ 10] [     7677554] 1 | True  True 00 ( 1382,  643)   5   756  1316
[ 11] [     7687553] 1 | True  True 00 ( 1369,  657)   4   733  1620
[ 12] [     7697553] 1 | True  True 00 ( 1356,  671)   4   717  1656
[ 13] [     7707572] 1 | True  True 00 ( 1344,  686)   4   684  1496
[ 14] [     7717572] 1 | True  True 00 ( 1332,  699)   4   740  1424
[ 15] [     7727572] 1 | True  True 00 ( 1320,  711)   4   785  1224
[ 16] [     7737572] 1 | True  True 00 ( 1306,  721)   5   817  1224
[ 17] [     7747592] 1 | True  True 00 ( 1289,  731)   5   759  1388
[ 18] [     7757589] 1 | True  True 00 ( 1271,  739)   5   807  1444
[ 19] [     7767593] 1 | True  True 00 ( 1254,  747)   4   813  1280
[ 20] [     7777610] 1 | True  True 00 ( 1237,  753)   4   822  1044
[ 21] [     7787612] 1 | True  True 00 ( 1221,  760)   4   792   824
[ 22] [     7797615] 1 | True  True 00 ( 1205,  765)   4   783   988
[ 23] [     7807629] 1 | True  True 00 ( 1187,  770)   6   845  1188
[ 24] [     7817630] 1 | True  True 00 ( 1167,  773)   4   786  1352
[ 25] [     7827629] 1 | True  True 00 ( 1149,  775)   4   795  1316
[ 26] [     7837649] 1 | True  True 00 ( 1132,  777)   4   802  1116
[ 27] [     7847652] 1 | True  True 00 ( 1115,  778)   4   796   880
[ 28] [     7857655] 1 | True  True 00 ( 1098,  778)   4   775  1040
[ 29] [     7867654] 1 | True  True 00 ( 1081,  777)   5   800  1132
[ 30] [     7877672] 1 | True  True 00 ( 1062,  776)   4   745  1268
[ 31] [     7887676] 1 | True  True 00 ( 1043,  773)   4   797  1252
[ 32] [     7897661] 1 | True  True 00 ( 1026,  770)   4   785  1160
[ 33] [     7907669] 1 | True  True 00 ( 1010,  766)   4   787  1088
[ 34] [     7917656] 1 | True  True 00 (  994,  760)   4   750  1128
[ 35] [     7927672] 1 | True  True 00 (  977,  753)   4   757  1440
[ 36] [     7937675] 1 | True  True 00 (  960,  747)   4   714  1628
[ 37] [     7947675] 1 | True  True 00 (  942,  739)   4   698  1680
[ 38] [     7957674] 1 | True  True 00 (  926,  729)   4   716  1544
[ 39] [     7967674] 1 | True  True 00 (  912,  719)   4   712  1352
[ 40] [     7977674] 1 | True  True 00 (  899,  708)   4   733  1056
[ 41] [     7987693] 1 | True  True 00 (  887,  695)   4   735   772
[ 42] [     7997693] 1 | True  True 00 (  875,  681)   4   758   984
[ 43] [     8007713] 1 | True  True 00 (  865,  668)   4   716  1196
[ 44] [     8017717] 1 | True  True 00 (  854,  654)   4   705  1476
[ 45] [     8027733] 1 | True  True 00 (  842,  637)   6   853  1528
[ 46] [     8037753] 1 | True  True 00 (  829,  623)   4   657  1528
[ 47] [     8047751] 1 | True  True 00 (  819,  609)   4   699  1424
[ 48] [     8057773] 1 | True  True 00 (  812,  594)   3   639  1112
[ 49] [     8067795] 1 | True  True 00 (  805,  577)   4   766  1420
[ 50] [     8077798] 1 | True  True 00 (  798,  559)   4   812  1744
[ 51] [     8087817] 1 | True  True 00 (  795,  541)   4   644  1580
[ 52] [     8097816] 1 | True  True 00 (  793,  523)   4   773  1760
[ 53] [     8107836] 1 | True  True 00 (  789,  506)   5   886  1508
[ 54] [     8117859] 1 | True  True 00 (  788,  486)   4   760  1168
[ 55] [     8127873] 1 | True  True 00 (  786,  467)   4   747  1356
[ 56] [     8137902] 1 | True  True 00 (  786,  445)   3   675  1724
[ 57] [     8147900] 1 | True  True 00 (  786,  429)   5   828  1760
[ 58] [     8157919] 1 | True  True 00 (  787,  413)   4   749  1724
[ 59] [     8167943] 1 | True  True 00 (  788,  395)   4   772  1576
[ 60] [     8177962] 1 | True  True 00 (  790,  378)   4   780  1300
[ 61] [     8187981] 1 | True  True 00 (  793,  361)   4   708  1296
[ 62] [     8197981] 1 | True  True 00 (  798,  345)   4   720  1420
[ 63] [     8208001] 1 | True  True 00 (  806,  329)   4   745  1440
[ 64] [     8218018] 1 | True  True 00 (  817,  313)   4   706  1296
[ 65] [     8228020] 1 | True  True 00 (  829,  297)   4   728  1148
[ 66] [     8238042] 1 | True  True 00 (  839,  282)   4   722  1008
[ 67] [     8248045] 1 | True  True 00 (  850,  267)   4   764  1060
[ 68] [     8258064] 1 | True  True 00 (  861,  252)   4   750  1008
[ 69] [     8268084] 1 | True  True 00 (  871,  238)   4   768  1384
[ 70] [     8278086] 1 | True  True 00 (  883,  224)   4   744  1560
[ 71] [     8288101] 1 | True  True 00 (  896,  212)   4   731  1488
[ 72] [     8298102] 1 | True  True 00 (  912,  202)   6   813  1292
[ 73] [     8308124] 1 | True  True 00 (  929,  191)   5   774  1232
[ 74] [     8318144] 1 | True  True 00 (  945,  181)   6   838  1412
[ 75] [     8328146] 1 | True  True 00 (  961,  172)   4   712  1568
[ 76] [     8338169] 1 | True  True 00 (  976,  164)   4   734  1708
[ 77] [     8348188] 1 | True  True 00 (  989,  157)   4   752  1568
[ 78] [     8358207] 1 | True  True 00 ( 1007,  150)   4   685  1200
[ 79] [     8368212] 1 | True  True 00 ( 1025,  145)   4   767  1092
[ 80] [     8378226] 1 | True  True 00 ( 1043,  141)   4   765  1132
[ 81] [     8388248] 1 | True  True 00 ( 1061,  139)   4   770  1384
[ 82] [     8398266] 1 | True  True 00 ( 1078,  137)   5   836  1512
[ 83] [     8408267] 1 | True  True 00 ( 1094,  135)   4   715  1384
[ 84] [     8418289] 1 | True  True 00 ( 1113,  133)   4   765  1296
[ 85] [     8428293] 1 | True  True 00 ( 1134,  133)   4   803  1080
[ 86] [     8438312] 1 | True  True 00 ( 1153,  134)   4   775  1296
[ 87] [     8448330] 1 | True  True 00 ( 1171,  136)   4   784  1532
[ 88] [     8458353] 1 | True  True 00 ( 1186,  140)   4   734  1676
[ 89] [     8468375] 1 | True  True 00 ( 1201,  144)   5   743  1624
[ 90] [     8478371] 1 | True  True 00 ( 1219,  149)   5   799  1460
[ 91] [     8488396] 1 | True  True 00 ( 1237,  156)   4   754  1276
[ 92] [     8498413] 1 | True  True 00 ( 1255,  163)   4   747  1240
[ 93] [     8508420] 1 | True  True 00 ( 1272,  171)   4   797  1404
[ 94] [     8518438] 1 | True  True 00 ( 1287,  180)   4   801  1404
[ 95] [     8528459] 1 | True  True 00 ( 1300,  190)   4   811  1332
[ 96] [     8538474] 1 | True  True 00 ( 1312,  200)   5   813  1272
[ 97] [     8548476] 1 | True  True 00 ( 1325,  212)   4   748  1400
[ 98] [     8558496] 1 | True  True 00 ( 1340,  225)   3   664  1308
[ 99] [     8568494] 1 | True  True 00 ( 1355,  238)   5   794  1252
[100] [     8578513] 1 | True  True 00 ( 1369,  253)   5   785  1172
[101] [     8588515] 1 | True  True 00 ( 1380,  268)   4   768  1172
[102] [     8598515] 1 | True  True 00 ( 1389,  283)   4   784  1064
[103] [     8608517] 1 | True  True 00 ( 1397,  298)   4   797  1012
[104] [     8618540] 1 | True  True 00 ( 1404,  314)   4   786  1284
[105] [     8628540] 1 | True  True 00 ( 1410,  333)   7   953  1540
[106] [     8638540] 1 | True  True 00 ( 1416,  351)   4   726  1628
[107] [     8648559] 1 | True  True 00 ( 1421,  369)   4   790  1704
[108] [     8658578] 1 | True  True 00 ( 1425,  385)   4   815  1484
[109] [     8668582] 1 | True  True 00 ( 1426,  403)   5   915  1212
[110] [     8678598] 1 | True  True 00 ( 1428,  419)   4   774  1332
[111] [     8688599] 1 | True  True 00 ( 1429,  436)   4   758  1580
[112] [     8698621] 1 | True  True 00 ( 1431,  454)   5   800  1848
[113] [     8708619] 1 | True  True 00 ( 1431,  472)   4   866  1848
[114] [     8718638] 1 | True  True 00 ( 1431,  489)   5   844  1492
[115] [     8728641] 1 | True  True 00 ( 1429,  506)   4   865  1192
[116] [     8738659] 1 | True  True 00 ( 1427,  523)   4   771  1184
[117] [     8748664] 1 | True  True 00 ( 1423,  540)   4   798  1400
[118] [     8758662] 1 | True  True 00 ( 1420,  557)   5   788  1384
[119] [     8768686] 1 | True  True 00 ( 1416,  575)   4   727  1256
[120] [     8778686] 1 | True  True 00 ( 1410,  594)   4   757  1052
[121] [     8788686] 1 | True  True 00 ( 1402,  611)   4   756  1088
[122] [     8798706] 1 | True  True 00 ( 1393,  627)   4   721  1064
[123] [     8808702] 1 | True  True 00 ( 1380,  643)   4   688  1296
[124] [     8818706] 1 | True  True 00 ( 1367,  657)   4   719  1532
[125] [     8828722] 1 | True  True 00 ( 1355,  670)   4   731  1640
[126] [     8838742] 1 | True  True 00 ( 1343,  683)   5   760  1568
[127] [     8848740] 1 | True  True 00 ( 1332,  697)   4   736  1460
[128] [     8858739] 1 | True  True 00 ( 1320,  709)   4   754  1136
[129] [     8868746] 1 | True  True 00 ( 1306,  720)   4   776  1316
[130] [     8878745] 1 | True  True 00 ( 1291,  730)   5   797  1372
[131] [     8888742] 1 | True  True 00 ( 1272,  739)   4   762  1408
[132] [     8898763] 1 | True  True 00 ( 1254,  747)   4   817  1316
[133] [     8908767] 1 | True  True 00 ( 1238,  754)   4   799  1064
[134] [     8918766] 1 | True  True 00 ( 1223,  760)   4   769   820
[135] [     8928786] 1 | True  True 00 ( 1207,  766)   4   775   952
[136] [     8938785] 1 | True  True 00 ( 1189,  770)   5   806  1188
[137] [     8948805] 1 | True  True 00 ( 1170,  773)   4   760  1300
[138] [     8958805] 1 | True  True 00 ( 1151,  775)   4   790  1244
[139] [     8968805] 1 | True  True 00 ( 1133,  777)   4   783  1060
[140] [     8978824] 1 | True  True 00 ( 1116,  778)   4   795   876
[141] [     8988821] 1 | True  True 00 ( 1100,  778)   4   766  1004
[142] [     8998846] 1 | True  True 00 ( 1082,  777)   4   742  1108
[143] [     9008841] 1 | True  True 00 ( 1062,  775)   4   776  1252
[144] [     9018864] 1 | True  True 00 ( 1043,  773)   4   822  1320
[145] [     9028882] 1 | True  True 00 ( 1026,  770)   4   759  1108
[146] [     9038902] 1 | True  True 00 ( 1010,  765)   4   747  1052
[147] [     9048908] 1 | True  True 00 (  995,  760)   4   771  1144
[148] [     9058932] 1 | True  True 00 (  979,  754)   3   659  1336
[149] [     9068931] 1 | True  True 00 (  961,  747)   4   702  1612
[150] [     9078952] 1 | True  True 00 (  943,  739)   4   678  1700
[151] [     9088968] 1 | True  True 00 (  928,  729)   4   711  1576
[152] [     9098989] 1 | True  True 00 (  913,  719)   4   720  1336
[153] [     9109008] 1 | True  True 00 (  900,  708)   4   729  1056
[154] [     9119010] 1 | True  True 00 (  887,  696)   4   752   844
[155] [     9129033] 1 | True  True 00 (  875,  683)   4   758  1000
[156] [     9139052] 1 | True  True 00 (  864,  669)   5   813  1284
[157] [     9149052] 1 | True  True 00 (  852,  653)   6   851  1476
[158] [     9159071] 1 | True  True 00 (  840,  639)   5   742  1548
[159] [     9169075] 1 | True  True 00 (  829,  622)   5   817  1600
[160] [     9179091] 1 | True  True 00 (  819,  608)   3   642  1440
[161] [     9189091] 1 | True  True 00 (  811,  590)   5   894  1328
[162] [     9199115] 1 | True  True 00 (  804,  572)   4   780  1508
[163] [     9209135] 1 | True  True 00 (  799,  555)   4   762  1744
[164] [     9219153] 1 | True  True 00 (  795,  539)   5   818  1760
[165] [     9229156] 1 | True  True 00 (  793,  521)   4   652  1456
[166] [     9239175] 1 | True  True 00 (  791,  501)   4   680  1220
[167] [     9249195] 1 | True  True 00 (  788,  485)   4   862  1328
[168] [     9259199] 1 | True  True 00 (  787,  466)   4   744  1412
[169] [     9269214] 1 | True  True 00 (  787,  445)   3   688  1704
[170] [     9279235] 1 | True  True 00 (  786,  427)   4   716  1724
[171] [     9289232] 1 | True  True 00 (  786,  411)   3   690  1724
[172] [     9299260] 1 | True  True 00 (  787,  394)   5   847  1612
[173] [     9309258] 1 | True  True 00 (  789,  378)   5   853  1340
[174] [     9319274] 1 | True  True 00 (  791,  362)   5   806  1296
[175] [     9329283] 1 | True  True 00 (  796,  345)   4   774  1404
[176] [     9339299] 1 | True  True 00 (  805,  329)   4   712  1420
[177] [     9349297] 1 | True  True 00 (  816,  314)   4   742  1420
[178] [     9359317] 1 | True  True 00 (  828,  298)   3   657  1148
[179] [     9369321] 1 | True  True 00 (  839,  283)   4   763  1096
[180] [     9379337] 1 | True  True 00 (  849,  268)   4   778  1060
[181] [     9389357] 1 | True  True 00 (  860,  253)   4   733   976
[182] [     9399355] 1 | True  True 00 (  871,  239)   4   759  1348
[183] [     9409362] 1 | True  True 00 (  882,  226)   3   664  1560
[184] [     9419380] 1 | True  True 00 (  895,  214)   4   730  1508
[185] [     9429403] 1 | True  True 00 (  912,  203)   5   782  1292
[186] [     9439403] 1 | True  True 00 (  928,  193)   4   735  1188
[187] [     9449403] 1 | True  True 00 (  944,  183)   5   748  1356
[188] [     9459422] 1 | True  True 00 (  959,  174)   5   805  1568
[189] [     9469422] 1 | True  True 00 (  974,  166)   3   648  1588
[190] [     9479441] 1 | True  True 00 (  989,  158)   4   761  1588
[191] [     9489466] 1 | True  True 00 ( 1006,  152)   4   710  1304
[192] [     9499479] 1 | True  True 00 ( 1025,  146)   4   754  1056
[193] [     9509479] 1 | True  True 00 ( 1043,  142)   4   742  1080
[194] [     9519507] 1 | True  True 00 ( 1061,  138)   4   762  1348
[195] [     9529524] 1 | True  True 00 ( 1079,  136)   4   764  1528
[196] [     9539527] 1 | True  True 00 ( 1095,  134)   5   788  1420
[197] [     9549546] 1 | True  True 00 ( 1114,  133)   5   790  1240
[198] [     9559565] 1 | True  True 00 ( 1134,  133)   4   753  1008
[199] [     9569569] 1 | True  True 00 ( 1153,  135)   4   761  1296
[200] [     9579584] 1 | True  True 00 ( 1171,  137)   4   766  1532
[201] [     9589606] 1 | True  True 00 ( 1186,  139)   4   766  1676
[202] [     9599605] 1 | True  True 00 ( 1201,  143)   5   811  1712
[203] [     9609623] 1 | True  True 00 ( 1220,  147)   5   788  1420
[204] [     9619649] 1 | True  True 00 ( 1239,  154)   4   766  1276
[205] [     9629650] 1 | True  True 00 ( 1256,  162)   4   788  1276
[206] [     9639674] 1 | True  True 00 ( 1272,  171)   4   788  1332
[207] [     9649692] 1 | True  True 00 ( 1287,  179)   4   798  1460
[208] [     9659708] 1 | True  True 00 ( 1301,  190)   4   791  1240
[209] [     9669708] 1 | True  True 00 ( 1312,  201)   5   808  1272
[210] [     9679729] 1 | True  True 00 ( 1326,  213)   5   781  1324
[211] [     9689749] 1 | True  True 00 ( 1340,  225)   4   711  1288
[212] [     9699750] 1 | True  True 00 ( 1355,  238)   4   733  1236
[213] [     9709772] 1 | True  True 00 ( 1369,  252)   3   677  1208
[214] [     9719774] 1 | True  True 00 ( 1381,  267)   4   795  1224
[215] [     9729792] 1 | True  True 00 ( 1389,  281)   4   784  1084
[216] [     9739812] 1 | True  True 00 ( 1398,  296)   4   784   976
[217] [     9749814] 1 | True  True 00 ( 1406,  313)   4   758  1284
[218] [     9759830] 1 | True  True 00 ( 1413,  329)   5   799  1576
[219] [     9769851] 1 | True  True 00 ( 1419,  346)   4   745  1756
[220] [     9779850] 1 | True  True 00 ( 1423,  361)   3   663  1628
[221] [     9789878] 1 | True  True 00 ( 1425,  379)   4   820  1520
[222] [     9799876] 1 | True  True 00 ( 1428,  395)   4   741  1232
[223] [     9809894] 1 | True  True 00 ( 1430,  413)   5   815  1332
[224] [     9819898] 1 | True  True 00 ( 1431,  432)   4   790  1672
[225] [     9829917] 1 | True  True 00 ( 1433,  451)   5   743  1672
[226] [     9839917] 1 | True  True 00 ( 1435,  471)   4   655  1420
[227] [     9849936] 1 | True  True 00 ( 1433,  489)   5   897  1476
[228] [     9859940] 1 | True  True 00 ( 1430,  505)   5   923  1280
[229] [     9869956] 1 | True  True 00 ( 1428,  523)   5   780  1220
[230] [     9879976] 1 | True  True 00 ( 1425,  540)   4   811  1420
[231] [     9889975] 1 | True  True 00 ( 1422,  559)   4   690  1384
[232] [     9900000] 1 | True  True 00 ( 1416,  576)   5   829  1308
[233] [     9909996] 1 | True  True 00 ( 1411,  593)   4   757  1072
[234] [     9920019] 1 | True  True 00 ( 1404,  610)   4   762  1020
[235] [     9930023] 1 | True  True 00 ( 1395,  626)   4   734  1036
[236] [     9940038] 1 | True  True 00 ( 1384,  641)   5   769  1280
[237] [     9950061] 1 | True  True 00 ( 1370,  657)   4   729  1584
[238] [     9960065] 1 | True  True 00 ( 1357,  671)   3   667  1656
[239] [     9970080] 1 | True  True 00 ( 1345,  684)   6   813  1604
[240] [     9980081] 1 | True  True 00 ( 1333,  698)   4   749  1404
[241] [     9990102] 1 | True  True 00 ( 1321,  709)   4   763  1172
[242] [    10000120] 1 | True  True 00 ( 1307,  721)   4   767  1280
[243] [    10010144] 1 | True  True 00 ( 1290,  731)   5   791  1352
[244] [    10020148] 1 | True  True 00 ( 1272,  739)   5   811  1444
[245] [    10030168] 1 | True  True 00 ( 1255,  747)   4   798  1316
[246] [    10040162] 1 | True  True 00 ( 1238,  754)   4   827  1028
[247] [    10050184] 1 | True  True 00 ( 1222,  760)   4   805   836
[248] [    10060188] 1 | True  True 00 ( 1206,  765)   4   783   952
[249] [    10070204] 1 | True  True 00 ( 1189,  769)   5   806  1152
[250] [    10080226] 1 | True  True 00 ( 1169,  772)   4   782  1316
[251] [    10090225] 1 | True  True 00 ( 1150,  774)   4   817  1280
[252] [    10100246] 1 | True  True 00 ( 1133,  776)   4   793  1080
[253] [    10110263] 1 | True  True 00 ( 1116,  777)   4   787   896
[254] [    10120287] 1 | True  True 00 ( 1100,  778)   4   807  1040
[255] [    10130307] 1 | True  True 00 ( 1082,  777)   5   791  1072
[  0] [    10140312] 1 | True  True 00 ( 1061,  775)   4   767  1232
[  1] [    10150328] 1 | True  True 00 ( 1043,  773)   4   775  1252
[  2] [    10160348] 1 | True  True 00 ( 1025,  769)   4   789  1144
[  3] [    10170346] 1 | True  True 00 ( 1010,  765)   4   778  1088
[  4] [    10180366] 1 | True  True 00 (  994,  759)   4   750  1092
[  5] [    10190391] 1 | True  True 00 (  977,  753)   4   705  1404
[  6] [    10200395] 1 | True  True 00 (  959,  747)   4   710  1612
[  7] [    10210411] 1 | True  True 00 (  942,  739)   5   744  1716
[  8] [    10220429] 1 | True  True 00 (  927,  730)   3   658  1612
[  9] [    10230455] 1 | True  True 00 (  914,  720)   4   746  1456
[ 10] [    10240455] 1 | True  True 00 (  901,  709)   4   730  1076
[ 11] [    10250489] 1 | True  True 00 (  889,  696)   4   734   792
[ 12] [    10260492] 1 | True  True 00 (  877,  683)   4   740   948
[ 13] [    10270515] 1 | True  True 00 (  866,  670)   4   755  1248
[ 14] [    10280519] 1 | True  True 00 (  855,  656)   4   682  1352
[ 15] [    10290539] 1 | True  True 00 (  842,  642)   5   732  1580
[ 16] [    10300554] 1 | True  True 00 (  830,  624)   5   823  1616
[ 17] [    10310577] 1 | True  True 00 (  820,  609)   4   681  1404
[ 18] [    10320592] 1 | True  True 00 (  811,  591)   5   880  1312
[ 19] [    10330613] 1 | True  True 00 (  805,  574)   4   707  1328
[ 20] [    10340615] 1 | True  True 00 (  800,  558)   4   713  1544
[ 21] [    10350638] 1 | True  True 00 (  797,  541)   4   658  1564
[ 22] [    10360660] 1 | True  True 00 (  795,  523)   5   809  1780
[ 23] [    10370658] 1 | True  True 00 (  791,  506)   5   879  1492
[ 24] [    10380678] 1 | True  True 00 (  789,  485)   4   711  1044
[ 25] [    10390700] 1 | True  True 00 (  789,  465)   3   705  1412
[ 26] [    10400721] 1 | True  True 00 (  787,  446)   4   790  1688
[ 27] [    10410739] 1 | True  True 00 (  788,  432)   3   689  1744
[ 28] [    10420761] 1 | True  True 00 (  788,  415)   4   745  1744
[ 29] [    10430764] 1 | True  True 00 (  789,  398)   5   821  1576
[ 30] [    10440783] 1 | True  True 00 (  792,  380)   4   776  1376
[ 31] [    10450802] 1 | True  True 00 (  794,  363)   5   823  1368
[ 32] [    10460807] 1 | True  True 00 (  798,  346)   4   762  1496
[ 33] [    10470821] 1 | True  True 00 (  807,  330)   4   730  1420
[ 34] [    10480842] 1 | True  True 00 (  818,  314)   4   742  1368
[ 35] [    10490862] 1 | True  True 00 (  828,  297)   4   728  1184
[ 36] [    10500885] 1 | True  True 00 (  839,  281)   4   763  1080
[ 37] [    10510906] 1 | True  True 00 (  849,  267)   4   735  1044
[ 38] [    10520906] 1 | True  True 00 (  860,  253)   4   772  1008
[ 39] [    10530928] 1 | True  True 00 (  870,  239)   4   772  1312
[ 40] [    10540945] 1 | True  True 00 (  882,  226)   5   797  1540
[ 41] [    10550966] 1 | True  True 00 (  894,  214)   4   713  1436
[ 42] [    10560987] 1 | True  True 00 (  910,  203)   3   675  1384
[ 43] [    10571009] 1 | True  True 00 (  927,  193)   4   717  1164
[ 44] [    10581031] 1 | True  True 00 (  944,  183)   5   728  1288
[ 45] [    10591050] 1 | True  True 00 (  960,  173)   4   730  1604
[ 46] [    10601075] 1 | True  True 00 (  974,  165)   4   739  1640
[ 47] [    10611088] 1 | True  True 00 (  987,  157)   4   721  1552
[ 48] [    10621110] 1 | True  True 00 ( 1005,  151)   4   737  1356
[ 49] [    10631132] 1 | True  True 00 ( 1025,  146)   4   763  1076
[ 50] [    10641156] 1 | True  True 00 ( 1043,  142)   4   760  1152
[ 51] [    10651155] 1 | True  True 00 ( 1061,  139)   4   781  1404
[ 52] [    10661175] 1 | True  True 00 ( 1077,  136)   4   799  1492
[ 53] [    10671199] 1 | True  True 00 ( 1094,  134)   5   811  1440
[ 54] [    10681212] 1 | True  True 00 ( 1113,  134)   5   809  1276
[ 55] [    10691233] 1 | True  True 00 ( 1133,  135)   4   753  1044
[ 56] [    10701256] 1 | True  True 00 ( 1153,  135)   4   803  1296
[ 57] [    10711279] 1 | True  True 00 ( 1170,  137)   4   775  1496
[ 58] [    10721278] 1 | True  True 00 ( 1186,  140)   3   675  1660
[ 59] [    10731298] 1 | True  True 00 ( 1202,  143)   5   785  1696
[ 60] [    10741322] 1 | True  True 00 ( 1221,  148)   5   789  1404
[ 61] [    10751335] 1 | True  True 00 ( 1240,  155)   4   748  1220
[ 62] [    10761344] 1 | True  True 00 ( 1258,  163)   4   752  1260
[ 63] [    10771363] 1 | True  True 00 ( 1274,  171)   4   747  1276
[ 64] [    10781380] 1 | True  True 00 ( 1288,  180)   4   801  1404
[ 65] [    10791383] 1 | True  True 00 ( 1302,  190)   4   773  1260
[ 66] [    10801387] 1 | True  True 00 ( 1313,  201)   4   746  1288
[ 67] [    10811403] 1 | True  True 00 ( 1327,  213)   4   743  1380
[ 68] [    10821405] 1 | True  True 00 ( 1341,  226)   4   744  1324
[ 69] [    10831425] 1 | True  True 00 ( 1356,  241)   5   789  1252
[ 70] [    10841440] 1 | True  True 00 ( 1370,  255)   4   718  1172
[ 71] [    10851461] 1 | True  True 00 ( 1380,  269)   4   742  1100
[ 72] [    10861481] 1 | True  True 00 ( 1389,  283)   5   837  1048
[ 73] [    10871482] 1 | True  True 00 ( 1397,  299)   4   789   976
[ 74] [    10881504] 1 | True  True 00 ( 1405,  315)   4   782  1304
[ 75] [    10891507] 1 | True  True 00 ( 1411,  332)   6   890  1612
[ 76] [    10901527] 1 | True  True 00 ( 1416,  350)   5   807  1648
[ 77] [    10911546] 1 | True  True 00 ( 1421,  366)   3   705  1740
[ 78] [    10921570] 1 | True  True 00 ( 1426,  381)   5   825  1504
[ 79] [    10931584] 1 | True  True 00 ( 1429,  398)   4   803  1268
[ 80] [    10941605] 1 | True  True 00 ( 1429,  416)   5   891  1404
[ 81] [    10951607] 1 | True  True 00 ( 1432,  435)   5   817  1708
[ 82] [    10961629] 1 | True  True 00 ( 1434,  454)   5   868  1884
[ 83] [    10971651] 1 | True  True 00 ( 1435,  472)   3   662  1564
[ 84] [    10981650] 1 | True  True 00 ( 1435,  489)   4   773  1492
[ 85] [    10991670] 1 | True  True 00 ( 1433,  507)   4   805  1136
[ 86] [    11001694] 1 | True  True 00 ( 1430,  524)   4   841  1236
[ 87] [    11011696] 1 | True  True 00 ( 1426,  543)   4   689  1292
[ 88] [    11021709] 1 | True  True 00 ( 1424,  560)   4   770  1472
[ 89] [    11031736] 1 | True  True 00 ( 1419,  575)   6   886  1308
[ 90] [    11041755] 1 | True  True 00 ( 1412,  590)   6   909  1108
[ 91] [    11051775] 1 | True  True 00 ( 1404,  607)   4   757  1020
[ 92] [    11061794] 1 | True  True 00 ( 1395,  624)   4   717  1028
[ 93] [    11071817] 1 | True  True 00 ( 1385,  639)   6   887  1352
[ 94] [    11081839] 1 | True  True 00 ( 1371,  654)   4   738  1568
[ 95] [    11091859] 1 | True  True 00 ( 1357,  668)   4   726  1640
[ 96] [    11101857] 1 | True  True 00 ( 1346,  683)   6   814  1656
[ 97] [    11111892] 1 | True  True 00 ( 1333,  697)   4   749  1424
[ 98] [    11121901] 1 | True  True 00 ( 1320,  710)   4   758  1136
[ 99] [    11131902] 1 | True  True 00 ( 1308,  721)   4   777  1244
[100] [    11141917] 1 | True  True 00 ( 1291,  730)   5   778  1372
[101] [    11151941] 1 | True  True 00 ( 1273,  738)   5   837  1496
[102] [    11161955] 1 | True  True 00 ( 1256,  746)   4   813  1316
[103] [    11171955] 1 | True  True 00 ( 1240,  753)   4   777  1028
[104] [    11181976] 1 | True  True 00 ( 1223,  760)   4   796   840
[105] [    11192000] 1 | True  True 00 ( 1207,  766)   4   802  1008
[106] [    11202003] 1 | True  True 00 ( 1189,  770)   6   872  1136
[107] [    11212043] 1 | True  True 00 ( 1168,  773)   4   755  1300
[108] [    11222060] 1 | True  True 00 ( 1150,  775)   4   821  1316
[109] [    11232063] 1 | True  True 00 ( 1132,  777)   4   802  1096
[110] [    11242086] 1 | True  True 00 ( 1116,  778)   4   800   876
[111] [    11252105] 1 | True  True 00 ( 1099,  778)   4   803  1060
[112] [    11262121] 1 | True  True 00 ( 1082,  777)   4   747  1112
[113] [    11272145] 1 | True  True 00 ( 1062,  776)   5   839  1252
[114] [    11282167] 1 | True  True 00 ( 1043,  773)   4   791  1304
[115] [    11292183] 1 | True  True 00 ( 1026,  769)   4   767  1160
[116] [    11302205] 1 | True  True 00 ( 1010,  765)   4   742  1052
[117] [    11312226] 1 | True  True 00 (  995,  760)   4   776  1108
[118] [    11322229] 1 | True  True 00 (  979,  754)   4   709  1300
[119] [    11332251] 1 | True  True 00 (  960,  748)   4   733  1628
[120] [    11342270] 1 | True  True 00 (  941,  740)   4   716  1700
[121] [    11352290] 1 | True  True 00 (  925,  730)   3   650  1560
[122] [    11362314] 1 | True  True 00 (  911,  719)   4   734  1352
[123] [    11372334] 1 | True  True 00 (  900,  708)   4   725  1076
[124] [    11382333] 1 | True  True 00 (  888,  696)   4   753   792
[125] [    11392350] 1 | True  True 00 (  877,  682)   4   744   912
[126] [    11402353] 1 | True  True 00 (  866,  669)   4   715  1196
[127] [    11412371] 1 | True  True 00 (  855,  655)   4   732  1460
[128] [    11422394] 1 | True  True 00 (  845,  640)   5   751  1512
[129] [    11432393] 1 | True  True 00 (  834,  625)   4   711  1564
[130] [    11442414] 1 | True  True 00 (  821,  606)   5   892  1460
[131] [    11452437] 1 | True  True 00 (  809,  588)   6   879  1148
[132] [    11462452] 1 | True  True 00 (  803,  570)   5   851  1600
[133] [    11472472] 1 | True  True 00 (  798,  553)   4   771  1708
[134] [    11482495] 1 | True  True 00 (  795,  536)   5   828  1816
[135] [    11492499] 1 | True  True 00 (  793,  519)   4   648  1456
[136] [    11502518] 1 | True  True 00 (  791,  501)   4   731  1348
[137] [    11512517] 1 | True  True 00 (  789,  486)   4   835  1292
[138] [    11522537] 1 | True  True 00 (  787,  469)   4   843  1376
[139] [    11532560] 1 | True  True 00 (  784,  452)   5   838  1632
[140] [    11542574] 1 | True  True 00 (  783,  433)   3   679  1780
[141] [    11552603] 1 | True  True 00 (  784,  415)   3   691  1780
[142] [    11562620] 1 | True  True 00 (  786,  397)   4   775  1576
[143] [    11572623] 1 | True  True 00 (  788,  379)   4   766  1320
[144] [    11582642] 1 | True  True 00 (  792,  363)   5   799  1312
[145] [    11592661] 1 | True  True 00 (  797,  346)   4   765  1420
[146] [    11602685] 1 | True  True 00 (  806,  329)   4   721  1512
[147] [    11612685] 1 | True  True 00 (  817,  314)   5   751  1220
[148] [    11622707] 1 | True  True 00 (  828,  298)   4   705  1128
[149] [    11632724] 1 | True  True 00 (  839,  282)   4   735  1080
[150] [    11642742] 1 | True  True 00 (  850,  267)   4   748  1028
[151] [    11652748] 1 | True  True 00 (  861,  253)   4   747   992
[152] [    11662786] 1 | True  True 00 (  872,  239)   4   759  1364
[153] [    11672784] 1 | True  True 00 (  882,  225)   5   767  1540
[154] [    11682807] 1 | True  True 00 (  895,  213)   4   691  1452
[155] [    11692826] 1 | True  True 00 (  911,  202)   4   699  1292
[156] [    11702829] 1 | True  True 00 (  928,  191)   5   787  1216
[157] [    11712847] 1 | True  True 00 (  944,  181)   6   829  1340
[158] [    11722849] 1 | True  True 00 (  960,  173)   4   702  1568
[159] [    11732865] 1 | True  True 00 (  974,  165)   3   683  1656
[160] [    11742888] 1 | True  True 00 (  988,  158)   4   734  1568
[161] [    11752889] 1 | True  True 00 ( 1005,  152)   5   782  1320
[162] [    11762909] 1 | True  True 00 ( 1024,  146)   4   767  1144
[163] [    11772933] 1 | True  True 00 ( 1043,  142)   4   768  1168
[164] [    11782946] 1 | True  True 00 ( 1060,  139)   4   785  1404
[165] [    11792974] 1 | True  True 00 ( 1077,  136)   4   773  1512
[166] [    11802991] 1 | True  True 00 ( 1094,  135)   5   797  1456
[167] [    11813014] 1 | True  True 00 ( 1114,  133)   5   828  1224
[168] [    11823033] 1 | True  True 00 ( 1134,  133)   4   780  1044
[169] [    11833036] 1 | True  True 00 ( 1153,  134)   4   748  1240
[170] [    11843070] 1 | True  True 00 ( 1170,  137)   4   789  1548
[171] [    11853077] 1 | True  True 00 ( 1187,  140)   4   721  1732
[172] [    11863096] 1 | True  True 00 ( 1203,  143)   5   770  1676
[173] [    11873098] 1 | True  True 00 ( 1221,  149)   5   798  1440
[174] [    11883115] 1 | True  True 00 ( 1240,  155)   4   790  1296
[175] [    11893138] 1 | True  True 00 ( 1259,  163)   4   757  1316
[176] [    11903157] 1 | True  True 00 ( 1274,  171)   4   765  1316
[177] [    11913181] 1 | True  True 00 ( 1289,  180)   4   788  1404
[178] [    11923196] 1 | True  True 00 ( 1302,  190)   4   788  1260
[179] [    11933222] 1 | True  True 00 ( 1314,  201)   3   673  1252
[180] [    11943238] 1 | True  True 00 ( 1326,  213)   4   743  1416
[181] [    11953261] 1 | True  True 00 ( 1338,  225)   4   741  1308
[182] [    11963279] 1 | True  True 00 ( 1353,  239)   4   750  1272
[183] [    11973283] 1 | True  True 00 ( 1367,  254)   4   763  1244
[184] [    11983299] 1 | True  True 00 ( 1380,  268)   4   777  1188
[185] [    11993320] 1 | True  True 00 ( 1390,  283)   4   779  1064
[186] [    12003340] 1 | True  True 00 ( 1399,  299)   4   788  1048
[187] [    12013363] 1 | True  True 00 ( 1406,  316)   4   771  1340
[188] [    12023386] 1 | True  True 00 ( 1412,  332)   4   765  1540
[189] [    12033405] 1 | True  True 00 ( 1417,  349)   5   798  1684
[190] [    12043429] 1 | True  True 00 ( 1421,  365)   4   750  1704
[191] [    12053442] 1 | True  True 00 ( 1423,  383)   4   827  1448
[192] [    12063449] 1 | True  True 00 ( 1425,  400)   4   758  1160
[193] [    12073467] 1 | True  True 00 ( 1427,  419)   4   827  1580
[194] [    12083490] 1 | True  True 00 ( 1430,  437)   5   853  1688
[195] [    12093509] 1 | True  True 00 ( 1432,  455)   4   688  1652
[196] [    12103509] 1 | True  True 00 ( 1433,  473)   4   741  1564
[197] [    12113529] 1 | True  True 00 ( 1433,  491)   5   841  1512
[198] [    12123553] 1 | True  True 00 ( 1431,  506)   4   851  1280
[199] [    12133566] 1 | True  True 00 ( 1430,  525)   4   704  1220
[200] [    12143573] 1 | True  True 00 ( 1428,  543)   4   779  1456
[201] [    12153592] 1 | True  True 00 ( 1424,  559)   4   709  1348
[202] [    12163614] 1 | True  True 00 ( 1418,  576)   5   785  1292
[203] [    12173614] 1 | True  True 00 ( 1412,  593)   4   753  1072
[204] [    12183633] 1 | True  True 00 ( 1404,  609)   4   751  1052
[205] [    12193653] 1 | True  True 00 ( 1395,  625)   4   756  1044
[206] [    12203677] 1 | True  True 00 ( 1382,  642)   4   725  1332
[207] [    12213701] 1 | True  True 00 ( 1369,  657)   4   730  1548
[208] [    12223712] 1 | True  True 00 ( 1356,  671)   5   798  1656
[209] [    12233738] 1 | True  True 00 ( 1344,  685)   4   698  1584
[210] [    12243756] 1 | True  True 00 ( 1332,  699)   4   713  1368
[211] [    12253776] 1 | True  True 00 ( 1320,  710)   4   753  1116
[212] [    12263800] 1 | True  True 00 ( 1307,  722)   4   755  1172
[213] [    12273800] 1 | True  True 00 ( 1291,  732)   4   714  1388
[214] [    12283820] 1 | True  True 00 ( 1272,  740)   4   784  1480
[215] [    12293839] 1 | True  True 00 ( 1254,  748)   4   772  1172
[216] [    12303857] 1 | True  True 00 ( 1238,  756)   4   791   964
[217] [    12313861] 1 | True  True 00 ( 1222,  761)   4   755   768
[218] [    12323885] 1 | True  True 00 ( 1205,  766)   4   780  1008
[219] [    12333900] 1 | True  True 00 ( 1187,  770)   6   862  1152
[220] [    12343924] 1 | True  True 00 ( 1168,  773)   4   750  1280
[221] [    12353938] 1 | True  True 00 ( 1149,  775)   4   796  1264
[222] [    12363959] 1 | True  True 00 ( 1133,  777)   4   784  1116
[223] [    12373983] 1 | True  True 00 ( 1116,  778)   4   768   876
[224] [    12383986] 1 | True  True 00 ( 1099,  779)   4   762  1040
[225] [    12394006] 1 | True  True 00 ( 1081,  777)   4   724  1132
[226] [    12404025] 1 | True  True 00 ( 1061,  775)   4   767  1252
[227] [    12414043] 1 | True  True 00 ( 1042,  773)   4   805  1284
[228] [    12424064] 1 | True  True 00 ( 1025,  769)   4   788  1160
[229] [    12434083] 1 | True  True 00 ( 1009,  764)   4   778  1052
[230] [    12444107] 1 | True  True 00 (  994,  759)   4   740  1092
[231] [    12454130] 1 | True  True 00 (  978,  753)   4   718  1352
[232] [    12464149] 1 | True  True 00 (  961,  746)   4   732  1680
[233] [    12474167] 1 | True  True 00 (  944,  738)   4   699  1732
[234] [    12484169] 1 | True  True 00 (  928,  729)   3   645  1612
[235] [    12494191] 1 | True  True 00 (  914,  718)   4   733  1336
[236] [    12504210] 1 | True  True 00 (  902,  708)   4   734  1092
[237] [    12514233] 1 | True  True 00 (  890,  695)   4   727   764
[238] [    12524256] 1 | True  True 00 (  877,  682)   4   749  1020
[239] [    12534276] 1 | True  True 00 (  865,  667)   5   769  1196
[240] [    12544294] 1 | True  True 00 (  852,  653)   4   723  1404
[241] [    12554313] 1 | True  True 00 (  841,  637)   7   886  1600
[242] [    12564316] 1 | True  True 00 (  829,  622)   4   667  1512
[243] [    12574334] 1 | True  True 00 (  819,  608)   4   717  1440
[244] [    12584355] 1 | True  True 00 (  811,  591)   4   759  1256
[245] [    12594377] 1 | True  True 00 (  805,  572)   5   859  1616
[246] [    12604397] 1 | True  True 00 (  800,  554)   3   710  1672
[247] [    12614421] 1 | True  True 00 (  795,  537)   4   653  1528
[248] [    12624435] 1 | True  True 00 (  792,  519)   5   711  1420
[249] [    12634455] 1 | True  True 00 (  789,  501)   4   717  1276
[250] [    12644456] 1 | True  True 00 (  787,  486)   5   929  1312
[251] [    12654479] 1 | True  True 00 (  786,  466)   4   730  1392
[252] [    12664502] 1 | True  True 00 (  784,  447)   4   757  1612
[253] [    12674501] 1 | True  True 00 (  785,  428)   3   640  1780
[254] [    12684521] 1 | True  True 00 (  785,  411)   3   718  1744
[255] [    12694524] 1 | True  True 00 (  786,  394)   4   785  1576
[  0] [    12704539] 1 | True  True 00 (  789,  377)   4   776  1340
[  1] [    12714561] 1 | True  True 00 (  792,  361)   5   754  1204
[  2] [    12724581] 1 | True  True 00 (  798,  345)   4   729  1384
[  3] [    12734603] 1 | True  True 00 (  807,  329)   4   748  1440
[  4] [    12744606] 1 | True  True 00 (  817,  314)   5   787  1348
[  5] [    12754625] 1 | True  True 00 (  827,  297)   4   725  1168
[  6] [    12764645] 1 | True  True 00 (  839,  282)   4   717  1044
[  7] [    12774668] 1 | True  True 00 (  850,  268)   4   747  1060
[  8] [    12784690] 1 | True  True 00 (  860,  253)   4   768  1028
[  9] [    12794687] 1 | True  True 00 (  871,  239)   4   772  1364
[ 10] [    12804707] 1 | True  True 00 (  882,  225)   4   744  1524
[ 11] [    12814724] 1 | True  True 00 (  895,  213)   4   734  1540
[ 12] [    12824748] 1 | True  True 00 (  911,  202)   4   730  1328
[ 13] [    12834767] 1 | True  True 00 (  927,  192)   4   712  1144
[ 14] [    12844769] 1 | True  True 00 (  943,  182)   4   698  1320
[ 15] [    12854792] 1 | True  True 00 (  960,  172)   4   712  1568
[ 16] [    12864812] 1 | True  True 00 (  974,  164)   3   688  1676
[ 17] [    12874830] 1 | True  True 00 (  989,  157)   4   739  1552
[ 18] [    12884833] 1 | True  True 00 ( 1006,  151)   5   805  1288
[ 19] [    12894850] 1 | True  True 00 ( 1026,  146)   4   755  1040
[ 20] [    12904873] 1 | True  True 00 ( 1045,  142)   4   774  1168
[ 21] [    12914872] 1 | True  True 00 ( 1063,  139)   4   790  1440
[ 22] [    12924892] 1 | True  True 00 ( 1078,  137)   4   776  1492
[ 23] [    12934916] 1 | True  True 00 ( 1094,  135)   4   769  1420
[ 24] [    12944930] 1 | True  True 00 ( 1114,  134)   4   764  1276
[ 25] [    12954929] 1 | True  True 00 ( 1133,  134)   4   789  1132
[ 26] [    12964958] 1 | True  True 00 ( 1153,  136)   4   765  1296
[ 27] [    12974956] 1 | True  True 00 ( 1171,  138)   4   761  1568
[ 28] [    12984972] 1 | True  True 00 ( 1187,  141)   3   701  1712
[ 29] [    12994995] 1 | True  True 00 ( 1204,  144)   5   771  1604
[ 30] [    13005015] 1 | True  True 00 ( 1222,  149)   5   763  1332
[ 31] [    13015018] 1 | True  True 00 ( 1240,  155)   4   749  1276
[ 32] [    13025034] 1 | True  True 00 ( 1258,  163)   4   788  1276
[ 33] [    13035035] 1 | True  True 00 ( 1274,  172)   4   765  1368
[ 34] [    13045056] 1 | True  True 00 ( 1289,  181)   4   789  1424
[ 35] [    13055054] 1 | True  True 00 ( 1303,  191)   4   792  1296
[ 36] [    13065074] 1 | True  True 00 ( 1314,  202)   5   809  1272
[ 37] [    13075097] 1 | True  True 00 ( 1326,  214)   4   728  1324
[ 38] [    13085100] 1 | True  True 00 ( 1342,  226)   3   654  1236
[ 39] [    13095124] 1 | True  True 00 ( 1357,  240)   4   746  1288
[ 40] [    13105122] 1 | True  True 00 ( 1371,  254)   4   758  1260
[ 41] [    13115141] 1 | True  True 00 ( 1382,  268)   4   769  1172
[ 42] [    13125158] 1 | True  True 00 ( 1391,  283)   4   779  1084
[ 43] [    13135158] 1 | True  True 00 ( 1399,  299)   5   829   996
[ 44] [    13145177] 1 | True  True 00 ( 1406,  316)   4   763  1304
[ 45] [    13155182] 1 | True  True 00 ( 1412,  332)   4   750  1556
[ 46] [    13165200] 1 | True  True 00 ( 1418,  349)   4   741  1720
[ 47] [    13175202] 1 | True  True 00 ( 1423,  365)   3   691  1628
[ 48] [    13185225] 1 | True  True 00 ( 1425,  382)   4   829  1468
[ 49] [    13195244] 1 | True  True 00 ( 1430,  398)   4   709  1160
[ 50] [    13205263] 1 | True  True 00 ( 1431,  417)   4   819  1476
[ 51] [    13215268] 1 | True  True 00 ( 1433,  435)   4   723  1672
[ 52] [    13225283] 1 | True  True 00 ( 1432,  454)   4   720  1492
[ 53] [    13235304] 1 | True  True 00 ( 1434,  472)   5   706  1528
[ 54] [    13245323] 1 | True  True 00 ( 1432,  489)   5   944  1600
[ 55] [    13255346] 1 | True  True 00 ( 1433,  508)   5   771  1056
[ 56] [    13265369] 1 | True  True 00 ( 1432,  529)   4   703  1236
[ 57] [    13275387] 1 | True  True 00 ( 1428,  547)   4   753  1420
[ 58] [    13285391] 1 | True  True 00 ( 1423,  565)   4   669  1328
[ 59] [    13295407] 1 | True  True 00 ( 1418,  580)   5   821  1364
[ 60] [    13305408] 1 | True  True 00 ( 1412,  597)   4   776  1072
[ 61] [    13315428] 1 | True  True 00 ( 1404,  612)   4   725  1072
[ 62] [    13325448] 1 | True  True 00 ( 1394,  628)   4   712  1028
[ 63] [    13335470] 1 | True  True 00 ( 1382,  641)   7   908  1296
[ 64] [    13345472] 1 | True  True 00 ( 1369,  655)   4   729  1568
[ 65] [    13355491] 1 | True  True 00 ( 1357,  669)   3   650  1656
[ 66] [    13365511] 1 | True  True 00 ( 1345,  683)   6   827  1584
[ 67] [    13375537] 1 | True  True 00 ( 1332,  697)   4   731  1332
[ 68] [    13385550] 1 | True  True 00 ( 1319,  709)   4   762  1152
[ 69] [    13395550] 1 | True  True 00 ( 1305,  720)   4   731  1224
[ 70] [    13405576] 1 | True  True 00 ( 1288,  730)   4   742  1372
[ 71] [    13415592] 1 | True  True 00 ( 1270,  739)   4   753  1408
[ 72] [    13425598] 1 | True  True 00 ( 1253,  746)   4   818  1300
[ 73] [    13435614] 1 | True  True 00 ( 1236,  753)   4   781   936
[ 74] [    13445638] 1 | True  True 00 ( 1220,  760)   4   800   820
[ 75] [    13455654] 1 | True  True 00 ( 1205,  766)   4   774   988
[ 76] [    13465676] 1 | True  True 00 ( 1188,  770)   5   802  1208
[ 77] [    13475695] 1 | True  True 00 ( 1167,  774)   4   773  1336
[ 78] [    13485720] 1 | True  True 00 ( 1149,  776)   4   781  1224
[ 79] [    13495739] 1 | True  True 00 ( 1132,  777)   4   802  1080
[ 80] [    13505759] 1 | True  True 00 ( 1115,  778)   4   781   876
[ 81] [    13515777] 1 | True  True 00 ( 1099,  778)   4   757   968
[ 82] [    13525800] 1 | True  True 00 ( 1082,  776)   5   812  1132
[ 83] [    13535819] 1 | True  True 00 ( 1062,  775)   4   749  1268
[ 84] [    13545842] 1 | True  True 00 ( 1044,  773)   4   770  1252
[ 85] [    13555865] 1 | True  True 00 ( 1027,  769)   4   758  1160
[ 86] [    13565884] 1 | True  True 00 ( 1011,  765)   4   760  1072
[ 87] [    13575901] 1 | True  True 00 (  995,  759)   4   731  1092
[ 88] [    13585923] 1 | True  True 00 (  979,  754)   3   689  1404
[ 89] [    13595942] 1 | True  True 00 (  961,  748)   4   702  1596
[ 90] [    13605965] 1 | True  True 00 (  943,  740)   4   650  1628
[ 91] [    13615968] 1 | True  True 00 (  928,  730)   3   641  1596
[ 92] [    13625988] 1 | True  True 00 (  913,  719)   4   728  1368
[ 93] [    13636007] 1 | True  True 00 (  900,  708)   5   770  1040
[ 94] [    13646025] 1 | True  True 00 (  887,  696)   4   762   828
[ 95] [    13656046] 1 | True  True 00 (  875,  682)   4   736  1020
[ 96] [    13666044] 1 | True  True 00 (  863,  667)   5   781  1212
[ 97] [    13676071] 1 | True  True 00 (  852,  653)   5   767  1404
[ 98] [    13686089] 1 | True  True 00 (  842,  637)   5   773  1548
[ 99] [    13696111] 1 | True  True 00 (  830,  620)   4   747  1548
[100] [    13706129] 1 | True  True 00 (  819,  603)   6   872  1352
[101] [    13716154] 1 | True  True 00 (  812,  589)   4   679  1140
[102] [    13726173] 1 | True  True 00 (  807,  572)   4   730  1564
[103] [    13736169] 1 | True  True 00 (  802,  554)   3   682  1672
[104] [    13746189] 1 | True  True 00 (  796,  536)   5   824  1760
[105] [    13756212] 1 | True  True 00 (  791,  519)   4   701  1456
[106] [    13766215] 1 | True  True 00 (  788,  502)   4   789  1456
[107] [    13776239] 1 | True  True 00 (  788,  482)   4   693  1064
[108] [    13786254] 1 | True  True 00 (  786,  461)   4   739  1412
[109] [    13796276] 1 | True  True 00 (  786,  442)   3   702  1688
[110] [    13806297] 1 | True  True 00 (  786,  424)   4   694  1724
[111] [    13816316] 1 | True  True 00 (  786,  410)   6   869  1724
[112] [    13826339] 1 | True  True 00 (  787,  393)   4   776  1560
[113] [    13836362] 1 | True  True 00 (  790,  376)   4   775  1320
[114] [    13846363] 1 | True  True 00 (  794,  360)   5   804  1404
[115] [    13856378] 1 | True  True 00 (  799,  343)   4   758  1460
[116] [    13866401] 1 | True  True 00 (  807,  328)   4   739  1440
[117] [    13876421] 1 | True  True 00 (  818,  312)   4   724  1296
[118] [    13886440] 1 | True  True 00 (  829,  296)   4   733  1168
[119] [    13896461] 1 | True  True 00 (  840,  280)   4   756  1112
[120] [    13906484] 1 | True  True 00 (  850,  266)   4   748  1028
[121] [    13916483] 1 | True  True 00 (  861,  252)   4   755  1044
[122] [    13926523] 1 | True  True 00 (  872,  238)   4   785  1384
[123] [    13936544] 1 | True  True 00 (  883,  225)   4   712  1540
[124] [    13946563] 1 | True  True 00 (  897,  212)   4   686  1364
[125] [    13956586] 1 | True  True 00 (  912,  202)   4   691  1312
[126] [    13966608] 1 | True  True 00 (  928,  192)   4   726  1200
[127] [    13976607] 1 | True  True 00 (  945,  181)   5   736  1376
[128] [    13986633] 1 | True  True 00 (  962,  172)   4   707  1568
[129] [    13996648] 1 | True  True 00 (  976,  164)   3   651  1604
[130] [    14006669] 1 | True  True 00 (  991,  157)   4   707  1480
[131] [    14016693] 1 | True  True 00 ( 1009,  151)   4   734  1252
[132] [    14026708] 1 | True  True 00 ( 1028,  147)   4   759  1112
[133] [    14036730] 1 | True  True 00 ( 1047,  142)   4   778  1188
[134] [    14046751] 1 | True  True 00 ( 1063,  139)   4   794  1404
[135] [    14056775] 1 | True  True 00 ( 1078,  136)   4   800  1528
[136] [    14066811] 1 | True  True 00 ( 1095,  134)   5   816  1512
[137] [    14076833] 1 | True  True 00 ( 1114,  133)   5   827  1240
[138] [    14086857] 1 | True  True 00 ( 1134,  133)   4   798  1096
[139] [    14096875] 1 | True  True 00 ( 1153,  134)   4   784  1276
[140] [    14106898] 1 | True  True 00 ( 1172,  137)   4   751  1548
[141] [    14116912] 1 | True  True 00 ( 1188,  139)   4   771  1732
[142] [    14126941] 1 | True  True 00 ( 1203,  144)   5   770  1676
[143] [    14136958] 1 | True  True 00 ( 1222,  149)   4   754  1476
[144] [    14146981] 1 | True  True 00 ( 1241,  155)   4   767  1256
[145] [    14156980] 1 | True  True 00 ( 1258,  163)   4   756  1260
[146] [    14166999] 1 | True  True 00 ( 1275,  171)   4   779  1368
[147] [    14177022] 1 | True  True 00 ( 1289,  180)   4   788  1368
[148] [    14187037] 1 | True  True 00 ( 1302,  190)   4   801  1352
[149] [    14197043] 1 | True  True 00 ( 1313,  201)   5   849  1308
[150] [    14207062] 1 | True  True 00 ( 1326,  214)   4   761  1380
[151] [    14217085] 1 | True  True 00 ( 1341,  226)   4   722  1288
[152] [    14227104] 1 | True  True 00 ( 1356,  241)   4   714  1200
[153] [    14237123] 1 | True  True 00 ( 1370,  255)   4   748  1224
[154] [    14247126] 1 | True  True 00 ( 1381,  269)   4   772  1152
[155] [    14257147] 1 | True  True 00 ( 1390,  284)   4   783  1012
[156] [    14267166] 1 | True  True 00 ( 1399,  300)   4   793  1048
[157] [    14277186] 1 | True  True 00 ( 1406,  317)   5   831  1356
[158] [    14287209] 1 | True  True 00 ( 1413,  333)   4   722  1520
[159] [    14297226] 1 | True  True 00 ( 1419,  349)   4   740  1720
[160] [    14307228] 1 | True  True 00 ( 1424,  366)   4   795  1704
[161] [    14317248] 1 | True  True 00 ( 1427,  385)   4   850  1468
[162] [    14327251] 1 | True  True 00 ( 1430,  402)   4   799  1196
[163] [    14337267] 1 | True  True 00 ( 1430,  420)   4   783  1332
[164] [    14347288] 1 | True  True 00 ( 1432,  437)   4   683  1512
[165] [    14357286] 1 | True  True 00 ( 1432,  455)   4   778  1760
[166] [    14367306] 1 | True  True 00 ( 1430,  473)   4   783  1512
[167] [    14377307] 1 | True  True 00 ( 1431,  492)   4   715  1352
[168] [    14387329] 1 | True  True 00 ( 1432,  510)   4   774  1120
[169] [    14397332] 1 | True  True 00 ( 1429,  526)   4   837  1236
[170] [    14407351] 1 | True  True 00 ( 1425,  542)   4   771  1420
[171] [    14417351] 1 | True  True 00 ( 1422,  562)   3   610  1348
[172] [    14427370] 1 | True  True 00 ( 1417,  578)   5   817  1292
[173] [    14437374] 1 | True  True 00 ( 1410,  596)   4   788  1140
[174] [    14447409] 1 | True  True 00 ( 1402,  612)   4   734   984
[175] [    14457429] 1 | True  True 00 ( 1393,  628)   4   743  1080
[176] [    14467431] 1 | True  True 00 ( 1382,  643)   5   769  1332
[177] [    14477454] 1 | True  True 00 ( 1368,  658)   3   690  1604
[178] [    14487476] 1 | True  True 00 ( 1355,  672)   4   731  1676
[179] [    14497494] 1 | True  True 00 ( 1343,  685)   5   764  1548
[180] [    14507518] 1 | True  True 00 ( 1331,  698)   4   739  1404
[181] [    14517533] 1 | True  True 00 ( 1319,  710)   4   758  1136
[182] [    14527554] 1 | True  True 00 ( 1305,  721)   4   758  1280
[183] [    14537555] 1 | True  True 00 ( 1289,  731)   5   806  1408
[184] [    14547579] 1 | True  True 00 ( 1271,  740)   4   775  1480
[185] [    14557584] 1 | True  True 00 ( 1254,  748)   4   808  1280
[186] [    14567602] 1 | True  True 00 ( 1237,  755)   4   786  1008
[187] [    14577622] 1 | True  True 00 ( 1221,  760)   4   769   820
[188] [    14587640] 1 | True  True 00 ( 1205,  766)   4   788  1044
[189] [    14597662] 1 | True  True 00 ( 1187,  770)   5   784  1208
[190] [    14607680] 1 | True  True 00 ( 1166,  774)   4   764  1336
[191] [    14617705] 1 | True  True 00 ( 1147,  776)   4   822  1264
[192] [    14627725] 1 | True  True 00 ( 1130,  778)   4   797  1116
[193] [    14637741] 1 | True  True 00 ( 1114,  779)   4   782   860
[194] [    14647766] 1 | True  True 00 ( 1098,  779)   4   794  1076
[195] [    14657801] 1 | True  True 00 ( 1080,  778)   4   733  1148
[196] [    14667825] 1 | True  True 00 ( 1061,  776)   5   815  1284
[197] [    14677848] 1 | True  True 00 ( 1043,  773)   4   774  1252
[198] [    14687868] 1 | True  True 00 ( 1026,  770)   4   776  1160
[199] [    14697884] 1 | True  True 00 ( 1009,  765)   4   774  1036
[200] [    14707906] 1 | True  True 00 (  994,  760)   4   793  1196
[201] [    14717925] 1 | True  True 00 (  976,  753)   4   735  1404
[202] [    14727949] 1 | True  True 00 (  958,  747)   4   702  1612
[203] [    14737973] 1 | True  True 00 (  940,  739)   4   694  1680
[204] [    14748012] 1 | True  True 00 (  925,  730)   3   658  1596
[205] [    14758034] 1 | True  True 00 (  911,  719)   4   734  1336
[206] [    14768053] 1 | True  True 00 (  898,  708)   4   721  1004
[207] [    14778075] 1 | True  True 00 (  886,  694)   4   722   756
[208] [    14788080] 1 | True  True 00 (  874,  681)   4   749  1000
[209] [    14798118] 1 | True  True 00 (  864,  667)   4   741  1264
[210] [    14808134] 1 | True  True 00 (  853,  652)   5   780  1476
[211] [    14818155] 1 | True  True 00 (  841,  638)   5   711  1600
[212] [    14828174] 1 | True  True 00 (  841,  638)   9  1014  1600
[213] [    14838179] 1 | True  True 00 (  841,  638)   3   650  1404
[214] [    14848208] 1 | True  True 00 (  841,  638)   3   644  1124
[215] [    14858226] 1 | True  True 00 (  835,  629)   4   691  1384
[216] [    14868257] 1 | True  True 00 (  830,  618)   4   785  1744
[217] [    14878277] 1 | True  True 00 (  824,  605)   4   683  1436
[218] [    14888303] 1 | True  True 00 (  819,  590)   4   662  1420
[219] [    14898320] 1 | True  True 00 (  815,  573)   4   704  1276
[220] [    14908343] 1 | True  True 00 (  811,  553)   4   707  1120
[221] [    14918363] 1 | True  True 00 (  807,  532)   4   726  1392
[222] [    14928386] 1 | True  True 00 (  804,  513)   4   782  1688
[223] [    14938408] 1 | True  True 00 (  801,  494)   4   717  1796
[224] [    14948426] 1 | True  True 00 (  799,  475)   4   744  1704
[225] [    14958429] 1 | True  True 00 (  798,  456)   6   896  1576
[226] [    14968465] 1 | True  True 00 (  797,  437)   4   761  1264
[227] [    14978466] 1 | True  True 00 (  797,  418)   5   791  1312
[228] [    14988487] 1 | True  True 00 (  800,  399)   4   738  1476
[229] [    14998512] 1 | True  True 00 (  804,  380)   4   738  1420
[230] [    15008526] 1 | True  True 00 (  811,  361)   4   728  1312
[231] [    15018546] 1 | True  True 00 (  819,  342)   4   728  1128
[232] [    15028569] 1 | True  True 00 (  827,  324)   4   759  1044
[233] [    15038592] 1 | True  True 00 (  836,  306)   4   739  1044
[234] [    15048612] 1 | True  True 00 (  846,  288)   4   750  1064
[235] [    15058616] 1 | True  True 00 (  856,  272)   4   754  1364
[236] [    15068651] 1 | True  True 00 (  866,  256)   4   723  1488
[237] [    15078679] 1 | True  True 00 (  879,  240)   4   717  1488
[238] [    15088695] 1 | True  True 00 (  895,  225)   4   691  1276
[239] [    15098717] 1 | True  True 00 (  912,  211)   4   700  1216
[240] [    15108736] 1 | True  True 00 (  929,  198)   4   698  1376
[241] [    15118762] 1 | True  True 00 (  946,  186)   4   734  1588
[242] [    15128775] 1 | True  True 00 (  962,  176)   3   679  1640
[243] [    15138794] 1 | True  True 00 (  978,  166)   4   707  1480
[244] [    15148818] 1 | True  True 00 (  996,  159)   5   812  1320
[245] [    15158843] 1 | True  True 00 ( 1017,  151)   4   794  1092
[246] [    15168883] 1 | True  True 00 ( 1038,  145)   4   788  1260
[247] [    15178903] 1 | True  True 00 ( 1059,  140)   4   781  1404
[248] [    15188921] 1 | True  True 00 ( 1078,  137)   4   759  1600
[249] [    15198942] 1 | True  True 00 ( 1097,  135)   4   711  1420
[250] [    15208965] 1 | True  True 00 ( 1117,  134)   5   813  1224
[251] [    15218984] 1 | True  True 00 ( 1137,  135)   4   747  1020
[252] [    15229007] 1 | True  True 00 ( 1156,  135)   4   784  1312
[253] [    15239021] 1 | True  True 00 ( 1173,  137)   4   794  1588
[254] [    15249050] 1 | True  True 00 ( 1189,  139)   3   707  1752
[255] [    15259087] 1 | True  True 00 ( 1205,  143)   5   765  1548
[  0] [    15269107] 1 | True  True 00 ( 1224,  148)   5   781  1404
[  1] [    15279130] 1 | True  True 00 ( 1242,  155)   4   726  1204
[  2] [    15289151] 1 | True  True 00 ( 1259,  163)   4   794  1316
[  3] [    15299169] 1 | True  True 00 ( 1275,  172)   4   774  1332
[  4] [    15309191] 1 | True  True 00 ( 1289,  182)   4   801  1404
[  5] [    15319194] 1 | True  True 00 ( 1302,  192)   4   806  1276
[  6] [    15329213] 1 | True  True 00 ( 1314,  203)   5   794  1308
[  7] [    15339233] 1 | True  True 00 ( 1328,  215)   5   805  1416
[  8] [    15349257] 1 | True  True 00 ( 1343,  228)   4   735  1324
[  9] [    15359270] 1 | True  True 00 ( 1357,  241)   4   737  1216
[ 10] [    15369298] 1 | True  True 00 ( 1370,  255)   4   749  1188
[ 11] [    15379316] 1 | True  True 00 ( 1381,  269)   4   763  1116
[ 12] [    15389341] 1 | True  True 00 ( 1390,  284)   4   797  1064
[ 13] [    15399376] 1 | True  True 00 ( 1398,  300)   4   766  1012
[ 14] [    15409397] 1 | True  True 00 ( 1406,  317)   4   750  1340
[ 15] [    15419417] 1 | True  True 00 ( 1413,  333)   4   714  1484
[ 16] [    15429435] 1 | True  True 00 ( 1418,  352)   5   798  1684
[ 17] [    15439460] 1 | True  True 00 ( 1423,  367)   3   677  1648
[ 18] [    15449479] 1 | True  True 00 ( 1425,  386)   4   860  1396
[ 19] [    15459504] 1 | True  True 00 ( 1427,  404)   4   812  1208
[ 20] [    15469523] 1 | True  True 00 ( 1428,  423)   4   841  1564
[ 21] [    15479562] 1 | True  True 00 ( 1428,  441)   5   853  1740
[ 22] [    15489564] 1 | True  True 00 ( 1429,  459)   4   716  1672
[ 23] [    15499606] 1 | True  True 00 ( 1429,  476)   4   755  1476
[ 24] [    15509611] 1 | True  True 00 ( 1428,  492)   5   899  1492
[ 25] [    15519646] 1 | True  True 00 ( 1427,  509)   4   766  1092
[ 26] [    15529665] 1 | True  True 00 ( 1425,  525)   4   882  1308
[ 27] [    15539688] 1 | True  True 00 ( 1424,  543)   4   721  1348
[ 28] [    15549710] 1 | True  True 00 ( 1422,  562)   5   727  1384
[ 29] [    15559729] 1 | True  True 00 ( 1418,  579)   5   792  1272
[ 30] [    15569754] 1 | True  True 00 ( 1410,  595)   5   851  1108
[ 31] [    15579768] 1 | True  True 00 ( 1402,  611)   6   870  1072
[ 32] [    15589788] 1 | True  True 00 ( 1393,  627)   4   761  1116
[ 33] [    15599811] 1 | True  True 00 ( 1381,  643)   4   716  1352
[ 34] [    15609815] 1 | True  True 00 ( 1368,  659)   3   693  1676
[ 35] [    15619834] 1 | True  True 00 ( 1355,  672)   7   884  1620
[ 36] [    15629854] 1 | True  True 00 ( 1342,  686)   5   774  1604
[ 37] [    15639878] 1 | True  True 00 ( 1330,  699)   5   776  1332
[ 38] [    15649913] 1 | True  True 00 ( 1318,  711)   4   772  1188
[ 39] [    15659936] 1 | True  True 00 ( 1304,  722)   5   795  1224
[ 40] [    15669959] 1 | True  True 00 ( 1287,  731)   5   800  1388
[ 41] [    15679979] 1 | True  True 00 ( 1268,  740)   4   766  1424
[ 42] [    15689996] 1 | True  True 00 ( 1252,  748)   4   795  1244
[ 43] [    15700018] 1 | True  True 00 ( 1236,  754)   4   808  1028
[ 44] [    15710040] 1 | True  True 00 ( 1219,  760)   4   814   896
[ 45] [    15720058] 1 | True  True 00 ( 1203,  766)   4   780  1008
[ 46] [    15730082] 1 | True  True 00 ( 1186,  771)   6   882  1188
[ 47] [    15740101] 1 | True  True 00 ( 1166,  774)   4   786  1352
[ 48] [    15750106] 1 | True  True 00 ( 1148,  776)   4   800  1280
[ 49] [    15760141] 1 | True  True 00 ( 1131,  777)   4   788  1060
[ 50] [    15770145] 1 | True  True 00 ( 1115,  778)   4   768   860
[ 51] [    15780186] 1 | True  True 00 ( 1098,  778)   4   771  1040
[ 52] [    15790210] 1 | True  True 00 ( 1079,  777)   5   800  1144
[ 53] [    15800225] 1 | True  True 00 ( 1060,  775)   4   771  1320
[ 54] [    15810249] 1 | True  True 00 ( 1042,  772)   4   770  1216
[ 55] [    15820263] 1 | True  True 00 ( 1025,  769)   4   772  1144
[ 56] [    15830284] 1 | True  True 00 ( 1009,  764)   4   774  1088
[ 57] [    15840308] 1 | True  True 00 (  993,  759)   4   740  1144
[ 58] [    15850331] 1 | True  True 00 (  976,  753)   4   722  1404
[ 59] [    15860350] 1 | True  True 00 (  957,  746)   5   789  1612
[ 60] [    15870375] 1 | True  True 00 (  939,  737)   4   725  1732
[ 61] [    15880410] 1 | True  True 00 (  924,  728)   4   699  1544
[ 62] [    15890413] 1 | True  True 00 (  911,  717)   4   755  1368
[ 63] [    15900436] 1 | True  True 00 (  898,  706)   4   735  1040
[ 64] [    15910454] 1 | True  True 00 (  886,  694)   4   726   776
[ 65] [    15920475] 1 | True  True 00 (  874,  680)   4   719  1000
[ 66] [    15930498] 1 | True  True 00 (  863,  667)   4   737  1284
[ 67] [    15940512] 1 | True  True 00 (  851,  653)   4   692  1460
[ 68] [    15950533] 1 | True  True 00 (  839,  639)   5   743  1600
[ 69] [    15960556] 1 | True  True 00 (  827,  623)   4   707  1528
[ 70] [    15970579] 1 | True  True 00 (  816,  606)   5   815  1440
[ 71] [    15980598] 1 | True  True 00 (  808,  587)   4   791  1384
[ 72] [    15990602] 1 | True  True 00 (  801,  568)   5   910  1672
[ 73] [    16000640] 1 | True  True 00 (  797,  551)   4   726  1616
[ 74] [    16010659] 1 | True  True 00 (  790,  535)   5   751  1400
[ 75] [    16020681] 1 | True  True 00 (  786,  519)   4   801  1708
[ 76] [    16030686] 1 | True  True 00 (  786,  499)   4   677  1220
[ 77] [    16040721] 1 | True  True 00 (  788,  478)   4   697  1172
[ 78] [    16050724] 1 | True  True 00 (  785,  459)   5   815  1468
[ 79] [    16060740] 1 | True  True 00 (  785,  439)   3   661  1704
[ 80] [    16070762] 1 | True  True 00 (  785,  423)   4   734  1796
[ 81] [    16080781] 1 | True  True 00 (  787,  410)   5   811  1688
[ 82] [    16090804] 1 | True  True 00 (  789,  394)   6   891  1520
[ 83] [    16100827] 1 | True  True 00 (  791,  376)   4   785  1284
[ 84] [    16110846] 1 | True  True 00 (  794,  359)   5   813  1384
[ 85] [    16120870] 1 | True  True 00 (  800,  342)   4   751  1440
[ 86] [    16130906] 1 | True  True 00 (  808,  326)   4   761  1496
[ 87] [    16140929] 1 | True  True 00 (  820,  310)   4   716  1296
[ 88] [    16150952] 1 | True  True 00 (  830,  295)   4   710  1128
[ 89] [    16160971] 1 | True  True 00 (  841,  280)   4   740  1096
[ 90] [    16170995] 1 | True  True 00 (  852,  265)   4   724   992
[ 91] [    16181009] 1 | True  True 00 (  862,  251)   4   756  1028
[ 92] [    16191029] 1 | True  True 00 (  873,  237)   4   759  1384
[ 93] [    16201052] 1 | True  True 00 (  884,  224)   4   739  1540
[ 94] [    16211075] 1 | True  True 00 (  898,  212)   4   735  1488
[ 95] [    16221075] 1 | True  True 00 (  915,  200)   4   713  1240
[ 96] [    16231095] 1 | True  True 00 (  932,  190)   4   705  1200
[ 97] [    16241119] 1 | True  True 00 (  948,  179)   4   680  1356
[ 98] [    16251133] 1 | True  True 00 (  964,  171)   4   717  1588
[ 99] [    16261153] 1 | True  True 00 (  978,  163)   3   652  1620
[100] [    16271176] 1 | True  True 00 (  994,  156)   4   738  1568
[101] [    16281179] 1 | True  True 00 ( 1012,  149)   4   720  1216
[102] [    16291202] 1 | True  True 00 ( 1030,  145)   4   758  1056
[103] [    16301220] 1 | True  True 00 ( 1048,  141)   4   747  1168
[104] [    16311236] 1 | True  True 00 ( 1065,  138)   4   790  1404
[105] [    16321261] 1 | True  True 00 ( 1082,  135)   4   723  1420
[106] [    16331278] 1 | True  True 00 ( 1099,  134)   5   806  1440
[107] [    16341301] 1 | True  True 00 ( 1118,  133)   4   757  1152
[108] [    16351327] 1 | True  True 00 ( 1138,  134)   4   761  1092
[109] [    16361342] 1 | True  True 00 ( 1157,  135)   4   793  1348
[110] [    16371365] 1 | True  True 00 ( 1174,  136)   4   771  1476
[111] [    16381380] 1 | True  True 00 ( 1190,  138)   3   706  1732
[112] [    16391387] 1 | True  True 00 ( 1205,  142)   5   784  1640
[113] [    16401405] 1 | True  True 00 ( 1224,  148)   5   825  1496
[114] [    16411428] 1 | True  True 00 ( 1243,  155)   5   821  1224
[115] [    16421447] 1 | True  True 00 ( 1261,  164)   4   784  1332
[116] [    16431467] 1 | True  True 00 ( 1277,  172)   4   770  1368
[117] [    16441491] 1 | True  True 00 ( 1292,  182)   4   791  1404
[118] [    16451504] 1 | True  True 00 ( 1305,  192)   4   791  1276
[119] [    16461532] 1 | True  True 00 ( 1316,  204)   5   789  1308
[120] [    16471549] 1 | True  True 00 ( 1329,  216)   5   798  1380
[121] [    16481552] 1 | True  True 00 ( 1344,  229)   3   685  1324
[122] [    16491572] 1 | True  True 00 ( 1359,  243)   4   719  1200
[123] [    16501611] 1 | True  True 00 ( 1371,  258)   5   799  1152
[124] [    16511612] 1 | True  True 00 ( 1382,  272)   4   778  1172
[125] [    16521654] 1 | True  True 00 ( 1391,  286)   4   787  1100
[126] [    16531656] 1 | True  True 00 ( 1399,  302)   4   794  1068
[127] [    16541673] 1 | True  True 00 ( 1406,  318)   4   772  1340
[128] [    16551696] 1 | True  True 00 ( 1413,  334)   4   746  1612
[129] [    16561715] 1 | True  True 00 ( 1419,  353)   5   816  1740
[130] [    16571739] 1 | True  True 00 ( 1423,  372)   4   779  1576
[131] [    16581738] 1 | True  True 00 ( 1427,  388)   4   773  1448
[132] [    16591758] 1 | True  True 00 ( 1429,  403)   4   780  1176
[133] [    16601781] 1 | True  True 00 ( 1431,  420)   4   742  1404
[134] [    16611799] 1 | True  True 00 ( 1435,  438)   5   749  1600
[135] [    16621801] 1 | True  True 00 ( 1435,  438)   8   943  1796
[136] [    16631818] 1 | True  True 00 ( 1435,  438)   4   763  1600
[137] [    16641822] 1 | True  True 00 ( 1436,  443)   4   876  1544
[138] [    16651843] 1 | True  True 00 ( 1436,  448)   4   765  1072
[139] [    16661859] 1 | True  True 00 ( 1435,  460)   4   704  1256
[140] [    16671860] 1 | True  True 00 ( 1433,  474)   4   739  1400
[141] [    16681881] 1 | True  True 00 ( 1431,  488)   4   722  1384
[142] [    16691900] 1 | True  True 00 ( 1427,  505)   4   766  1308
[143] [    16701902] 1 | True  True 00 ( 1423,  523)   4   803  1124
[144] [    16711920] 1 | True  True 00 ( 1417,  542)   4   761  1052
[145] [    16721924] 1 | True  True 00 ( 1410,  560)   4   716  1072
[146] [    16731943] 1 | True  True 00 ( 1401,  579)   5   795  1332
[147] [    16741962] 1 | True  True 00 ( 1391,  595)   7   900  1584
[148] [    16751987] 1 | True  True 00 ( 1380,  613)   4   717  1620
[149] [    16762001] 1 | True  True 00 ( 1370,  630)   7   863  1532
[150] [    16772021] 1 | True  True 00 ( 1358,  647)   4   727  1316
[151] [    16782045] 1 | True  True 00 ( 1346,  663)   4   772  1136
[152] [    16792048] 1 | True  True 00 ( 1333,  678)   5   814  1280
[153] [    16802067] 1 | True  True 00 ( 1317,  692)   5   805  1372
[154] [    16812067] 1 | True  True 00 ( 1300,  705)   4   780  1480
[155] [    16822087] 1 | True  True 00 ( 1283,  717)   4   808  1224
[156] [    16832105] 1 | True  True 00 ( 1267,  728)   4   754   900
[157] [    16842107] 1 | True  True 00 ( 1250,  737)   4   796   840
[158] [    16852130] 1 | True  True 00 ( 1233,  746)   4   742   988
[159] [    16862151] 1 | True  True 00 ( 1214,  754)   5   793  1208
[160] [    16872169] 1 | True  True 00 ( 1193,  760)   4   790  1316
[161] [    16882175] 1 | True  True 00 ( 1174,  765)   4   776  1188
[162] [    16892191] 1 | True  True 00 ( 1155,  769)   4   789  1116
[163] [    16902211] 1 | True  True 00 ( 1136,  772)   4   759   844
[164] [    16912234] 1 | True  True 00 ( 1117,  773)   4   807  1024
[165] [    16922254] 1 | True  True 00 ( 1096,  774)   6   869  1160
[166] [    16932272] 1 | True  True 00 ( 1074,  773)   4   762  1252
[167] [    16942296] 1 | True  True 00 ( 1053,  771)   4   783  1232
[168] [    16952315] 1 | True  True 00 ( 1034,  768)   4   789  1180
[169] [    16962335] 1 | True  True 00 ( 1015,  764)   4   774  1036
[170] [    16972358] 1 | True  True 00 (  997,  759)   4   765  1212
[171] [    16982372] 1 | True  True 00 (  978,  753)   4   713  1388
[172] [    16992379] 1 | True  True 00 (  959,  746)   4   706  1628
[173] [    17002398] 1 | True  True 00 (  940,  737)   4   715  1784
[174] [    17012414] 1 | True  True 00 (  924,  728)   3   658  1544
[175] [    17022437] 1 | True  True 00 (  910,  717)   4   737  1316
[176] [    17032458] 1 | True  True 00 (  897,  706)   4   747   988
[177] [    17042483] 1 | True  True 00 (  885,  693)   4   748   808
[178] [    17052496] 1 | True  True 00 (  873,  678)   5   765  1020
[179] [    17062517] 1 | True  True 00 (  862,  664)   4   742  1300
[180] [    17072540] 1 | True  True 00 (  852,  650)   5   714  1352
[181] [    17082563] 1 | True  True 00 (  839,  634)   5   744  1564
[182] [    17092583] 1 | True  True 00 (  828,  616)   5   770  1528
[183] [    17102608] 1 | True  True 00 (  817,  601)   4   735  1352
[184] [    17112628] 1 | True  True 00 (  807,  585)   4   728  1096
[185] [    17122666] 1 | True  True 00 (  802,  568)   4   708  1420
[186] [    17132671] 1 | True  True 00 (  798,  551)   4   682  1564
[187] [    17142690] 1 | True  True 00 (  795,  535)   4   676  1580
[188] [    17152724] 1 | True  True 00 (  790,  518)   4   700  1328
[189] [    17162746] 1 | True  True 00 (  787,  499)   4   722  1132
[190] [    17172747] 1 | True  True 00 (  784,  481)   4   814  1156
[191] [    17182771] 1 | True  True 00 (  784,  461)   4   771  1484
[192] [    17192786] 1 | True  True 00 (  783,  444)   4   759  1652
[193] [    17202808] 1 | True  True 00 (  784,  426)   3   631  1724
[194] [    17212811] 1 | True  True 00 (  786,  410)   5   828  1724
[195] [    17222814] 1 | True  True 00 (  789,  393)   4   739  1504
[196] [    17232835] 1 | True  True 00 (  792,  375)   4   758  1320
[197] [    17242849] 1 | True  True 00 (  794,  358)   5   778  1332
[198] [    17252871] 1 | True  True 00 (  800,  341)   4   766  1532
[199] [    17262869] 1 | True  True 00 (  807,  325)   5   782  1404
[200] [    17272889] 1 | True  True 00 (  818,  310)   5   791  1296
[201] [    17282912] 1 | True  True 00 (  830,  294)   4   714  1128
[202] [    17292935] 1 | True  True 00 (  841,  279)   4   770  1132
[203] [    17302934] 1 | True  True 00 (  852,  265)   4   756  1044
[204] [    17312954] 1 | True  True 00 (  863,  250)   4   781  1132
[205] [    17322978] 1 | True  True 00 (  874,  236)   4   754  1436
[206] [    17332992] 1 | True  True 00 (  885,  223)   4   713  1560
[207] [    17343013] 1 | True  True 00 (  899,  211)   4   717  1416
[208] [    17353015] 1 | True  True 00 (  915,  200)   3   670  1276
[209] [    17363036] 1 | True  True 00 (  931,  190)   4   714  1216
[210] [    17373040] 1 | True  True 00 (  948,  180)   4   694  1412
[211] [    17383059] 1 | True  True 00 (  964,  171)   4   730  1604
[212] [    17393058] 1 | True  True 00 (  978,  163)   4   730  1692
[213] [    17403078] 1 | True  True 00 (  993,  156)   4   725  1500
[214] [    17413082] 1 | True  True 00 ( 1011,  150)   4   731  1164
[215] [    17423097] 1 | True  True 00 ( 1030,  145)   4   791  1076
[216] [    17433098] 1 | True  True 00 ( 1049,  141)   4   783  1224
[217] [    17443121] 1 | True  True 00 ( 1066,  138)   4   784  1404
[218] [    17453141] 1 | True  True 00 ( 1081,  136)   4   777  1512
[219] [    17463159] 1 | True  True 00 ( 1098,  135)   4   752  1384
[220] [    17473162] 1 | True  True 00 ( 1118,  134)   4   734  1152
[221] [    17483166] 1 | True  True 00 ( 1137,  134)   4   780  1056
[222] [    17493183] 1 | True  True 00 ( 1156,  135)   4   775  1276
[223] [    17503183] 1 | True  True 00 ( 1174,  137)   4   761  1604
[224] [    17513186] 1 | True  True 00 ( 1189,  141)   3   711  1768
[225] [    17523200] 1 | True  True 00 ( 1206,  144)   5   753  1548
[226] [    17533223] 1 | True  True 00 ( 1226,  149)   4   762  1404
[227] [    17543224] 1 | True  True 00 ( 1245,  156)   4   744  1184
[228] [    17553238] 1 | True  True 00 ( 1262,  165)   4   775  1296
[229] [    17563245] 1 | True  True 00 ( 1277,  173)   4   766  1352
[230] [    17573264] 1 | True  True 00 ( 1292,  182)   4   787  1404
[231] [    17583266] 1 | True  True 00 ( 1304,  192)   4   802  1276
[232] [    17593283] 1 | True  True 00 ( 1317,  204)   5   798  1308
[233] [    17603286] 1 | True  True 00 ( 1330,  216)   5   786  1400
[234] [    17613305] 1 | True  True 00 ( 1345,  229)   3   663  1288
[235] [    17623325] 1 | True  True 00 ( 1360,  243)   4   745  1236
[236] [    17633329] 1 | True  True 00 ( 1373,  257)   4   744  1224
[237] [    17643344] 1 | True  True 00 ( 1383,  272)   4   764  1136
[238] [    17653345] 1 | True  True 00 ( 1392,  286)   4   779  1048
[239] [    17663366] 1 | True  True 00 ( 1400,  302)   5   846  1104
[240] [    17673363] 1 | True  True 00 ( 1407,  318)   4   780  1356
[241] [    17683383] 1 | True  True 00 ( 1413,  334)   5   827  1612
[242] [    17693406] 1 | True  True 00 ( 1417,  356)   5   892  1668
[243] [    17703409] 1 | True  True 00 ( 1421,  372)   4   762  1628
[244] [    17713411] 1 | True  True 00 ( 1425,  389)   4   849  1412
[245] [    17723430] 1 | True  True 00 ( 1428,  406)   4   776  1136
[246] [    17733449] 1 | True  True 00 ( 1431,  422)   4   702  1332
[247] [    17743466] 1 | True  True 00 ( 1430,  440)   5   883  1776
[248] [    17753488] 1 | True  True 00 ( 1432,  458)   5   770  1672
[249] [    17763493] 1 | True  True 00 ( 1434,  475)   5   791  1636
[250] [    17773510] 1 | True  True 00 ( 1435,  493)   5   822  1420
[251] [    17783527] 1 | True  True 00 ( 1432,  510)   4   855  1144
[252] [    17793553] 1 | True  True 00 ( 1429,  527)   4   801  1272
[253] [    17803557] 1 | True  True 00 ( 1425,  541)   4   842  1400
[254] [    17813571] 1 | True  True 00 ( 1422,  558)   6   852  1436
[255] [    17823594] 1 | True  True 00 ( 1417,  577)   4   745  1236
[  0] [    17833615] 1 | True  True 00 ( 1410,  595)   5   847  1124
[  1] [    17843611] 1 | True  True 00 ( 1402,  611)   5   842  1108
[  2] [    17853638] 1 | True  True 00 ( 1392,  626)   4   724  1064
[  3] [    17863637] 1 | True  True 00 ( 1379,  642)   4   738  1424
[  4] [    17873655] 1 | True  True 00 ( 1366,  658)   4   729  1640
[  5] [    17883678] 1 | True  True 00 ( 1354,  674)   4   713  1656
[  6] [    17893676] 1 | True  True 00 ( 1343,  688)   5   750  1548
[  7] [    17903696] 1 | True  True 00 ( 1331,  701)   4   754  1352
[  8] [    17913700] 1 | True  True 00 ( 1318,  713)   4   767  1152
[  9] [    17923716] 1 | True  True 00 ( 1302,  723)   5   792  1300
[ 10] [    17933737] 1 | True  True 00 ( 1284,  732)   4   755  1408
[ 11] [    17943758] 1 | True  True 00 ( 1266,  741)   4   758  1336
[ 12] [    17953761] 1 | True  True 00 ( 1250,  748)   4   785  1244
[ 13] [    17963781] 1 | True  True 00 ( 1234,  755)   4   781   972
[ 14] [    17973781] 1 | True  True 00 ( 1218,  761)   4   805   896
[ 15] [    17983801] 1 | True  True 00 ( 1202,  766)   4   765   988
[ 16] [    17993801] 1 | True  True 00 ( 1183,  771)   5   773  1208
[ 17] [    18003820] 1 | True  True 00 ( 1163,  774)   4   785  1352
[ 18] [    18013837] 1 | True  True 00 ( 1146,  777)   4   777  1264
[ 19] [    18023840] 1 | True  True 00 ( 1129,  778)   4   784  1044
[ 20] [    18033861] 1 | True  True 00 ( 1113,  779)   4   783   916
[ 21] [    18043860] 1 | True  True 00 ( 1096,  779)   4   775  1040
[ 22] [    18053880] 1 | True  True 00 ( 1079,  778)   6   850  1148
[ 23] [    18063886] 1 | True  True 00 ( 1059,  776)   4   754  1252
[ 24] [    18073903] 1 | True  True 00 ( 1040,  773)   4   786  1232
[ 25] [    18083926] 1 | True  True 00 ( 1023,  769)   4   776  1124
[ 26] [    18093927] 1 | True  True 00 ( 1006,  764)   4   778  1036
[ 27] [    18103942] 1 | True  True 00 (  991,  758)   4   744  1160
[ 28] [    18113965] 1 | True  True 00 (  974,  752)   4   704  1404
[ 29] [    18123980] 1 | True  True 00 (  956,  745)   5   754  1700
[ 30] [    18133980] 1 | True  True 00 (  939,  736)   4   694  1732
[ 31] [    18144002] 1 | True  True 00 (  924,  726)   4   707  1544
[ 32] [    18154025] 1 | True  True 00 (  911,  715)   4   760  1336
[ 33] [    18164028] 1 | True  True 00 (  898,  704)   4   747  1004
[ 34] [    18174047] 1 | True  True 00 (  886,  692)   4   726   756
[ 35] [    18184067] 1 | True  True 00 (  875,  678)   4   750  1052
[ 36] [    18194071] 1 | True  True 00 (  863,  665)   4   719  1300
[ 37] [    18204106] 1 | True  True 00 (  852,  650)   5   762  1404
[ 38] [    18214125] 1 | True  True 00 (  840,  635)   7   808  1528
[ 39] [    18224127] 1 | True  True 00 (  827,  620)   4   689  1492
[ 40] [    18234149] 1 | True  True 00 (  818,  605)   3   648  1372
[ 41] [    18244172] 1 | True  True 00 (  811,  587)   5   797  1312
[ 42] [    18254171] 1 | True  True 00 (  804,  571)   4   766  1456
[ 43] [    18264190] 1 | True  True 00 (  799,  553)   4   744  1652
[ 44] [    18274195] 1 | True  True 00 (  795,  536)   4   685  1652
[ 45] [    18284210] 1 | True  True 00 (  791,  519)   4   755  1600
[ 46] [    18294231] 1 | True  True 00 (  789,  500)   4   731  1240
[ 47] [    18304229] 1 | True  True 00 (  786,  480)   5   795  1156
[ 48] [    18314249] 1 | True  True 00 (  786,  459)   4   718  1504
[ 49] [    18324254] 1 | True  True 00 (  786,  439)   4   728  1724
[ 50] [    18334253] 1 | True  True 00 (  785,  421)   3   663  1724
[ 51] [    18344269] 1 | True  True 00 (  786,  406)   3   717  1760
[ 52] [    18354273] 1 | True  True 00 (  787,  390)   4   780  1520
[ 53] [    18364277] 1 | True  True 00 (  789,  373)   4   808  1340
[ 54] [    18374293] 1 | True  True 00 (  793,  356)   6   837  1420
[ 55] [    18384315] 1 | True  True 00 (  800,  341)   4   724  1420
[ 56] [    18394331] 1 | True  True 00 (  809,  325)   4   739  1460
[ 57] [    18404338] 1 | True  True 00 (  820,  310)   4   700  1256
[ 58] [    18414351] 1 | True  True 00 (  831,  295)   4   743  1204
[ 59] [    18424373] 1 | True  True 00 (  841,  280)   4   748  1096
[ 60] [    18434374] 1 | True  True 00 (  852,  265)   4   775  1028
[ 61] [    18444396] 1 | True  True 00 (  863,  250)   4   737  1080
[ 62] [    18454399] 1 | True  True 00 (  874,  236)   4   758  1436
[ 63] [    18464418] 1 | True  True 00 (  885,  223)   4   712  1524
[ 64] [    18474418] 1 | True  True 00 (  899,  211)   4   713  1488
[ 65] [    18484437] 1 | True  True 00 (  915,  200)   4   717  1224
[ 66] [    18494441] 1 | True  True 00 (  932,  190)   4   721  1288
[ 67] [    18504457] 1 | True  True 00 (  949,  180)   4   702  1428
[ 68] [    18514478] 1 | True  True 00 (  964,  172)   4   721  1620
[ 69] [    18524496] 1 | True  True 00 (  978,  164)   4   739  1692
[ 70] [    18534497] 1 | True  True 00 (  994,  156)   4   720  1480
[ 71] [    18544519] 1 | True  True 00 ( 1011,  149)   5   831  1304
[ 72] [    18554543] 1 | True  True 00 ( 1030,  144)   4   741   988
[ 73] [    18564561] 1 | True  True 00 ( 1049,  140)   4   779  1260
[ 74] [    18574565] 1 | True  True 00 ( 1066,  138)   4   739  1348
[ 75] [    18584600] 1 | True  True 00 ( 1079,  137)   4   785  1512
[ 76] [    18594606] 1 | True  True 00 ( 1089,  136)   4   772  1492
[ 77] [    18604624] 1 | True  True 00 ( 1096,  135)   4   768  1440
[ 78] [    18614626] 1 | True  True 00 ( 1101,  134)   4   745  1476
[ 79] [    18624643] 1 | True  True 00 ( 1104,  133)   4   763  1456
[ 80] [    18634667] 1 |False  True 00 ( 1104,  133)   4   763  1456
[ 81] [    18644685] 0 
