[239] [    11815114]   0-None                     (    0)
[240] [    11825048]   0-None                     (    0)
[241] [    11834975]   0-None                     (    0)
[242] [    11844909]   0-None                     (    0)
[243] [    11854844]   0-None                     (    0)
[244] [    11864781]   0-None                     (    0)
[245] [    11874703]   0-None                     (    0)
[246] [    11884640]   0-None                     (    0)
[247] [    11894572]   0-None                     (    0)
[248] [    11904502]   0-None                     (    0)
[249] [    11914440]   0-None                     (    0)
[250] [    11924359]   0-None                     (    0)
[251] [    11934296]   0-None                     (    0)
[252] [    11944236]   0-None                     (    0)
[253] [    11954172]   0-None                     (    0)
[254] [    11964085]   0-None                     (    0)
[255] [    11974023]   0-None                     (    0)
[  0] [    11983958]   0-None                     (    0)
[  1] [    11993902]   0-None                     (    0)
[  2] [    12003838]   0-None                     (    0)
[  3] [    12013776]   0-None                     (    0)
[  4] [    12023712]   0-None                     (    0)
[  5] [    12033651]   0-None                     (    0)
[  6] [    12043586]   0-None                     (    0)
[  7] [    12053525]   0-None                     (    0)
[  8] [    12063461]   0-None                     (    0)
[  9] [    12073400]   0-None                     (    0)
[ 10] [    12083336]   0-None                     (    0)
[ 11] [    12093275]   0-None                     (    0)
[ 12] [    12103210]   0-None                     (    0)
[ 13] [    12113130]   0-None                     (    0)
[ 14] [    12123080]   0-None                     (    0)
[ 15] [    12132998]   0-None                     (    0)
[ 16] [    12142936]   0-None                     (    0)
[ 17] [    12152872]   0-None                     (    0)
[ 18] [    12162789]   0-None                     (    0)
[ 19] [    12172729]   0-None                     (    0)
[ 20] [    12182650]   0-None                     (    0)
[ 21] [    12192586]   0-None                     (    0)
[ 22] [    12202504]   0-None                     (    0)
[ 23] [    12212435]   0-None                     (    0)
[ 24] [    12222371]   0-None                     (    0)
[ 25] [    12232288]   0-None                     (    0)
[ 26] [    12242228]   0-None                     (    0)
[ 27] [    12252143]   0-None                     (    0)
[ 28] [    12262085]   0-None                     (    0)
[ 29] [    12272003]   0-None                     (    0)
[ 30] [    12281940]   0-None                     (    0)
[ 31] [    12291875]   0-None                     (    0)
[ 32] [    12301816]   0-None                     (    0)
[ 33] [    12311748]   0-None                     (    0)
[ 34] [    12321686]   0-None                     (    0)
[ 35] [    12331617]   0-None                     (    0)
[ 36] [    12341543]   0-None                     (    0)
[ 37] [    12351473]   0-None                     (    0)
[ 38] [    12361415]   0-None                     (    0)
[ 39] [    12371347]   0-None                     (    0)
[ 40] [    12381269]   0-None                     (    0)
[ 41] [    12391205]   0-None                     (    0)
[ 42] [    12401126]   0-None                     (    0)
[ 43] [    12411057]   0-None                     (    0)
[ 44] [    12420993]   0-None                     (    0)
[ 45] [    12430932]   0-None                     (    0)
[ 46] [    12440868]   0-None                     (    0)
[ 47] [    12450807]   0-None                     (    0)
[ 48] [    12460723]   0-None                     (    0)
[ 49] [    12470664]   0-None                     (    0)
[ 50] [    12480596]   0-None                     (    0)
[ 51] [    12490537]   0-None                     (    0)
[ 52] [    12500470]   0-None                     (    0)
[ 53] [    12510392]   0-None                     (    0)
[ 54] [    12520328]   0-None                     (    0)
[ 55] [    12530268]   0-None                     (    0)
[ 56] [    12540184]   0-None                     (    0)
[ 57] [    12550134]   0-None                     (    0)
[ 58] [    12560057]   0-None                     (    0)
[ 59] [    12569994]   0-None                     (    0)
[ 60] [    12579934]   0-None                     (    0)
[ 61] [    12589869]   0-None                     (    0)
[ 62] [    12599789]   0-None                     (    0)
[ 63] [    12609721]   0-None                     (    0)
[ 64] [    12619663]   0-None                     (    0)
[ 65] [    12629595]   0-None                     (    0)
[ 66] [    12639536]   0-None                     (    0)
[ 67] [    12649468]   0-None                     (    0)
[ 68] [    12659390]   0-None                     (    0)
[ 69] [    12669326]   0-None                     (    0)
[ 70] [    12679267]   0-None                     (    0)
[ 71] [    12689202]   0-None                     (    0)
[ 72] [    12699122]   0-None                     (    0)
[ 73] [    12709073]   0-None                     (    0)
[ 74] [    12719010]   0-None                     (    0)
[ 75] [    12728947]   0-None                     (    0)
[ 76] [    12738885]   0-None                     (    0)
[ 77] [    12748822]   0-None                     (    0)
[ 78] [    12758746]   0-None                     (    0)
[ 79] [    12768677]   0-None                     (    0)
[ 80] [    12778613]   0-None                     (    0)
[ 81] [    12788552]   0-None                     (    0)
[ 82] [    12798488]   0-None                     (    0)
[ 83] [    12808427]   0-None                     (    0)
[ 84] [    12818363]   0-None                     (    0)
[ 85] [    12828322]   0-None                     (    0)
[ 86] [    12838259]   0-None                     (    0)
[ 87] [    12848183]   0-None                     (    0)
[ 88] [    12858134]   0-None                     (    0)
[ 89] [    12868057]   0-None                     (    0)
[ 90] [    12878010]   0-None                     (    0)
[ 91] [    12887945]   0-None                     (    0)
[ 92] [    12897884]   0-None                     (    0)
[ 93] [    12907820]   0-None                     (    0)
[ 94] [    12917759]   0-None                     (    0)
[ 95] [    12927695]   0-None                     (    0)
[ 96] [    12937639]   0-None                     (    0)
[ 97] [    12947575]   0-None                     (    0)
[ 98] [    12957513]   0-None                     (    0)
[ 99] [    12967448]   0-None                     (    0)
[100] [    12977387]   0-None                     (    0)
[101] [    12987323]   0-None                     (    0)
[102] [    12997262]   0-None                     (    0)
[103] [    13007197]   0-None                     (    0)
[104] [    13017117]   0-None                     (    0)
[105] [    13027068]   0-None                     (    0)
[106] [    13036992]   0-None                     (    0)
[107] [    13046923]   0-None                     (    0)
[108] [    13056860]   0-None                     (    0)
[109] [    13066798]   0-None                     (    0)
[110] [    13076734]   0-None                     (    0)
[111] [    13086673]   0-None                     (    0)
[112] [    13096589]   0-None                     (    0)
[113] [    13106530]   0-None                     (    0)
[114] [    13116462]   0-None                     (    0)
[115] [    13126383]   0-None                     (    0)
[116] [    13136299]   0-None                     (    0)
[117] [    13146238]   0-None                     (    0)
[118] [    13156157]   0-None                     (    0)
[119] [    13166088]   0-None                     (    0)
[120] [    13176031]   0-None                     (    0)
[121] [    13185942]   0-None                     (    0)
[122] [    13195880]   0-None                     (    0)
[123] [    13205797]   0-None                     (    0)
[124] [    13215736]   0-None                     (    0)
[125] [    13225654]   0-None                     (    0)
[126] [    13235586]   0-None                     (    0)
[127] [    13245528]   0-None                     (    0)
[128] [    13255460]   0-None                     (    0)
[129] [    13265381]   0-None                     (    0)
[130] [    13275318]   0-None                     (    0)
[131] [    13285258]   0-None                     (    0)
[132] [    13295193]   0-None                     (    0)
[133] [    13305113]   0-None                     (    0)
[134] [    13315045]   0-None                     (    0)
[135] [    13324981]   0-None                     (    0)
[136] [    13334920]   0-None                     (    0)
[137] [    13344856]   0-None                     (    0)
[138] [    13354773]   0-None                     (    0)
[139] [    13364713]   0-None                     (    0)
[140] [    13374649]   0-None                     (    0)
[141] [    13384569]   0-None                     (    0)
[142] [    13394507]   0-None                     (    0)
[143] [    13404442]   0-None                     (    0)
[144] [    13414362]   0-None                     (    0)
[145] [    13424293]   0-None                     (    0)
[146] [    13434229]   0-None                     (    0)
[147] [    13444154]   0-None                     (    0)
[148] [    13454085]   0-None                     (    0)
[149] [    13464025]   0-None                     (    0)
[150] [    13473938]   0-None                     (    0)
[151] [    13483877]   0-None                     (    0)
[152] [    13493811]   0-None                     (    0)
[153] [    13503736]   0-None                     (    0)
[154] [    13513667]   0-None                     (    0)
[155] [    13523602]   0-None                     (    0)
[156] [    13533526]   0-None                     (    0)
[157] [    13543458]   0-None                     (    0)
[158] [    13553399]   0-None                     (    0)
[159] [    13563330]   0-None                     (    0)
[160] [    13573252]   0-None                     (    0)
[161] [    13583189]   0-None                     (    0)
[162] [    13593109]   0-None                     (    0)
[163] [    13603040]   0-None                     (    0)
[164] [    13612977]   0-None                     (    0)
[165] [    13622895]   0-None                     (    0)
[166] [    13632834]   0-None                     (    0)
[167] [    13642750]   0-None                     (    0)
[168] [    13652688]   0-None                     (    0)
[169] [    13662608]   0-None                     (    0)
[170] [    13672540]   0-None                     (    0)
[171] [    13682457]   0-None                     (    0)
[172] [    13692396]   0-None                     (    0)
[173] [    13702309]   0-None                     (    0)
[174] [    13712254]   0-None                     (    0)
[175] [    13722190]   0-None                     (    0)
[176] [    13732108]   0-None                     (    0)
[177] [    13742039]   0-None                     (    0)
[178] [    13751975]   0-None                     (    0)
[179] [    13761894]   0-None                     (    0)
[180] [    13771828]   0-None                     (    0)
[181] [    13781747]   0-None                     (    0)
[182] [    13791682]   0-None                     (    0)
[183] [    13801608]   0-None                     (    0)
[184] [    13811540]   0-None                     (    0)
[185] [    13821458]   0-None                     (    0)
[186] [    13831372]   0-None                     (    0)
[187] [    13841307]   0-None                     (    0)
[188] [    13851225]   0-None                     (    0)
[189] [    13861141]   0-None                     (    0)
[190] [    13871080]   0-None                     (    0)
[191] [    13881001]   0-None                     (    0)
[192] [    13890917]   0-None                     (    0)
[193] [    13900846]   0-None                     (    0)
[194] [    13910793]   0-None                     (    0)
[195] [    13920720]   0-None                     (    0)
[196] [    13930646]   0-None                     (    0)
[197] [    13940576]   0-None                     (    0)
[198] [    13950518]   0-None                     (    0)
[199] [    13960450]   0-None                     (    0)
[200] [    13970372]   0-None                     (    0)
[201] [    13980308]   0-None                     (    0)
[202] [    13990229]   0-None                     (    0)
[203] [    14000167]   0-None                     (    0)
[204] [    14010096]   0-None                     (    0)
[205] [    14020014]   0-None                     (    0)
[206] [    14029953]   0-None                     (    0)
[207] [    14039874]   0-None                     (    0)
[208] [    14049810]   0-None                     (    0)
[209] [    14059728]   0-None                     (    0)
[210] [    14069660]   0-None                     (    0)
[211] [    14079578]   0-None                     (    0)
[212] [    14089498]   0-None                     (    0)
[213] [    14099433]   0-None                     (    0)
[214] [    14109350]   0-None                     (    0)
[215] [    14119290]   0-None                     (    0)
[216] [    14129220]   0-None                     (    0)
[217] [    14139144]   0-None                     (    0)
[218] [    14149075]   0-None                     (    0)
[219] [    14158995]   0-None                     (    0)
[220] [    14168931]   0-None                     (    0)
[221] [    14178851]   0-None                     (    0)
[222] [    14188782]   0-None                     (    0)
[223] [    14198699]   0-None                     (    0)
[224] [    14208639]   0-None                     (    0)
[225] [    14218552]   0-None                     (    0)
[226] [    14228494]   0-None                     (    0)
[227] [    14238431]   0-None                     (    0)
[228] [    14248350]   0-None                     (    0)
[229] [    14258281]   0-None                     (    0)
[230] [    14268218]   0-None                     (    0)
[231] [    14278135]   0-None                     (    0)
[232] [    14288075]   0-None                     (    0)
[233] [    14297988]   0-None                     (    0)
[234] [    14307925]   0-None                     (    0)
[235] [    14317849]   0-None                     (    0)
[236] [    14327780]   0-None                     (    0)
[237] [    14337717]   0-None                     (    0)
[238] [    14347633]   0-None                     (    0)
[239] [    14357574]   0-None                     (    0)
[240] [    14367490]   0-None                     (    0)
[241] [    14377410]   0-None                     (    0)
[242] [    14387344]   0-None                     (    0)
[243] [    14397282]   0-None                     (    0)
[244] [    14407197]   0-None                     (    0)
[245] [    14417139]   0-None                     (    0)
[246] [    14427070]   0-None                     (    0)
[247] [    14436975]   0-None                     (    0)
[248] [    14446904]   0-None                     (    0)
[249] [    14456840]   0-None                     (    0)
[250] [    14466779]   0-None                     (    0)
[251] [    14476695]   0-None                     (    0)
[252] [    14486616]   0-None                     (    0)
[253] [    14496551]   0-None                     (    0)
[254] [    14506472]   0-None                     (    0)
[255] [    14516403]   0-None                     (    0)
[  0] [    14526319]   0-None                     (    0)
[  1] [    14536240]   0-None                     (    0)
[  2] [    14546176]   0-None                     (    0)
[  3] [    14556096]   0-None                     (    0)
[  4] [    14566027]   0-None                     (    0)
[  5] [    14575944]   0-None                     (    0)
[  6] [    14585884]   0-None                     (    0)
[  7] [    14595796]   0-None                     (    0)
[  8] [    14605720]   0-None                     (    0)
[  9] [    14615651]   0-None                     (    0)
[ 10] [    14625568]   0-None                     (    0)
[ 11] [    14635489]   0-None                     (    0)
[ 12] [    14645404]   0-None                     (    0)
[ 13] [    14655342]   0-None                     (    0)
[ 14] [    14665280]   0-None                     (    0)
[ 15] [    14675192]   0-None                     (    0)
[ 16] [    14685133]   0-None                     (    0)
[ 17] [    14695064]   0-None                     (    0)
[ 18] [    14705005]   0-None                     (    0)
[ 19] [    14714925]   0-None                     (    0)
[ 20] [    14724864]   0-None                     (    0)
[ 21] [    14734800]   0-None                     (    0)
[ 22] [    14744719]   0-None                     (    0)
[ 23] [    14754649]   0-None                     (    0)
[ 24] [    14764566]   0-None                     (    0)
[ 25] [    14774506]   0-None                     (    0)
[ 26] [    14784419]   0-None                     (    0)
[ 27] [    14794343]   0-None                     (    0)
[ 28] [    14804294]   0-None                     (    0)
[ 29] [    14814211]   0-None                     (    0)
[ 30] [    14824149]   0-None                     (    0)
[ 31] [    14834065]   0-None                     (    0)
[ 32] [    14844006]   0-None                     (    0)
[ 33] [    14853918]   0-None                     (    0)
[ 34] [    14863856]   0-None                     (    0)
[ 35] [    14873792]   0-None                     (    0)
[ 36] [    14883717]   0-None                     (    0)
[ 37] [    14893626]   0-None                     (    0)
[ 38] [    14903546]   0-None                     (    0)
[ 39] [    14913486]   0-None                     (    0)
[ 40] [    14923401]   0-None                     (    0)
[ 41] [    14933332]   0-None                     (    0)
[ 42] [    14943256]   0-None                     (    0)
[ 43] [    14953167]   0-None                     (    0)
[ 44] [    14963093]   0-None                     (    0)
[ 45] [    14973023]   0-None                     (    0)
[ 46] [    14982942]   0-None                     (    0)
[ 47] [    14992875]   0-None                     (    0)
[ 48] [    15002794]   0-None                     (    0)
[ 49] [    15012731]   0-None                     (    0)
[ 50] [    15022648]   0-None                     (    0)
[ 51] [    15032586]   0-None                     (    0)
[ 52] [    15042502]   0-None                     (    0)
[ 53] [    15052442]   0-None                     (    0)
[ 54] [    15062357]   0-None                     (    0)
[ 55] [    15072293]   0-None                     (    0)
[ 56] [    15082214]   0-None                     (    0)
[ 57] [    15092153]   0-None                     (    0)
[ 58] [    15102080]   0-None                     (    0)
[ 59] [    15112005]   0-None                     (    0)
[ 60] [    15121935]   0-None                     (    0)
[ 61] [    15131877]   0-None                     (    0)
[ 62] [    15141809]   0-None                     (    0)
[ 63] [    15151730]   0-None                     (    0)
[ 64] [    15161667]   0-None                     (    0)
[ 65] [    15171588]   0-None                     (    0)
[ 66] [    15181497]   0-None                     (    0)
[ 67] [    15191437]   0-None                     (    0)
[ 68] [    15201358]   0-None                     (    0)
[ 69] [    15211274]   0-None                     (    0)
[ 70] [    15221204]   0-None                     (    0)
[ 71] [    15231128]   0-None                     (    0)
[ 72] [    15241059]   0-None                     (    0)
[ 73] [    15250980]   0-None                     (    0)
[ 74] [    15260915]   0-None                     (    0)
[ 75] [    15270835]   0-None                     (    0)
[ 76] [    15280767]   0-None                     (    0)
[ 77] [    15290687]   0-None                     (    0)
[ 78] [    15300621]   0-None                     (    0)
[ 79] [    15310542]   0-None                     (    0)
[ 80] [    15320478]   0-None                     (    0)
[ 81] [    15330393]   0-None                     (    0)
[ 82] [    15340330]   0-None                     (    0)
[ 83] [    15350247]   0-None                     (    0)
[ 84] [    15360187]   0-None                     (    0)
[ 85] [    15370103]   0-None                     (    0)
[ 86] [    15380039]   0-None                     (    0)
[ 87] [    15389958]   0-None                     (    0)
[ 88] [    15399897]   0-None                     (    0)
[ 89] [    15409805]   0-None                     (    0)
[ 90] [    15419746]   0-None                     (    0)
[ 91] [    15429666]   0-None                     (    0)
[ 92] [    15439604]   0-None                     (    0)
[ 93] [    15449539]   0-None                     (    0)
[ 94] [    15459459]   0-None                     (    0)
[ 95] [    15469389]   0-None                     (    0)
[ 96] [    15479326]   0-None                     (    0)
[ 97] [    15489264]   0-None                     (    0)
[ 98] [    15499181]   0-None                     (    0)
[ 99] [    15509121]   0-None                     (    0)
[100] [    15519034]   0-None                     (    0)
[101] [    15528958]   0-None                     (    0)
[102] [    15538889]   0-None                     (    0)
[103] [    15548805]   0-None                     (    0)
[104] [    15558745]   0-None                     (    0)
[105] [    15568678]   0-None                     (    0)
[106] [    15578599]   0-None                     (    0)
[107] [    15588533]   0-None                     (    0)
[108] [    15598451]   0-None                     (    0)
[109] [    15608390]   0-None                     (    0)
[110] [    15618307]   0-None                     (    0)
[111] [    15628226]   0-None                     (    0)
[112] [    15638144]   0-None                     (    0)
[113] [    15648076]   0-None                     (    0)
[114] [    15657992]   0-None                     (    0)
[115] [    15667913]   0-None                     (    0)
[116] [    15677851]   0-None                     (    0)
[117] [    15687766]   0-None                     (    0)
[118] [    15697696]   0-None                     (    0)
[119] [    15707601]   0-None                     (    0)
[120] [    15717535]   0-None                     (    0)
[121] [    15727455]   0-None                     (    0)
[122] [    15737386]   0-None                     (    0)
[123] [    15747302]   0-None                     (    0)
[124] [    15757223]   0-None                     (    0)
[125] [    15767138]   0-None                     (    0)
[126] [    15777070]   0-None                     (    0)
[127] [    15786975]   0-None                     (    0)
[128] [    15796909]   0-None                     (    0)
[129] [    15806829]   0-None                     (    0)
[130] [    15816760]   0-None                     (    0)
[131] [    15826676]   0-None                     (    0)
[132] [    15836597]   0-None                     (    0)
[133] [    15846512]   0-None                     (    0)
[134] [    15856444]   0-None                     (    0)
[135] [    15866369]   0-None                     (    0)
[136] [    15876280]   0-None                     (    0)
[137] [    15886197]   0-None                     (    0)
[138] [    15896121]   0-None                     (    0)
[139] [    15906048]   0-None                     (    0)
[140] [    15915968]   0-None                     (    0)
[141] [    15925884]   0-None                     (    0)
[142] [    15935801]   0-None                     (    0)
[143] [    15945722]   0-None                     (    0)
[144] [    15955637]   0-None                     (    0)
[145] [    15965567]   0-None                     (    0)
[146] [    15975472]   0-None                     (    0)
[147] [    15985407]   0-None                     (    0)
[148] [    15995326]   0-None                     (    0)
[149] [    16005236]   0-None                     (    0)
[150] [    16015156]   0-None                     (    0)
[151] [    16025076]   0-None                     (    0)
[152] [    16034985]   0-None                     (    0)
[153] [    16044905]   0-None                     (    0)
[154] [    16054845]   0-None                     (    0)
[155] [    16064761]   0-None                     (    0)
[156] [    16074691]   0-None                     (    0)
[157] [    16084596]   0-None                     (    0)
[158] [    16094512]   0-None                     (    0)
[159] [    16104441]   0-None                     (    0)
[160] [    16114365]   0-None                     (    0)
[161] [    16124296]   0-None                     (    0)
[162] [    16134218]   0-None                     (    0)
[163] [    16144133]   0-None                     (    0)
[164] [    16154045]   0-None                     (    0)
[165] [    16163966]   0-None                     (    0)
[166] [    16173903]   0-None                     (    0)
[167] [    16183823]   0-None                     (    0)
[168] [    16193741]   0-None                     (    0)
[169] [    16203674]   0-None                     (    0)
[170] [    16213593]   0-None                     (    0)
[171] [    16223510]   0-None                     (    0)
[172] [    16233438]   0-None                     (    0)
[173] [    16243385]   0-None                     (    0)
[174] [    16253299]   0-None                     (    0)
[175] [    16263235]   0-None                     (    0)
[176] [    16273155]   0-None                     (    0)
[177] [    16283073]   0-None                     (    0)
[178] [    16293003]   0-None                     (    0)
[179] [    16302940]   0-None                     (    0)
[180] [    16312856]   0-None                     (    0)
[181] [    16322777]   0-None                     (    0)
[182] [    16332697]   0-None                     (    0)
[183] [    16342606]   0-None                     (    0)
[184] [    16352526]   0-None                     (    0)
[185] [    16362446]   0-None                     (    0)
[186] [    16372377]   0-None                     (    0)
[187] [    16382294]   0-None                     (    0)
[188] [    16392215]   0-None                     (    0)
[189] [    16402130]   0-None                     (    0)
[190] [    16412061]   0-None                     (    0)
[191] [    16421986]   0-None                     (    0)
[192] [    16431897]   0-None                     (    0)
[193] [    16441834]   0-None                     (    0)
[194] [    16451751]   0-None                     (    0)
[195] [    16461668]   0-None                     (    0)
[196] [    16471588]   0-None                     (    0)
[197] [    16481524]   0-None                     (    0)
[198] [    16491441]   0-None                     (    0)
[199] [    16501359]   0-None                     (    0)
[200] [    16511291]   0-None                     (    0)
[201] [    16521211]   0-None                     (    0)
[202] [    16531146]   0-None                     (    0)
[203] [    16541052]   0-None                     (    0)
[204] [    16550984]   0-None                     (    0)
[205] [    16560896]   0-None                     (    0)
[206] [    16570833]   0-None                     (    0)
[207] [    16580750]   0-None                     (    0)
[208] [    16590666]   0-None                     (    0)
[209] [    16600586]   0-None                     (    0)
[210] [    16610522]   0-None                     (    0)
[211] [    16620441]   0-None                     (    0)
[212] [    16630359]   0-None                     (    0)
[213] [    16640289]   0-None                     (    0)
[214] [    16650211]   0-None                     (    0)
[215] [    16660126]   0-None                     (    0)
[216] [    16670038]   0-None                     (    0)
[217] [    16679979]   0-None                     (    0)
[218] [    16689899]   0-None                     (    0)
[219] [    16699817]   0-None                     (    0)
[220] [    16709726]   0-None                     (    0)
[221] [    16719667]   0-None                     (    0)
[222] [    16729583]   0-None                     (    0)
[223] [    16739499]   0-None                     (    0)
[224] [    16749418]   0-None                     (    0)
[225] [    16759333]   0-None                     (    0)
[226] [    16769270]   0-None                     (    0)
[227] [    16779190]   0-None                     (    0)
[228] [    16789110]   0-None                     (    0)
[229] [    16799042]   0-None                     (    0)
[230] [    16808961]   0-None                     (    0)
[231] [    16818875]   0-None                     (    0)
[232] [    16828792]   0-None                     (    0)
[233] [    16838724]   0-None                     (    0)
[234] [    16848642]   0-None                     (    0)
[235] [    16858559]   0-None                     (    0)
[236] [    16868476]   0-None                     (    0)
[237] [    16878396]   0-None                     (    0)
[238] [    16888334]   0-None                     (    0)
[239] [    16898249]   0-None                     (    0)
[240] [    16908187]   0-None                     (    0)
[241] [    16918104]   0-None                     (    0)
[242] [    16928035]   0-None                     (    0)
[243] [    16937957]   0-None                     (    0)
[244] [    16947873]   0-None                     (    0)
[245] [    16957804]   0-None                     (    0)
[246] [    16967729]   0-None                     (    0)
[247] [    16977640]   0-None                     (    0)
[248] [    16987577]   0-None                     (    0)
[249] [    16997495]   0-None                     (    0)
[250] [    17007410]   0-None                     (    0)
[251] [    17017351]   0-None                     (    0)
[252] [    17027263]   0-None                     (    0)
[253] [    17037187]   0-None                     (    0)
[254] [    17047104]   0-None                     (    0)
[255] [    17057035]   0-None                     (    0)
[  0] [    17066955]   0-None                     (    0)
[  1] [    17076871]   0-None                     (    0)
[  2] [    17086802]   0-None                     (    0)
[  3] [    17096706]   0-None                     (    0)
[  4] [    17106640]   0-None                     (    0)
[  5] [    17116558]   0-None                     (    0)
[  6] [    17126477]   0-None                     (    0)
[  7] [    17136409]   0-None                     (    0)
[  8] [    17146330]   0-None                     (    0)
[  9] [    17156245]   0-None                     (    0)
[ 10] [    17166163]   0-None                     (    0)
[ 11] [    17176079]   0-None                     (    0)
[ 12] [    17186014]   0-None                     (    0)
[ 13] [    17195935]   0-None                     (    0)
[ 14] [    17205844]   0-None                     (    0)
[ 15] [    17215764]   0-None                     (    0)
[ 16] [    17225704]   0-None                     (    0)
[ 17] [    17235620]   0-None                     (    0)
[ 18] [    17245549]   0-None                     (    0)
[ 19] [    17255475]   0-None                     (    0)
[ 20] [    17265406]   0-None                     (    0)
[ 21] [    17275327]   0-None                     (    0)
[ 22] [    17285261]   0-None                     (    0)
[ 23] [    17295198]   0-None                     (    0)
[ 24] [    17305115]   0-None                     (    0)
[ 25] [    17315051]   0-None                     (    0)
[ 26] [    17324968]   0-None                     (    0)
[ 27] [    17334888]   0-None                     (    0)
[ 28] [    17344827]   0-None                     (    0)
[ 29] [    17354763]   0-None                     (    0)
[ 30] [    17364683]   0-None                     (    0)
[ 31] [    17374613]   0-None                     (    0)
[ 32] [    17384530]   0-None                     (    0)
[ 33] [    17394450]   0-None                     (    0)
[ 34] [    17404384]   0-None                     (    0)
[ 35] [    17414321]   0-None                     (    0)
[ 36] [    17424244]   0-None                     (    0)
[ 37] [    17434158]   0-None                     (    0)
[ 38] [    17444079]   0-None                     (    0)
[ 39] [    17454007]   0-None                     (    0)
[ 40] [    17463927]   0-None                     (    0)
[ 41] [    17473865]   0-None                     (    0)
[ 42] [    17483783]   0-None                     (    0)
[ 43] [    17493699]   0-None                     (    0)
[ 44] [    17503633]   0-None                     (    0)
[ 45] [    17513556]   0-None                     (    0)
[ 46] [    17523465]   0-None                     (    0)
[ 47] [    17533405]   0-None                     (    0)
[ 48] [    17543326]   0-None                     (    0)
[ 49] [    17553262]   0-None                     (    0)
[ 50] [    17563180]   0-None                     (    0)
[ 51] [    17573118]   0-None                     (    0)
[ 52] [    17583045]   0-None                     (    0)
[ 53] [    17592969]   0-None                     (    0)
[ 54] [    17602899]   0-None                     (    0)
[ 55] [    17612840]   0-None                     (    0)
[ 56] [    17622759]   0-None                     (    0)
[ 57] [    17632698]   0-None                     (    0)
[ 58] [    17642633]   0-None                     (    0)
[ 59] [    17652554]   0-None                     (    0)
[ 60] [    17662504]   0-None                     (    0)
[ 61] [    17672428]   0-None                     (    0)
[ 62] [    17682359]   0-None                     (    0)
[ 63] [    17692276]   0-None                     (    0)
[ 64] [    17702217]   0-None                     (    0)
[ 65] [    17712131]   0-None                     (    0)
[ 66] [    17722069]   0-None                     (    0)
[ 67] [    17732003]   0-None                     (    0)
[ 68] [    17741921]   0-None                     (    0)
[ 69] [    17751859]   0-None                     (    0)
[ 70] [    17761794]   0-None                     (    0)
[ 71] [    17771718]   0-None                     (    0)
[ 72] [    17781648]   0-None                     (    0)
[ 73] [    17791570]   0-None                     (    0)
[ 74] [    17801484]   0-None                     (    0)
[ 75] [    17811423]   0-None                     (    0)
[ 76] [    17821339]   0-None                     (    0)
[ 77] [    17831278]   0-None                     (    0)
[ 78] [    17841214]   0-None                     (    0)
[ 79] [    17851134]   0-None                     (    0)
[ 80] [    17861071]   0-None                     (    0)
[ 81] [    17870985]   0-None                     (    0)
[ 82] [    17880916]   0-None                     (    0)
[ 83] [    17890841]   0-None                     (    0)
[ 84] [    17900772]   0-None                     (    0)
[ 85] [    17910694]   0-None                     (    0)
[ 86] [    17920608]   0-None                     (    0)
[ 87] [    17930546]   0-None                     (    0)
[ 88] [    17940461]   0-None                     (    0)
[ 89] [    17950401]   0-None                     (    0)
[ 90] [    17960316]   0-None                     (    0)
[ 91] [    17970253]   0-None                     (    0)
[ 92] [    17980173]   0-None                     (    0)
[ 93] [    17990090]   0-None                     (    0)
[ 94] [    18000021]   0-None                     (    0)
[ 95] [    18009940]   0-None                     (    0)
[ 96] [    18019854]   0-None                     (    0)
[ 97] [    18029789]   0-None                     (    0)
[ 98] [    18039694]   0-None                     (    0)
[ 99] [    18049610]   0-None                     (    0)
[100] [    18059540]   0-None                     (    0)
[101] [    18069464]   0-None                     (    0)
[102] [    18079375]   0-None                     (    0)
[103] [    18089292]   0-None                     (    0)
[104] [    18099230]   0-None                     (    0)
[105] [    18109149]   0-None                     (    0)
[106] [    18119065]   0-None                     (    0)
[107] [    18129001]   0-None                     (    0)
[108] [    18138921]   0-None                     (    0)
[109] [    18148838]   0-None                     (    0)
[110] [    18158768]   0-None                     (    0)
[111] [    18168690]   0-None                     (    0)
[112] [    18178605]   0-None                     (    0)
[113] [    18188543]   0-None                     (    0)
[114] [    18198459]   0-None                     (    0)
[115] [    18208391]   0-None                     (    0)
[116] [    18218312]   0-None                     (    0)
[117] [    18228229]   0-None                     (    0)
[118] [    18238146]   0-None                     (    0)
[119] [    18248061]   0-None                     (    0)
[120] [    18257998]   0-None                     (    0)
[121] [    18267914]   0-None                     (    0)
[122] [    18277831]   0-None                     (    0)
[123] [    18287770]   0-None                     (    0)
[124] [    18297686]   0-None                     (    0)
[125] [    18307621]   0-None                     (    0)
[126] [    18317546]   0-None                     (    0)
[127] [    18327456]   0-None                     (    0)
[128] [    18337394]   0-None                     (    0)
[129] [    18347314]   0-None                     (    0)
[130] [    18357231]   0-None                     (    0)
[131] [    18367167]   0-None                     (    0)
[132] [    18377083]   0-None                     (    0)
[133] [    18387014]   0-None                     (    0)
[134] [    18396935]   0-None                     (    0)
[135] [    18406871]   0-None                     (    0)
[136] [    18416788]   0-None                     (    0)
[137] [    18426726]   0-None                     (    0)
[138] [    18436645]   0-None                     (    0)
[139] [    18446581]   0-None                     (    0)
[140] [    18456493]   0-None                     (    0)
[141] [    18466417]   0-None                     (    0)
[142] [    18476348]   0-None                     (    0)
[143] [    18486265]   0-None                     (    0)
[144] [    18496205]   0-None                     (    0)
[145] [    18506125]   0-None                     (    0)
[146] [    18516043]   0-None                     (    0)
[147] [    18525973]   0-None                     (    0)
[148] [    18535909]   0-None                     (    0)
[149] [    18545847]   0-None                     (    0)
[150] [    18555764]   0-None                     (    0)
[151] [    18565684]   0-None                     (    0)
[152] [    18575619]   0-None                     (    0)
[153] [    18585535]   0-None                     (    0)
[154] [    18595474]   0-None                     (    0)
[155] [    18605392]   0-None                     (    0)
[156] [    18615311]   0-None                     (    0)
[157] [    18625243]   0-None                     (    0)
[158] [    18635165]   0-None                     (    0)
[159] [    18645084]   0-None                     (    0)
[160] [    18655014]   0-None                     (    0)
[161] [    18664935]   0-None                     (    0)
[162] [    18674850]   0-None                     (    0)
[163] [    18684780]   0-None                     (    0)
[164] [    18694684]   0-None                     (    0)
[165] [    18704619]   0-None                     (    0)
[166] [    18714539]   0-None                     (    0)
[167] [    18724470]   0-None                     (    0)
[168] [    18734387]   0-None                     (    0)
[169] [    18744326]   0-None                     (    0)
[170] [    18754258]   0-None                     (    0)
[171] [    18764179]   0-None                     (    0)
[172] [    18774115]   0-None                     (    0)
[173] [    18784039]   0-None                     (    0)
[174] [    18793969]   0-None                     (    0)
[175] [    18803886]   0-None                     (    0)
[176] [    18813806]   0-None                     (    0)
[177] [    18823742]   0-None                     (    0)
[178] [    18833660]   0-None                     (    0)
[179] [    18843578]   0-None                     (    0)
[180] [    18853508]   0-None                     (    0)
[181] [    18863430]   0-None                     (    0)
[182] [    18873345]   0-None                     (    0)
[183] [    18883282]   0-None                     (    0)
[184] [    18893198]   0-None                     (    0)
[185] [    18903138]   0-None                     (    0)
[186] [    18913056]   0-None                     (    0)
[187] [    18922990]   0-None                     (    0)
[188] [    18932907]   0-None                     (    0)
[189] [    18942847]   0-None                     (    0)
[190] [    18952762]   0-None                     (    0)
[191] [    18962695]   0-None                     (    0)
[192] [    18972615]   0-None                     (    0)
[193] [    18982553]   0-None                     (    0)
[194] [    18992468]   0-None                     (    0)
[195] [    19002405]   0-None                     (    0)
[196] [    19012321]   0-None                     (    0)
[197] [    19022241]   0-None                     (    0)
[198] [    19032179]   0-None                     (    0)
[199] [    19042094]   0-None                     (    0)
[200] [    19052025]   0-None                     (    0)
[201] [    19061949]   0-None                     (    0)
[202] [    19071880]   0-None                     (    0)
[203] [    19081800]   0-None                     (    0)
[204] [    19091737]   0-None                     (    0)
[205] [    19101652]   0-None                     (    0)
[206] [    19111590]   0-None                     (    0)
[207] [    19121506]   0-None                     (    0)
[208] [    19131446]   0-None                     (    0)
[209] [    19141365]   0-None                     (    0)
[210] [    19151304]   0-None                     (    0)
[211] [    19161219]   0-None                     (    0)
[212] [    19171156]   0-None                     (    0)
[213] [    19181095]   0-None                     (    0)
[214] [    19191003]   0-None                     (    0)
[215] [    19200943]   0-None                     (    0)
[216] [    19210882]   0-None                     (    0)
[217] [    19220801]   0-None                     (    0)
[218] [    19230735]   0-None                     (    0)
[219] [    19240651]   0-None                     (    0)
[220] [    19250592]   0-None                     (    0)
[221] [    19260527]   0-None                     (    0)
[222] [    19270444]   0-None                     (    0)
[223] [    19280362]   0-None                     (    0)
[224] [    19290300]   0-None                     (    0)
[225] [    19300235]   0-None                     (    0)
[226] [    19310154]   0-None                     (    0)
[227] [    19320091]   0-None                     (    0)
[228] [    19330021]   0-None                     (    0)
[229] [    19339945]   0-None                     (    0)
[230] [    19349875]   0-None                     (    0)
[231] [    19359815]   0-None                     (    0)
[232] [    19369735]   0-None                     (    0)
[233] [    19379674]   0-None                     (    0)
[234] [    19389610]   0-None                     (    0)
[235] [    19399529]   0-None                     (    0)
[236] [    19409460]   0-None                     (    0)
[237] [    19419375]   0-None                     (    0)
[238] [    19429316]   0-None                     (    0)
[239] [    19439234]   0-None                     (    0)
[240] [    19449173]   0-None                     (    0)
[241] [    19459089]   0-None                     (    0)
[242] [    19469019]   0-None                     (    0)
[243] [    19478944]   0-None                     (    0)
[244] [    19488874]   0-None                     (    0)
[245] [    19498794]   0-None                     (    0)
[246] [    19508731]   0-None                     (    0)
[247] [    19518653]   0-None                     (    0)
[248] [    19528583]   0-None                     (    0)
[249] [    19538522]   0-None                     (    0)
[250] [    19548441]   0-None                     (    0)
[251] [    19558358]   0-None                     (    0)
[252] [    19568296]   0-None                     (    0)
[253] [    19578210]   0-None                     (    0)
[254] [    19588147]   0-None                     (    0)
[255] [    19598084]   0-None                     (    0)
[  0] [    19608000]   0-None                     (    0)
[  1] [    19617939]   0-None                     (    0)
[  2] [    19627857]   0-None                     (    0)
[  3] [    19637776]   0-None                     (    0)
[  4] [    19647706]   0-None                     (    0)
[  5] [    19657642]   0-None                     (    0)
[  6] [    19667565]   0-None                     (    0)
[  7] [    19677496]   0-None                     (    0)
[  8] [    19687436]   0-None                     (    0)
[  9] [    19697355]   0-None                     (    0)
[ 10] [    19707275]   0-None                     (    0)
[ 11] [    19717212]   0-None                     (    0)
[ 12] [    19727148]   0-None                     (    0)
[ 13] [    19737063]   0-None                     (    0)
[ 14] [    19747002]   0-None                     (    0)
[ 15] [    19756935]   0-None                     (    0)
[ 16] [    19766854]   0-None                     (    0)
[ 17] [    19776794]   0-None                     (    0)
[ 18] [    19786730]   0-None                     (    0)
[ 19] [    19796649]   0-None                     (    0)
[ 20] [    19806586]   0-None                     (    0)
[ 21] [    19816514]   0-None                     (    0)
[ 22] [    19826440]   0-None                     (    0)
[ 23] [    19836372]   0-None                     (    0)
[ 24] [    19846312]   0-None                     (    0)
[ 25] [    19856229]   0-None                     (    0)
[ 26] [    19866165]   0-None                     (    0)
[ 27] [    19876086]   0-None                     (    0)
[ 28] [    19885999]   0-None                     (    0)
[ 29] [    19895933]   0-None                     (    0)
[ 30] [    19905853]   0-None                     (    0)
[ 31] [    19915792]   0-None                     (    0)
[ 32] [    19925706]   0-None                     (    0)
[ 33] [    19935643]   0-None                     (    0)
[ 34] [    19945557]   0-None                     (    0)
[ 35] [    19955497]   0-None                     (    0)
[ 36] [    19965436]   0-None                     (    0)
[ 37] [    19975347]   0-None                     (    0)
[ 38] [    19985270]   0-None                     (    0)
[ 39] [    19995209]   0-None                     (    0)
[ 40] [    20005124]   0-None                     (    0)
[ 41] [    20015059]   0-None                     (    0)
[ 42] [    20024977]   0-None                     (    0)
[ 43] [    20034915]   0-None                     (    0)
[ 44] [    20044850]   0-None                     (    0)
[ 45] [    20054769]   0-None                     (    0)
[ 46] [    20064705]   0-None                     (    0)
[ 47] [    20074635]   0-None                     (    0)
[ 48] [    20084560]   0-None                     (    0)
[ 49] [    20094490]   0-None                     (    0)
[ 50] [    20104430]   0-None                     (    0)
[ 51] [    20114350]   0-None                     (    0)
[ 52] [    20124286]   0-None                     (    0)
[ 53] [    20134227]   0-None                     (    0)
[ 54] [    20144144]   0-None                     (    0)
[ 55] [    20154081]   0-None                     (    0)
[ 56] [    20164016]   0-None                     (    0)
[ 57] [    20173952]   0-None                     (    0)
[ 58] [    20183869]   0-None                     (    0)
[ 59] [    20193803]   0-None                     (    0)
[ 60] [    20203741]   0-None                     (    0)
[ 61] [    20213661]   0-None                     (    0)
[ 62] [    20223596]   0-None                     (    0)
[ 63] [    20233532]   0-None                     (    0)
[ 64] [    20243454]   0-None                     (    0)
[ 65] [    20253383]   0-None                     (    0)
[ 66] [    20263306]   0-None                     (    0)
[ 67] [    20273224]   0-None                     (    0)
[ 68] [    20283163]   0-None                     (    0)
[ 69] [    20293077]   0-None                     (    0)
[ 70] [    20303007]   0-None                     (    0)
[ 71] [    20312931]   0-None                     (    0)
[ 72] [    20322862]   0-None                     (    0)
[ 73] [    20332782]   0-None                     (    0)
[ 74] [    20342718]   0-None                     (    0)
[ 75] [    20352641]   0-None                     (    0)
[ 76] [    20362572]   0-None                     (    0)
[ 77] [    20372487]   0-None                     (    0)
[ 78] [    20382426]   0-None                     (    0)
[ 79] [    20392346]   0-None                     (    0)
[ 80] [    20402285]   0-None                     (    0)
[ 81] [    20412220]   0-None                     (    0)
[ 82] [    20422138]   0-None                     (    0)
[ 83] [    20432079]   0-None                     (    0)
[ 84] [    20442010]   0-None                     (    0)
[ 85] [    20451928]   0-None                     (    0)
[ 86] [    20461865]   0-None                     (    0)
[ 87] [    20471806]   0-None                     (    0)
[ 88] [    20481715]   0-None                     (    0)
[ 89] [    20491653]   0-None                     (    0)
[ 90] [    20501576]   0-None                     (    0)
[ 91] [    20511505]   0-None                     (    0)
[ 92] [    20521450]   0-None                     (    0)
[ 93] [    20531359]   0-None                     (    0)
[ 94] [    20541299]   0-None                     (    0)
[ 95] [    20551218]   0-None                     (    0)
[ 96] [    20561158]   0-None                     (    0)
[ 97] [    20571093]   0-None                     (    0)
[ 98] [    20581013]   0-None                     (    0)
[ 99] [    20590944]   0-None                     (    0)
[100] [    20600879]   0-None                     (    0)
[101] [    20610803]   0-None                     (    0)
[102] [    20620733]   0-None                     (    0)
[103] [    20630673]   0-None                     (    0)
[104] [    20640612]   0-None                     (    0)
[105] [    20650551]   0-None                     (    0)
[106] [    20660482]   0-None                     (    0)
[107] [    20670422]   0-None                     (    0)
[108] [    20680342]   0-None                     (    0)
[109] [    20690281]   0-None                     (    0)
[110] [    20700216]   0-None                     (    0)
[111] [    20710154]   0-None                     (    0)
[112] [    20720089]   0-None                     (    0)
[113] [    20730034]   0-None                     (    0)
[114] [    20739966]   0-None                     (    0)
[115] [    20749882]   0-None                     (    0)
[116] [    20759820]   0-None                     (    0)
[117] [    20769755]   0-None                     (    0)
[118] [    20779691]   0-None                     (    0)
[119] [    20789626]   0-None                     (    0)
[120] [    20799550]   0-None                     (    0)
[121] [    20809487]   0-None                     (    0)
[122] [    20819421]   0-None                     (    0)
[123] [    20829360]   0-None                     (    0)
[124] [    20839278]   0-None                     (    0)
[125] [    20849212]   0-None                     (    0)
[126] [    20859155]   0-None                     (    0)
[127] [    20869070]   0-None                     (    0)
[128] [    20879019]   0-None                     (    0)
[129] [    20888962]   0-None                     (    0)
[130] [    20898898]   0-None                     (    0)
[131] [    20908840]   0-None                     (    0)
[132] [    20918778]   0-None                     (    0)
[133] [    20928713]   0-None                     (    0)
[134] [    20938651]   0-None                     (    0)
[135] [    20948586]   0-None                     (    0)
[136] [    20958529]   0-None                     (    0)
[137] [    20968483]   0-None                     (    0)
[138] [    20978421]   0-None                     (    0)
[139] [    20988360]   0-None                     (    0)
[140] [    20998293]   0-None                     (    0)
[141] [    21008232]   0-None                     (    0)
[142] [    21018150]   0-None                     (    0)
[143] [    21028085]   0-None                     (    0)
[144] [    21038030]   0-None                     (    0)
[145] [    21047961]   0-None                     (    0)
[146] [        4136]   0-None                     (    0)
[147] [       14057]   0-None                     (    0)
[148] [       23991]   0-None                     (    0)
[149] [       33928]   0-None                     (    0)
[150] [       43862]   0-None                     (    0)
[151] [       53807]   0-None                     (    0)
[152] [       63735]   0-None                     (    0)
[153] [       73679]   0-None                     (    0)
[154] [       83617]   0-None                     (    0)
[155] [       93554]   0-None                     (    0)
[156] [      103484]   0-None                     (    0)
[157] [      113429]   0-None                     (    0)
[158] [      123366]   0-None                     (    0)
[159] [      133303]   0-None                     (    0)
[160] [      143239]   0-None                     (    0)
[161] [      153176]   0-None                     (    0)
[162] [      163113]   0-None                     (    0)
[163] [      173070]   0-None                     (    0)
[164] [      182994]   0-None                     (    0)
[165] [      192931]   0-None                     (    0)
[166] [      202878]   0-None                     (    0)
[167] [      212822]   0-None                     (    0)
[168] [      222740]   0-None                     (    0)
[169] [      232676]   0-None                     (    0)
[170] [      242613]   0-None                     (    0)
[171] [      252549]   0-None                     (    0)
[172] [      262485]   0-None                     (    0)
[173] [      272422]   0-None                     (    0)
[174] [      282365]   0-None                     (    0)
[175] [      292281]   0-None                     (    0)
[176] [      302213]   0-None                     (    0)
[177] [      312154]   0-None                     (    0)
[178] [      322092]   0-None                     (    0)
[179] [      332012]   0-None                     (    0)
[180] [      341948]   0-None                     (    0)
[181] [      351885]   0-None                     (    0)
[182] [      361820]   0-None                     (    0)
[183] [      371738]   0-None                     (    0)
[184] [      381675]   0-None                     (    0)
[185] [      391605]   0-None                     (    0)
[186] [      401550]   0-None                     (    0)
[187] [      411480]   0-None                     (    0)
[188] [      421405]   0-None                     (    0)
[189] [      431342]   0-None                     (    0)
[190] [      441257]   0-None                     (    0)
[191] [      451192]   0-None                     (    0)
[192] [      461135]   0-None                     (    0)
[193] [      471069]   0-None                     (    0)
[194] [      481008]   0-None                     (    0)
[195] [      490943]   0-None                     (    0)
[196] [      500881]   0-None                     (    0)
[197] [      510796]   0-None                     (    0)
[198] [      520733]   0-None                     (    0)
[199] [      530670]   0-None                     (    0)
[200] [      540606]   0-None                     (    0)
[201] [      550522]   0-None                     (    0)
[202] [      560461]   0-None                     (    0)
[203] [      570380]   0-None                     (    0)
[204] [      580315]   0-None                     (    0)
[205] [      590238]   0-None                     (    0)
[206] [      600168]   0-None                     (    0)
[207] [      610107]   0-None                     (    0)
[208] [      620046]   0-None                     (    0)
[209] [      629961]   0-None                     (    0)
[210] [      639901]   0-None                     (    0)
[211] [      649837]   0-None                     (    0)
[212] [      659771]   0-None                     (    0)
[213] [      669691]   0-None                     (    0)
[214] [      679631]   0-None                     (    0)
[215] [      689565]   0-None                     (    0)
[216] [      699484]   0-None                     (    0)
[217] [      709420]   0-None                     (    0)
[218] [      719358]   0-None                     (    0)
[219] [      729295]   0-None                     (    0)
[220] [      739226]   0-None                     (    0)
[221] [      749150]   0-None                     (    0)
[222] [      759080]   0-None                     (    0)
[223] [      769000]   0-None                     (    0)
[224] [      778936]   0-None                     (    0)
[225] [      788878]   0-None                     (    0)
[226] [      798812]   0-None                     (    0)
[227] [      808755]   0-None                     (    0)
[228] [      818689]   0-None                     (    0)
[229] [      828629]   0-None                     (    0)
[230] [      838564]   0-None                     (    0)
[231] [      848503]   0-None                     (    0)
[232] [      858438]   0-None                     (    0)
[233] [      868376]   0-None                     (    0)
[234] [      878311]   0-None                     (    0)
[235] [      888235]   0-None                     (    0)
[236] [      898184]   0-None                     (    0)
[237] [      908105]   0-None                     (    0)
[238] [      918043]   0-None                     (    0)
[239] [      927978]   0-None                     (    0)
[240] [      937914]   0-None                     (    0)
[241] [      947848]   0-None                     (    0)
[242] [      957772]   0-None                     (    0)
[243] [      967710]   0-None                     (    0)
[244] [      977644]   0-None                     (    0)
[245] [      987562]   0-None                     (    0)
[246] [      997501]   0-None                     (    0)
[247] [     1007436]   0-None                     (    0)
[248] [     1017354]   0-None                     (    0)
[249] [     1027290]   0-None                     (    0)
[250] [     1037227]   0-None                     (    0)
[251] [     1047143]   0-None                     (    0)
[252] [     1057081]   0-None                     (    0)
[253] [     1067002]   0-None                     (    0)
[254] [     1076936]   0-None                     (    0)
[255] [     1086856]   0-None                     (    0)
[  0] [     1096793]   0-None                     (    0)
[  1] [     1106708]   0-None                     (    0)
[  2] [     1116641]   0-None                     (    0)
[  3] [     1126560]   0-None                     (    0)
[  4] [     1136497]   0-None                     (    0)
[  5] [     1146412]   0-None                     (    0)
[  6] [     1156347]   0-None                     (    0)
[  7] [     1166271]   0-None                     (    0)
[  8] [     1176200]   0-None                     (    0)
[  9] [     1186141]   0-None                     (    0)
[ 10] [     1196061]   0-None                     (    0)
[ 11] [     1205977]   0-None                     (    0)
[ 12] [     1215915]   0-None                     (    0)
[ 13] [     1225825]   0-None                     (    0)
[ 14] [     1235745]   0-None                     (    0)
[ 15] [     1245679]   0-None                     (    0)
[ 16] [     1255598]   0-None                     (    0)
[ 17] [     1265534]   0-None                     (    0)
[ 18] [     1275449]   0-None                     (    0)
[ 19] [     1285388]   0-None                     (    0)
[ 20] [     1295307]   0-None                     (    0)
[ 21] [     1305226]   0-None                     (    0)
[ 22] [     1315163]   0-None                     (    0)
[ 23] [     1325092]   0-None                     (    0)
[ 24] [     1335015]   0-None                     (    0)
[ 25] [     1344933]   0-None                     (    0)
[ 26] [     1354852]   0-None                     (    0)
[ 27] [     1364788]   0-None                     (    0)
[ 28] [     1374717]   0-None                     (    0)
[ 29] [     1384661]   0-None                     (    0)
[ 30] [     1394572]   0-None                     (    0)
[ 31] [     1404511]   0-None                     (    0)
[ 32] [     1414431]   0-None                     (    0)
[ 33] [     1424371]   0-None                     (    0)
[ 34] [     1434284]   0-None                     (    0)
[ 35] [     1444200]   0-None                     (    0)
[ 36] [     1454139]   0-None                     (    0)
[ 37] [     1464058]   0-None                     (    0)
[ 38] [     1473995]   0-None                     (    0)
[ 39] [     1483929]   0-None                     (    0)
[ 40] [     1493844]   0-None                     (    0)
[ 41] [     1503782]   0-None                     (    0)
[ 42] [     1513701]   0-None                     (    0)
[ 43] [     1523641]   0-None                     (    0)
[ 44] [     1533572]   0-None                     (    0)
[ 45] [     1543492]   0-None                     (    0)
[ 46] [     1553427]   0-None                     (    0)
[ 47] [     1563365]   0-None                     (    0)
[ 48] [     1573288]   0-None                     (    0)
[ 49] [     1583221]   0-None                     (    0)
[ 50] [     1593158]   0-None                     (    0)
[ 51] [     1603094]   0-None                     (    0)
[ 52] [     1613031]   0-None                     (    0)
[ 53] [     1622968]   0-None                     (    0)
[ 54] [     1632884]   0-None                     (    0)
[ 55] [     1642823]   0-None                     (    0)
[ 56] [     1652761]   0-None                     (    0)
[ 57] [     1662693]   0-None                     (    0)
[ 58] [     1672633]   0-None                     (    0)
[ 59] [     1682552]   0-None                     (    0)
[ 60] [     1692492]   0-None                     (    0)
[ 61] [     1702426]   0-None                     (    0)
[ 62] [     1712365]   0-None                     (    0)
[ 63] [     1722300]   0-None                     (    0)
[ 64] [     1732223]   0-None                     (    0)
[ 65] [     1742172]   0-None                     (    0)
[ 66] [     1752095]   0-None                     (    0)
[ 67] [     1762031]   0-None                     (    0)
[ 68] [     1771961]   0-None                     (    0)
[ 69] [     1781906]   0-None                     (    0)
[ 70] [     1791844]   0-None                     (    0)
[ 71] [     1801763]   0-None                     (    0)
[ 72] [     1811694]   0-None                     (    0)
[ 73] [     1821633]   0-None                     (    0)
[ 74] [     1831570]   0-None                     (    0)
[ 75] [     1841511]   0-None                     (    0)
[ 76] [     1851441]   0-None                     (    0)
[ 77] [     1861382]   0-None                     (    0)
[ 78] [     1871319]   0-None                     (    0)
[ 79] [     1881258]   0-None                     (    0)
[ 80] [     1891197]   0-None                     (    0)
[ 81] [     1901130]   0-None                     (    0)
[ 82] [     1911069]   0-None                     (    0)
[ 83] [     1921008]   0-None                     (    0)
[ 84] [     1930939]   0-None                     (    0)
[ 85] [     1940879]   0-None                     (    0)
[ 86] [     1950798]   0-None                     (    0)
[ 87] [     1960738]   0-None                     (    0)
[ 88] [     1970673]   0-None                     (    0)
[ 89] [     1980611]   0-None                     (    0)
[ 90] [     1990546]   0-None                     (    0)
[ 91] [     2000469]   0-None                     (    0)
[ 92] [     2010398]   0-None                     (    0)
[ 93] [     2020341]   0-None                     (    0)
[ 94] [     2030277]   0-None                     (    0)
[ 95] [     2040195]   0-None                     (    0)
[ 96] [     2050129]   0-None                     (    0)
[ 97] [     2060047]   0-None                     (    0)
[ 98] [     2069965]   0-None                     (    0)
[ 99] [     2079900]   0-None                     (    0)
[100] [     2089836]   0-None                     (    0)
