[239] [    11815114] 1 | True  True 00 ( 1260, 1019)   6  1149  1312
[240] [    11825048] 1 | True  True 00 ( 1254, 1018)   5  1070  1040
[241] [    11834975] 1 | True  True 00 ( 1243, 1014)   5  1075  1392
[242] [    11844909] 1 | True  True 00 ( 1230, 1008)   6  1159  1704
[243] [    11854844] 1 | True  True 00 ( 1215, 1000)   6  1117  1892
[244] [    11864781] 1 | True  True 00 ( 1198,  988)   6  1063  1640
[245] [    11874703] 1 | True  True 00 ( 1179,  976)   5   939  1372
[246] [    11884640] 1 | True  True 00 ( 1158,  961)   6  1057  1372
[247] [    11894572] 1 | True  True 00 ( 1137,  946)   5   962  1316
[248] [    11904502] 1 | True  True 00 ( 1118,  931)   4   919  1276
[249] [    11914440] 1 | True  True 00 ( 1101,  916)   4   913  1268
[250] [    11924359] 1 | True  True 00 ( 1086,  899)   7  1059  1544
[251] [    11934296] 1 | True  True 00 ( 1071,  882)   6   979  1728
[252] [    11944236] 1 | True  True 00 ( 1058,  861)   7  1051  1600
[253] [    11954172] 1 | True  True 00 ( 1044,  839)   6   929  1396
[254] [    11964085] 1 | True  True 00 ( 1025,  818)   5   883  1160
[255] [    11974023] 1 | True  True 00 ( 1009,  797)   5   939  1204
[  0] [    11983958] 1 | True  True 00 (  998,  776)   6   979  1184
[  1] [    11993902] 1 | True  True 00 (  987,  754)   6   993  1240
[  2] [    12003838] 1 | True  True 00 (  978,  729)   5   943  1240
[  3] [    12013776] 1 | True  True 00 (  970,  705)   4   871  1120
[  4] [    12023712] 1 | True  True 00 (  964,  680)   4   915  1036
[  5] [    12033651] 1 | True  True 00 (  960,  656)   5   916  1252
[  6] [    12043586] 1 | True  True 00 (  957,  630)   6   991  1392
[  7] [    12053525] 1 | True  True 00 (  956,  604)   5   945  1352
[  8] [    12063461] 1 | True  True 00 (  955,  579)   5   963  1172
[  9] [    12073400] 1 | True  True 00 (  956,  555)   4   896   964
[ 10] [    12083336] 1 | True  True 00 (  958,  533)   4   872  1144
[ 11] [    12093275] 1 | True  True 00 (  963,  509)   6   969  1324
[ 12] [    12103210] 1 | True  True 00 (  968,  485)   6   988  1404
[ 13] [    12113130] 1 | True  True 00 (  974,  460)   6  1013  1504
[ 14] [    12123080] 1 | True  True 00 (  982,  437)   6  1002  1424
[ 15] [    12132998] 1 | True  True 00 (  992,  417)   6   991  1384
[ 16] [    12142936] 1 | True  True 00 ( 1005,  396)   6   933  1544
[ 17] [    12152872] 1 | True  True 00 ( 1017,  375)   4   840  1784
[ 18] [    12162789] 1 | True  True 00 ( 1029,  351)   6   982  1704
[ 19] [    12172729] 1 | True  True 00 ( 1040,  328)   4   874  1504
[ 20] [    12182650] 1 | True  True 00 ( 1055,  307)   5   966  1080
[ 21] [    12192586] 1 | True  True 00 ( 1070,  289)   6   992  1012
[ 22] [    12202504] 1 | True  True 00 ( 1091,  270)   7  1025  1228
[ 23] [    12212435] 1 | True  True 00 ( 1112,  254)   6   981  1440
[ 24] [    12222371] 1 | True  True 00 ( 1134,  237)   6   995  1712
[ 25] [    12232288] 1 | True  True 00 ( 1157,  222)   6  1078  1656
[ 26] [    12242228] 1 | True  True 00 ( 1177,  207)   6  1081  1440
[ 27] [    12252143] 1 | True  True 00 ( 1197,  194)   6  1078  1340
[ 28] [    12262085] 1 | True  True 00 ( 1219,  183)   6  1141  1672
[ 29] [    12272003] 1 | True  True 00 ( 1244,  173)   7  1184  1904
[ 30] [    12281940] 1 | True  True 00 ( 1269,  164)   5  1111  1928
[ 31] [    12291875] 1 | True  True 00 ( 1291,  157)   4  1149  1836
[ 32] [    12301816] 1 | True  True 00 ( 1311,  150)   4  1111  1552
[ 33] [    12311748] 1 | True  True 00 ( 1330,  147)   4  1092  1404
[ 34] [    12321686] 1 | True  True 00 ( 1352,  144)   6  1203  1740
[ 35] [    12331617] 1 | True  True 00 ( 1377,  142)   5  1197  1948
[ 36] [    12341543] 1 | True  True 00 ( 1402,  140)   5  1159  1896
[ 37] [    12351473] 1 | True  True 00 ( 1426,  138)   4  1195  1820
[ 38] [    12361415] 1 | True  True 00 ( 1449,  138)   4  1163  1428
[ 39] [    12371347] 1 | True  True 00 ( 1470,  140)   5  1124  1584
[ 40] [    12381269] 1 | True  True 00 ( 1494,  144)   7  1209  1888
[ 41] [    12391205] 1 | True  True 00 ( 1522,  149)   7  1263  2164
[ 42] [    12401126] 1 | True  True 00 ( 1547,  155)   6  1182  2212
[ 43] [    12411057] 1 | True  True 00 ( 1570,  165)   6  1144  1888
[ 44] [    12420993] 1 | True  True 00 ( 1590,  176)   7  1196  1712
[ 45] [    12430932] 1 | True  True 00 ( 1609,  186)   8  1318  1544
[ 46] [    12440868] 1 | True  True 00 ( 1630,  200)   7  1203  1568
[ 47] [    12450807] 1 | True  True 00 ( 1655,  215)   6  1097  1496
[ 48] [    12460723] 1 | True  True 00 ( 1678,  229)   6  1190  1604
[ 49] [    12470664] 1 | True  True 00 ( 1699,  243)   4  1037  1796
[ 50] [    12480596] 1 | True  True 00 ( 1716,  256)   5  1060  1772
[ 51] [    12490537] 1 | True  True 00 ( 1732,  273)   6  1155  1668
[ 52] [    12500470] 1 | True  True 00 ( 1746,  293)   5  1034  1392
[ 53] [    12510392] 1 | True  True 00 ( 1758,  315)   4   988  1300
[ 54] [    12520328] 1 | True  True 00 ( 1772,  335)   6  1178  1300
[ 55] [    12530268] 1 | True  True 00 ( 1785,  354)   6  1095  1504
[ 56] [    12540184] 1 | True  True 00 ( 1799,  374)   6  1064  1672
[ 57] [    12550134] 1 | True  True 00 ( 1812,  396)   6  1054  1736
[ 58] [    12560057] 1 | True  True 00 ( 1823,  420)   7  1109  1672
[ 59] [    12569994] 1 | True  True 00 ( 1835,  446)   5  1041  1528
[ 60] [    12579934] 1 | True  True 00 ( 1843,  470)   6  1049  1748
[ 61] [    12589869] 1 | True  True 00 ( 1850,  493)   6  1033  1928
[ 62] [    12599789] 1 | True  True 00 ( 1855,  519)   7  1131  1948
[ 63] [    12609721] 1 | True  True 00 ( 1859,  547)   6  1076  1796
[ 64] [    12619663] 1 | True  True 00 ( 1862,  573)   4  1000  1552
[ 65] [    12629595] 1 | True  True 00 ( 1862,  598)   5  1026  1820
[ 66] [    12639536] 1 | True  True 00 ( 1861,  621)   6  1083  1932
[ 67] [    12649468] 1 | True  True 00 ( 1856,  645)   5  1007  1932
[ 68] [    12659390] 1 | True  True 00 ( 1852,  668)   6  1087  1732
[ 69] [    12669326] 1 | True  True 00 ( 1844,  693)   5  1062  1532
[ 70] [    12679267] 1 | True  True 00 ( 1837,  717)   5   984  1404
[ 71] [    12689202] 1 | True  True 00 ( 1825,  739)   5  1011  1468
[ 72] [    12699122] 1 | True  True 00 ( 1813,  761)   6  1101  1364
[ 73] [    12709073] 1 | True  True 00 ( 1802,  783)   6  1083  1504
[ 74] [    12719010] 1 | True  True 00 ( 1789,  806)   5  1004  1528
[ 75] [    12728947] 1 | True  True 00 ( 1777,  830)   5  1058  1296
[ 76] [    12738885] 1 | True  True 00 ( 1765,  851)   5  1035  1596
[ 77] [    12748822] 1 | True  True 00 ( 1754,  870)   6  1020  1760
[ 78] [    12758746] 1 | True  True 00 ( 1740,  889)   5   975  1760
[ 79] [    12768677] 1 | True  True 00 ( 1721,  907)   6  1065  1596
[ 80] [    12778613] 1 | True  True 00 ( 1699,  924)   6  1124  1408
[ 81] [    12788552] 1 | True  True 00 ( 1676,  942)   5  1080  1664
[ 82] [    12798488] 1 | True  True 00 ( 1656,  959)   5  1056  1548
[ 83] [    12808427] 1 | True  True 00 ( 1638,  972)   5  1133  1780
[ 84] [    12818363] 1 | True  True 00 ( 1620,  984)   6  1184  1732
[ 85] [    12828322] 1 | True  True 00 ( 1597,  994)   6  1208  1524
[ 86] [    12838259] 1 | True  True 00 ( 1570, 1002)   4  1133  1308
[ 87] [    12848183] 1 | True  True 00 ( 1546, 1009)   4  1160  1492
[ 88] [    12858134] 1 | True  True 00 ( 1523, 1016)   4  1132  1896
[ 89] [    12868057] 1 | True  True 00 ( 1504, 1020)   4  1140  2048
[ 90] [    12878010] 1 | True  True 00 ( 1484, 1024)   7  1206  1944
[ 91] [    12887945] 1 | True  True 00 ( 1459, 1027)   5  1076  1640
[ 92] [    12897884] 1 | True  True 00 ( 1433, 1029)   4  1096  1340
[ 93] [    12907820] 1 | True  True 00 ( 1407, 1029)   4  1130  1616
[ 94] [    12917759] 1 | True  True 00 ( 1384, 1029)   4  1093  1852
[ 95] [    12927695] 1 | True  True 00 ( 1364, 1029)   6  1120  1852
[ 96] [    12937639] 1 | True  True 00 ( 1340, 1027)   6  1170  1596
[ 97] [    12947575] 1 | True  True 00 ( 1313, 1023)   5  1111  1288
[ 98] [    12957513] 1 | True  True 00 ( 1287, 1020)   4  1031  1084
[ 99] [    12967448] 1 | True  True 00 ( 1263, 1015)   5  1060  1308
[100] [    12977387] 1 | True  True 00 ( 1242, 1007)   5  1097  1744
[101] [    12987323] 1 | True  True 00 ( 1222,  998)   7  1084  1704
[102] [    12997262] 1 | True  True 00 ( 1203,  986)   5  1036  1728
[103] [    13007197] 1 | True  True 00 ( 1181,  973)   5   966  1432
[104] [    13017117] 1 | True  True 00 ( 1156,  959)   5   950  1296
[105] [    13027068] 1 | True  True 00 ( 1133,  945)   4   911  1396
[106] [    13036992] 1 | True  True 00 ( 1113,  930)   4   946  1316
[107] [    13046923] 1 | True  True 00 ( 1096,  915)   4   903  1288
[108] [    13056860] 1 | True  True 00 ( 1081,  899)   6  1029  1692
[109] [    13066798] 1 | True  True 00 ( 1068,  880)   5   869  1620
[110] [    13076734] 1 | True  True 00 ( 1055,  858)   6   930  1488
[111] [    13086673] 1 | True  True 00 ( 1043,  835)   6   999  1472
[112] [    13096589] 1 | True  True 00 ( 1030,  814)   6  1010  1160
[113] [    13106530] 1 | True  True 00 ( 1017,  793)   6   983  1164
[114] [    13116462] 1 | True  True 00 ( 1003,  773)   7  1015  1224
[115] [    13126383] 1 | True  True 00 (  990,  750)   6   966  1240
[116] [    13136299] 1 | True  True 00 (  979,  724)   4   890  1220
[117] [    13146238] 1 | True  True 00 (  970,  700)   5   924  1064
[118] [    13156157] 1 | True  True 00 (  963,  677)   4   872   996
[119] [    13166088] 1 | True  True 00 (  958,  655)   5   922  1332
[120] [    13176031] 1 | True  True 00 (  956,  630)   6   968  1372
[121] [    13185942] 1 | True  True 00 (  955,  603)   5   961  1392
[122] [    13195880] 1 | True  True 00 (  955,  577)   4   942  1112
[123] [    13205797] 1 | True  True 00 (  956,  552)   4   907  1044
[124] [    13215736] 1 | True  True 00 (  957,  530)   5   953  1172
[125] [    13225654] 1 | True  True 00 (  961,  507)   6   974  1304
[126] [    13235586] 1 | True  True 00 (  966,  483)   6   980  1424
[127] [    13245528] 1 | True  True 00 (  973,  458)   5   910  1444
[128] [    13255460] 1 | True  True 00 (  981,  436)   6   957  1324
[129] [    13265381] 1 | True  True 00 (  992,  415)   6   957  1344
[130] [    13275318] 1 | True  True 00 ( 1004,  393)   6   948  1584
[131] [    13285258] 1 | True  True 00 ( 1017,  371)   5   924  1804
[132] [    13295193] 1 | True  True 00 ( 1029,  348)   5   917  1764
[133] [    13305113] 1 | True  True 00 ( 1041,  327)   4   904  1484
[134] [    13315045] 1 | True  True 00 ( 1055,  306)   5   959  1080
[135] [    13324981] 1 | True  True 00 ( 1071,  288)   6  1004  1000
[136] [    13334920] 1 | True  True 00 ( 1089,  270)   6  1030  1264
[137] [    13344856] 1 | True  True 00 ( 1111,  254)   6   934  1500
[138] [    13354773] 1 | True  True 00 ( 1134,  238)   6  1040  1752
[139] [    13364713] 1 | True  True 00 ( 1157,  222)   6  1056  1712
[140] [    13374649] 1 | True  True 00 ( 1178,  206)   6  1081  1520
[141] [    13384569] 1 | True  True 00 ( 1197,  193)   5   969  1316
[142] [    13394507] 1 | True  True 00 ( 1219,  180)   7  1245  1692
[143] [    13404442] 1 | True  True 00 ( 1245,  169)   6  1142  1952
[144] [    13414362] 1 | True  True 00 ( 1270,  161)   5  1156  2072
[145] [    13424293] 1 | True  True 00 ( 1294,  155)   5  1192  1836
[146] [    13434229] 1 | True  True 00 ( 1314,  149)   4  1144  1504
[147] [    13444154] 1 | True  True 00 ( 1334,  146)   4  1114  1456
[148] [    13454085] 1 | True  True 00 ( 1356,  144)   6  1253  1768
[149] [    13464025] 1 | True  True 00 ( 1382,  143)   5  1144  2000
[150] [    13473938] 1 | True  True 00 ( 1408,  141)   4  1131  1896
[151] [    13483877] 1 | True  True 00 ( 1431,  140)   5  1272  1820
[152] [    13493811] 1 | True  True 00 ( 1450,  141)   4  1087  1456
[153] [    13503736] 1 | True  True 00 ( 1471,  142)   5  1094  1560
[154] [    13513667] 1 | True  True 00 ( 1496,  145)   7  1183  1936
[155] [    13523602] 1 | True  True 00 ( 1523,  150)   6  1150  2064
[156] [    13533526] 1 | True  True 00 ( 1549,  156)   6  1213  2188
[157] [    13543458] 1 | True  True 00 ( 1571,  165)   6  1171  1936
[158] [    13553399] 1 | True  True 00 ( 1591,  177)   6  1115  1636
[159] [    13563330] 1 | True  True 00 ( 1610,  188)   6  1169  1420
[160] [    13573252] 1 | True  True 00 ( 1632,  200)   7  1196  1544
[161] [    13583189] 1 | True  True 00 ( 1656,  214)   6  1139  1592
[162] [    13593109] 1 | True  True 00 ( 1680,  228)   5  1088  1668
[163] [    13603040] 1 | True  True 00 ( 1700,  242)   5  1098  1836
[164] [    13612977] 1 | True  True 00 ( 1718,  257)   6  1122  1752
[165] [    13622895] 1 | True  True 00 ( 1733,  275)   6  1140  1648
[166] [    13632834] 1 | True  True 00 ( 1747,  296)   5   982  1244
[167] [    13642750] 1 | True  True 00 ( 1761,  318)   6  1118  1392
[168] [    13652688] 1 | True  True 00 ( 1775,  338)   6  1106  1276
[169] [    13662608] 1 | True  True 00 ( 1787,  357)   6  1108  1652
[170] [    13672540] 1 | True  True 00 ( 1801,  377)   6  1090  1736
[171] [    13682457] 1 | True  True 00 ( 1813,  400)   5   989  1652
[172] [    13692396] 1 | True  True 00 ( 1825,  425)   6  1053  1652
[173] [    13702309] 1 | True  True 00 ( 1836,  449)   6  1036  1460
[174] [    13712254] 1 | True  True 00 ( 1844,  473)   6  1055  1772
[175] [    13722190] 1 | True  True 00 ( 1850,  496)   6  1075  1948
[176] [    13732108] 1 | True  True 00 ( 1855,  520)   6  1065  1928
[177] [    13742039] 1 | True  True 00 ( 1858,  549)   6  1122  1840
[178] [    13751975] 1 | True  True 00 ( 1859,  574)   5  1044  1572
[179] [    13761894] 1 | True  True 00 ( 1859,  598)   7  1160  1840
[180] [    13771828] 1 | True  True 00 ( 1859,  623)   7  1159  1996
[181] [    13781747] 1 | True  True 00 ( 1858,  646)   6  1059  1932
[182] [    13791682] 1 | True  True 00 ( 1854,  671)   6  1074  1664
[183] [    13801608] 1 | True  True 00 ( 1848,  696)   6  1111  1488
[184] [    13811540] 1 | True  True 00 ( 1840,  720)   5  1043  1468
[185] [    13821458] 1 | True  True 00 ( 1829,  742)   6  1077  1532
[186] [    13831372] 1 | True  True 00 ( 1816,  766)   7  1050  1256
[187] [    13841307] 1 | True  True 00 ( 1802,  789)   6  1060  1568
[188] [    13851225] 1 | True  True 00 ( 1790,  813)   5  1004  1360
[189] [    13861141] 1 | True  True 00 ( 1778,  834)   4   992  1380
[190] [    13871080] 1 | True  True 00 ( 1766,  852)   4   990  1492
[191] [    13881001] 1 | True  True 00 ( 1755,  871)   5   981  1840
[192] [    13890917] 1 | True  True 00 ( 1740,  890)   6  1066  1800
[193] [    13900846] 1 | True  True 00 ( 1722,  908)   6  1112  1656
[194] [    13910793] 1 | True  True 00 ( 1701,  926)   6  1079  1316
[195] [    13920720] 1 | True  True 00 ( 1678,  942)   6  1123  1524
[196] [    13930646] 1 | True  True 00 ( 1657,  958)   6  1134  1616
[197] [    13940576] 1 | True  True 00 ( 1638,  972)   5  1093  1616
[198] [    13950518] 1 | True  True 00 ( 1621,  985)   7  1186  1572
[199] [    13960450] 1 | True  True 00 ( 1597,  997)   6  1150  1476
[200] [    13970372] 1 | True  True 00 ( 1571, 1006)   5  1100  1308
[201] [    13980308] 1 | True  True 00 ( 1547, 1014)   4  1108  1540
[202] [    13990229] 1 | True  True 00 ( 1524, 1019)   4  1161  1896
[203] [    14000167] 1 | True  True 00 ( 1504, 1023)   4  1063  2020
[204] [    14010096] 1 | True  True 00 ( 1484, 1026)   6  1176  1920
[205] [    14020014] 1 | True  True 00 ( 1459, 1030)   5  1057  1640
[206] [    14029953] 1 | True  True 00 ( 1432, 1031)   4  1078  1312
[207] [    14039874] 1 | True  True 00 ( 1406, 1030)   4  1141  1688
[208] [    14049810] 1 | True  True 00 ( 1384, 1029)   4  1123  1828
[209] [    14059728] 1 | True  True 00 ( 1364, 1029)   5  1067  1828
[210] [    14069660] 1 | True  True 00 ( 1341, 1028)   7  1139  1572
[211] [    14079578] 1 | True  True 00 ( 1313, 1026)   4   996  1264
[212] [    14089498] 1 | True  True 00 ( 1286, 1022)   4  1003  1020
[213] [    14099433] 1 | True  True 00 ( 1262, 1016)   5  1103  1432
[214] [    14109350] 1 | True  True 00 ( 1242, 1010)   5  1091  1768
[215] [    14119290] 1 | True  True 00 ( 1222, 1001)   6  1077  1872
[216] [    14129220] 1 | True  True 00 ( 1201,  988)   6  1043  1620
[217] [    14139144] 1 | True  True 00 ( 1178,  975)   6  1023  1496
[218] [    14149075] 1 | True  True 00 ( 1154,  960)   5   950  1296
[219] [    14158995] 1 | True  True 00 ( 1132,  945)   4   920  1376
[220] [    14168931] 1 | True  True 00 ( 1113,  929)   5  1000  1180
[221] [    14178851] 1 | True  True 00 ( 1096,  913)   4   906  1304
[222] [    14188782] 1 | True  True 00 ( 1081,  897)   5   898  1600
[223] [    14198699] 1 | True  True 00 ( 1068,  879)   6   966  1620
[224] [    14208639] 1 | True  True 00 ( 1055,  857)   6   939  1600
[225] [    14218552] 1 | True  True 00 ( 1039,  837)   4   840  1488
[226] [    14228494] 1 | True  True 00 ( 1026,  815)   6  1004  1196
[227] [    14238431] 1 | True  True 00 ( 1014,  794)   5   966  1184
[228] [    14248350] 1 | True  True 00 ( 1001,  772)   7   982  1068
[229] [    14258281] 1 | True  True 00 (  988,  749)   6   936  1260
[230] [    14268218] 1 | True  True 00 (  978,  723)   5   918  1220
[231] [    14278135] 1 | True  True 00 (  970,  699)   4   885  1080
[232] [    14288075] 1 | True  True 00 (  964,  675)   4   882  1036
[233] [    14297988] 1 | True  True 00 (  962,  652)   6   987  1192
[234] [    14307925] 1 | True  True 00 (  959,  628)   6   977  1372
[235] [    14317849] 1 | True  True 00 (  957,  601)   4   847  1292
[236] [    14327780] 1 | True  True 00 (  956,  575)   4   928  1132
[237] [    14337717] 1 | True  True 00 (  957,  552)   4   881  1044
[238] [    14347633] 1 | True  True 00 (  959,  530)   5   953  1164
[239] [    14357574] 1 | True  True 00 (  961,  506)   7  1038  1264
[240] [    14367490] 1 | True  True 00 (  968,  482)   6   983  1384
[241] [    14377410] 1 | True  True 00 (  975,  459)   5   886  1404
[242] [    14387344] 1 | True  True 00 (  984,  437)   6  1016  1444
[243] [    14397282] 1 | True  True 00 (  995,  416)   6   966  1364
[244] [    14407197] 1 | True  True 00 ( 1008,  394)   6   997  1684
[245] [    14417139] 1 | True  True 00 ( 1020,  371)   5   885  1744
[246] [    14427070] 1 | True  True 00 ( 1031,  347)   6   966  1684
[247] [    14436975] 1 | True  True 00 ( 1046,  324)   5   967  1364
[248] [    14446904] 1 | True  True 00 ( 1060,  304)   5   986  1100
[249] [    14456840] 1 | True  True 00 ( 1075,  286)   6  1007  1032
[250] [    14466779] 1 | True  True 00 ( 1094,  269)   5   948  1284
[251] [    14476695] 1 | True  True 00 ( 1116,  252)   6  1028  1480
[252] [    14486616] 1 | True  True 00 ( 1137,  237)   6  1009  1772
[253] [    14496551] 1 | True  True 00 ( 1158,  221)   6  1046  1676
[254] [    14506472] 1 | True  True 00 ( 1179,  206)   6  1076  1500
[255] [    14516403] 1 | True  True 00 ( 1200,  193)   6  1128  1576
[  0] [    14526319] 1 | True  True 00 ( 1222,  181)   7  1179  1740
[  1] [    14536240] 1 | True  True 00 ( 1246,  170)   7  1186  2000
[  2] [    14546176] 1 | True  True 00 ( 1271,  162)   5  1111  1928
[  3] [    14556096] 1 | True  True 00 ( 1293,  155)   4  1094  1764
[  4] [    14566027] 1 | True  True 00 ( 1314,  149)   4  1177  1528
[  5] [    14575944] 1 | True  True 00 ( 1333,  143)   5  1114  1248
[  6] [    14585884] 1 | True  True 00 ( 1355,  139)   6  1261  1716
[  7] [    14595796] 1 | True  True 00 ( 1380,  139)   5  1141  1896
[  8] [    14605720] 1 | True  True 00 ( 1406,  138)   5  1165  1872
[  9] [    14615651] 1 | True  True 00 ( 1429,  138)   4  1219  1844
[ 10] [    14625568] 1 | True  True 00 ( 1450,  140)   5  1212  1584
[ 11] [    14635489] 1 | True  True 00 ( 1473,  143)   6  1146  1636
[ 12] [    14645404] 1 | True  True 00 ( 1497,  145)   7  1234  1936
[ 13] [    14655342] 1 | True  True 00 ( 1523,  149)   7  1246  2240
[ 14] [    14665280] 1 | True  True 00 ( 1549,  157)   6  1214  2212
[ 15] [    14675192] 1 | True  True 00 ( 1571,  165)   6  1217  1988
[ 16] [    14685133] 1 | True  True 00 ( 1590,  176)   6  1130  1684
[ 17] [    14695064] 1 | True  True 00 ( 1608,  188)   7  1240  1496
[ 18] [    14705005] 1 | True  True 00 ( 1629,  202)   7  1158  1616
[ 19] [    14714925] 1 | True  True 00 ( 1655,  216)   6  1075  1592
[ 20] [    14724864] 1 | True  True 00 ( 1680,  229)   4  1024  1564
[ 21] [    14734800] 1 | True  True 00 ( 1701,  243)   4   986  1712
[ 22] [    14744719] 1 | True  True 00 ( 1719,  258)   6  1146  1688
[ 23] [    14754649] 1 | True  True 00 ( 1734,  274)   6  1125  1604
[ 24] [    14764566] 1 | True  True 00 ( 1749,  295)   6  1117  1352
[ 25] [    14774506] 1 | True  True 00 ( 1762,  317)   5  1052  1232
[ 26] [    14784419] 1 | True  True 00 ( 1776,  337)   5  1036  1276
[ 27] [    14794343] 1 | True  True 00 ( 1789,  356)   7  1125  1588
[ 28] [    14804294] 1 | True  True 00 ( 1801,  377)   7  1123  1672
[ 29] [    14814211] 1 | True  True 00 ( 1812,  400)   5  1000  1736
[ 30] [    14824149] 1 | True  True 00 ( 1824,  425)   6   985  1588
[ 31] [    14834065] 1 | True  True 00 ( 1835,  452)   6  1048  1552
[ 32] [    14844006] 1 | True  True 00 ( 1844,  476)   5  1032  1840
[ 33] [    14853918] 1 | True  True 00 ( 1850,  500)   7  1123  2060
[ 34] [    14863856] 1 | True  True 00 ( 1856,  526)   6  1068  1948
[ 35] [    14873792] 1 | True  True 00 ( 1859,  551)   6  1072  1796
[ 36] [    14883717] 1 | True  True 00 ( 1860,  575)   5  1010  1552
[ 37] [    14893626] 1 | True  True 00 ( 1860,  598)   4   945  1820
[ 38] [    14903546] 1 | True  True 00 ( 1859,  622)   6  1147  1996
[ 39] [    14913486] 1 | True  True 00 ( 1856,  647)   6  1101  1884
[ 40] [    14923401] 1 | True  True 00 ( 1853,  672)   6  1099  1752
[ 41] [    14933332] 1 | True  True 00 ( 1846,  696)   5  1056  1352
[ 42] [    14943256] 1 | True  True 00 ( 1837,  720)   6  1060  1404
[ 43] [    14953167] 1 | True  True 00 ( 1826,  743)   5   952  1424
[ 44] [    14963093] 1 | True  True 00 ( 1817,  766)   7  1097  1340
[ 45] [    14973023] 1 | True  True 00 ( 1805,  789)   7  1085  1400
[ 46] [    14982942] 1 | True  True 00 ( 1792,  813)   5  1040  1380
[ 47] [    14992875] 1 | True  True 00 ( 1780,  834)   4  1022  1420
[ 48] [    15002794] 1 | True  True 00 ( 1766,  853)   5  1056  1572
[ 49] [    15012731] 1 | True  True 00 ( 1754,  872)   6  1065  1880
[ 50] [    15022648] 1 | True  True 00 ( 1739,  891)   6  1044  1800
[ 51] [    15032586] 1 | True  True 00 ( 1717,  907)   6  1082  1432
[ 52] [    15042502] 1 | True  True 00 ( 1695,  924)   7  1143  1364
[ 53] [    15052442] 1 | True  True 00 ( 1673,  942)   5  1091  1708
[ 54] [    15062357] 1 | True  True 00 ( 1653,  959)   4  1036  1756
[ 55] [    15072293] 1 | True  True 00 ( 1636,  972)   6  1206  1756
[ 56] [    15082214] 1 | True  True 00 ( 1616,  983)   7  1227  1596
[ 57] [    15092153] 1 | True  True 00 ( 1593,  993)   7  1223  1500
[ 58] [    15102080] 1 | True  True 00 ( 1567, 1002)   4  1118  1308
[ 59] [    15112005] 1 | True  True 00 ( 1544, 1010)   4  1161  1540
[ 60] [    15121935] 1 | True  True 00 ( 1522, 1016)   5  1177  1896
[ 61] [    15131877] 1 | True  True 00 ( 1503, 1021)   4  1105  2072
[ 62] [    15141809] 1 | True  True 00 ( 1483, 1026)   6  1123  1868
[ 63] [    15151730] 1 | True  True 00 ( 1458, 1029)   5  1063  1592
[ 64] [    15161667] 1 | True  True 00 ( 1431, 1030)   4  1120  1360
[ 65] [    15171588] 1 | True  True 00 ( 1405, 1031)   4  1088  1664
[ 66] [    15181497] 1 | True  True 00 ( 1383, 1030)   4  1112  1828
[ 67] [    15191437] 1 | True  True 00 ( 1362, 1030)   5  1061  1804
[ 68] [    15201358] 1 | True  True 00 ( 1339, 1027)   6  1171  1548
[ 69] [    15211274] 1 | True  True 00 ( 1313, 1023)   5  1126  1264
[ 70] [    15221204] 1 | True  True 00 ( 1287, 1020)   4  1043  1080
[ 71] [    15231128] 1 | True  True 00 ( 1264, 1014)   5  1108  1432
[ 72] [    15241059] 1 | True  True 00 ( 1242, 1007)   5  1096  1784
[ 73] [    15250980] 1 | True  True 00 ( 1222,  997)   6  1099  1872
[ 74] [    15260915] 1 | True  True 00 ( 1198,  985)   5   976  1680
[ 75] [    15270835] 1 | True  True 00 ( 1176,  973)   6  1047  1516
[ 76] [    15280767] 1 | True  True 00 ( 1153,  958)   5   983  1256
[ 77] [    15290687] 1 | True  True 00 ( 1133,  942)   4   940  1236
[ 78] [    15300621] 1 | True  True 00 ( 1114,  928)   4   935  1356
[ 79] [    15310542] 1 | True  True 00 ( 1098,  912)   6  1042  1452
[ 80] [    15320478] 1 | True  True 00 ( 1084,  896)   5   916  1472
[ 81] [    15330393] 1 | True  True 00 ( 1070,  876)   6   946  1656
[ 82] [    15340330] 1 | True  True 00 ( 1056,  855)   6   962  1564
[ 83] [    15350247] 1 | True  True 00 ( 1042,  834)   5   919  1436
[ 84] [    15360187] 1 | True  True 00 ( 1027,  814)   5   953  1212
[ 85] [    15370103] 1 | True  True 00 ( 1014,  794)   6   954  1164
[ 86] [    15380039] 1 | True  True 00 ( 1002,  772)   7   969  1164
[ 87] [    15389958] 1 | True  True 00 (  990,  749)   7  1022  1260
[ 88] [    15399897] 1 | True  True 00 (  979,  723)   5   908  1220
[ 89] [    15409805] 1 | True  True 00 (  971,  699)   4   915  1080
[ 90] [    15419746] 1 | True  True 00 (  965,  675)   5   956  1096
[ 91] [    15429666] 1 | True  True 00 (  960,  651)   6   969  1312
[ 92] [    15439604] 1 | True  True 00 (  957,  625)   6   963  1372
[ 93] [    15449539] 1 | True  True 00 (  955,  598)   5   936  1332
[ 94] [    15459459] 1 | True  True 00 (  954,  573)   5   973  1132
[ 95] [    15469389] 1 | True  True 00 (  955,  550)   4   931  1044
[ 96] [    15479326] 1 | True  True 00 (  957,  529)   6   997  1132
[ 97] [    15489264] 1 | True  True 00 (  961,  506)   6   958  1284
[ 98] [    15499181] 1 | True  True 00 (  965,  481)   6   980  1384
[ 99] [    15509121] 1 | True  True 00 (  971,  457)   5   932  1484
[100] [    15519034] 1 | True  True 00 (  981,  436)   6   935  1244
[101] [    15528958] 1 | True  True 00 (  992,  415)   6   956  1464
[102] [    15538889] 1 | True  True 00 ( 1004,  394)   6   949  1604
[103] [    15548805] 1 | True  True 00 ( 1017,  371)   7  1032  1784
[104] [    15558745] 1 | True  True 00 ( 1030,  348)   5   935  1724
[105] [    15568678] 1 | True  True 00 ( 1043,  325)   4   859  1384
[106] [    15578599] 1 | True  True 00 ( 1056,  305)   5   915  1040
[107] [    15588533] 1 | True  True 00 ( 1070,  287)   5   903   952
[108] [    15598451] 1 | True  True 00 ( 1087,  270)   6   937  1128
[109] [    15608390] 1 | True  True 00 ( 1108,  254)   5   932  1500
[110] [    15618307] 1 | True  True 00 ( 1131,  238)   6  1049  1712
[111] [    15628226] 1 | True  True 00 ( 1154,  223)   6  1024  1676
[112] [    15638144] 1 | True  True 00 ( 1176,  208)   6  1030  1440
[113] [    15648076] 1 | True  True 00 ( 1196,  194)   5  1016  1460
[114] [    15657992] 1 | True  True 00 ( 1218,  180)   7  1192  1692
[115] [    15667913] 1 | True  True 00 ( 1243,  170)   6  1132  1952
[116] [    15677851] 1 | True  True 00 ( 1268,  162)   5  1080  1952
[117] [    15687766] 1 | True  True 00 ( 1290,  156)   4  1174  1904
[118] [    15697696] 1 | True  True 00 ( 1312,  150)   4  1113  1480
[119] [    15707601] 1 | True  True 00 ( 1334,  143)   6  1235  1404
[120] [    15717535] 1 | True  True 00 ( 1357,  140)   6  1174  1636
[121] [    15727455] 1 | True  True 00 ( 1383,  139)   6  1236  1976
[122] [    15737386] 1 | True  True 00 ( 1408,  137)   4  1178  2052
[123] [    15747302] 1 | True  True 00 ( 1430,  138)   4  1128  1716
[124] [    15757223] 1 | True  True 00 ( 1451,  140)   4  1090  1428
[125] [    15767138] 1 | True  True 00 ( 1472,  142)   6  1164  1484
[126] [    15777070] 1 | True  True 00 ( 1497,  146)   7  1272  1888
[127] [    15786975] 1 | True  True 00 ( 1526,  151)   6  1243  2188
[128] [    15796909] 1 | True  True 00 ( 1551,  157)   6  1207  2240
[129] [    15806829] 1 | True  True 00 ( 1573,  166)   6  1196  2012
[130] [    15816760] 1 | True  True 00 ( 1592,  175)   6  1196  1636
[131] [    15826676] 1 | True  True 00 ( 1613,  187)   7  1215  1496
[132] [    15836597] 1 | True  True 00 ( 1636,  199)   7  1204  1740
[133] [    15846512] 1 | True  True 00 ( 1658,  214)   6  1094  1568
[134] [    15856444] 1 | True  True 00 ( 1680,  229)   5  1065  1624
[135] [    15866369] 1 | True  True 00 ( 1700,  243)   5  1053  1752
[136] [    15876280] 1 | True  True 00 ( 1718,  258)   6  1173  1796
[137] [    15886197] 1 | True  True 00 ( 1734,  276)   7  1200  1604
[138] [    15896121] 1 | True  True 00 ( 1748,  296)   6  1057  1268
[139] [    15906048] 1 | True  True 00 ( 1761,  317)   5  1051  1372
[140] [    15915968] 1 | True  True 00 ( 1774,  337)   5  1100  1296
[141] [    15925884] 1 | True  True 00 ( 1787,  355)   6  1104  1568
[142] [    15935801] 1 | True  True 00 ( 1799,  375)   7  1152  1800
[143] [    15945722] 1 | True  True 00 ( 1811,  398)   6  1048  1736
[144] [    15955637] 1 | True  True 00 ( 1823,  422)   7  1118  1672
[145] [    15965567] 1 | True  True 00 ( 1832,  449)   6  1083  1504
[146] [    15975472] 1 | True  True 00 ( 1842,  473)   6  1055  1840
[147] [    15985407] 1 | True  True 00 ( 1848,  498)   6  1052  1972
[148] [    15995326] 1 | True  True 00 ( 1851,  523)   7  1148  1972
[149] [    16005236] 1 | True  True 00 ( 1853,  548)   5   983  1816
[150] [    16015156] 1 | True  True 00 ( 1857,  574)   5  1088  1532
[151] [    16025076] 1 | True  True 00 ( 1859,  599)   5  1038  1864
[152] [    16034985] 1 | True  True 00 ( 1857,  622)   6  1027  2040
[153] [    16044905] 1 | True  True 00 ( 1853,  646)   6   998  1952
[154] [    16054845] 1 | True  True 00 ( 1849,  671)   7  1141  1708
[155] [    16064761] 1 | True  True 00 ( 1843,  696)   6   994  1376
[156] [    16074691] 1 | True  True 00 ( 1834,  720)   7  1106  1320
[157] [    16084596] 1 | True  True 00 ( 1824,  742)   6  1061  1488
[158] [    16094512] 1 | True  True 00 ( 1813,  765)   4   901  1336
[159] [    16104441] 1 | True  True 00 ( 1801,  790)   6  1002  1380
[160] [    16114365] 1 | True  True 00 ( 1789,  815)   5  1016  1420
[161] [    16124296] 1 | True  True 00 ( 1777,  836)   4   992  1444
[162] [    16134218] 1 | True  True 00 ( 1765,  854)   5  1066  1596
[163] [    16144133] 1 | True  True 00 ( 1752,  871)   6  1089  1780
[164] [    16154045] 1 | True  True 00 ( 1735,  888)   6  1120  1840
[165] [    16163966] 1 | True  True 00 ( 1715,  905)   6  1079  1452
[166] [    16173903] 1 | True  True 00 ( 1693,  922)   6  1115  1384
[167] [    16183823] 1 | True  True 00 ( 1672,  939)   6  1134  1548
[168] [    16193741] 1 | True  True 00 ( 1652,  956)   5  1072  1640
[169] [    16203674] 1 | True  True 00 ( 1635,  970)   5  1137  1780
[170] [    16213593] 1 | True  True 00 ( 1618,  983)   7  1199  1572
[171] [    16223510] 1 | True  True 00 ( 1594,  993)   6  1220  1500
[172] [    16233438] 1 | True  True 00 ( 1569, 1002)   4  1129  1284
[173] [    16243385] 1 | True  True 00 ( 1544, 1011)   4  1110  1568
[174] [    16253299] 1 | True  True 00 ( 1522, 1017)   4  1185  1896
[175] [    16263235] 1 | True  True 00 ( 1503, 1020)   4  1153  2072
[176] [    16273155] 1 | True  True 00 ( 1482, 1023)   7  1255  1920
[177] [    16283073] 1 | True  True 00 ( 1457, 1027)   5  1063  1640
[178] [    16293003] 1 | True  True 00 ( 1430, 1030)   4  1039  1340
[179] [    16302940] 1 | True  True 00 ( 1406, 1031)   4  1113  1664
[180] [    16312856] 1 | True  True 00 ( 1383, 1031)   4  1129  1876
[181] [    16322777] 1 | True  True 00 ( 1363, 1030)   6  1130  1828
[182] [    16332697] 1 | True  True 00 ( 1340, 1027)   6  1167  1548
[183] [    16342606] 1 | True  True 00 ( 1315, 1023)   5  1117  1264
[184] [    16352526] 1 | True  True 00 ( 1288, 1019)   4  1030  1100
[185] [    16362446] 1 | True  True 00 ( 1264, 1014)   5  1072  1392
[186] [    16372377] 1 | True  True 00 ( 1242, 1008)   5  1029  1680
[187] [    16382294] 1 | True  True 00 ( 1220,  999)   7  1122  1768
[188] [    16392215] 1 | True  True 00 ( 1200,  988)   5  1008  1744
[189] [    16402130] 1 | True  True 00 ( 1178,  974)   6  1004  1432
[190] [    16412061] 1 | True  True 00 ( 1154,  958)   5   973  1316
[191] [    16421986] 1 | True  True 00 ( 1133,  943)   5  1033  1376
[192] [    16431897] 1 | True  True 00 ( 1114,  929)   4   933  1316
[193] [    16441834] 1 | True  True 00 ( 1097,  915)   4   931  1380
[194] [    16451751] 1 | True  True 00 ( 1082,  900)   6   942  1472
[195] [    16461668] 1 | True  True 00 ( 1068,  879)   5   907  1672
[196] [    16471588] 1 | True  True 00 ( 1054,  859)   5   894  1528
[197] [    16481524] 1 | True  True 00 ( 1041,  837)   6   913  1324
[198] [    16491441] 1 | True  True 00 ( 1027,  815)   6   993  1084
[199] [    16501359] 1 | True  True 00 ( 1013,  795)   6   940  1144
[200] [    16511291] 1 | True  True 00 (  998,  774)   6   948  1144
[201] [    16521211] 1 | True  True 00 (  988,  752)   6   951  1200
[202] [    16531146] 1 | True  True 00 (  979,  727)   5   911  1220
[203] [    16541052] 1 | True  True 00 (  970,  702)   4   886  1080
[204] [    16550984] 1 | True  True 00 (  964,  678)   4   891  1036
[205] [    16560896] 1 | True  True 00 (  960,  655)   6   959  1292
[206] [    16570833] 1 | True  True 00 (  958,  630)   6   963  1392
[207] [    16580750] 1 | True  True 00 (  956,  602)   5   915  1292
[208] [    16590666] 1 | True  True 00 (  955,  576)   4   913  1112
[209] [    16600586] 1 | True  True 00 (  956,  552)   4   916  1084
[210] [    16610522] 1 | True  True 00 (  958,  530)   4   878  1164
[211] [    16620441] 1 | True  True 00 (  961,  508)   7  1078  1276
[212] [    16630359] 1 | True  True 00 (  965,  483)   6   976  1444
[213] [    16640289] 1 | True  True 00 (  971,  458)   5   931  1404
[214] [    16650211] 1 | True  True 00 (  981,  435)   6  1011  1404
[215] [    16660126] 1 | True  True 00 (  991,  414)   7   992  1424
[216] [    16670038] 1 | True  True 00 ( 1006,  392)   5   888  1584
[217] [    16679979] 1 | True  True 00 ( 1019,  371)   7   993  1744
[218] [    16689899] 1 | True  True 00 ( 1032,  348)   6  1005  1744
[219] [    16699817] 1 | True  True 00 ( 1044,  325)   4   894  1444
[220] [    16709726] 1 | True  True 00 ( 1058,  305)   5   989  1100
[221] [    16719667] 1 | True  True 00 ( 1072,  287)   5   975   980
[222] [    16729583] 1 | True  True 00 ( 1089,  268)   6  1004  1188
[223] [    16739499] 1 | True  True 00 ( 1111,  251)   6  1003  1536
[224] [    16749418] 1 | True  True 00 ( 1134,  236)   6  1033  1772
[225] [    16759333] 1 | True  True 00 ( 1156,  221)   6  1040  1636
[226] [    16769270] 1 | True  True 00 ( 1177,  207)   6  1029  1500
[227] [    16779190] 1 | True  True 00 ( 1197,  194)   6  1090  1436
[228] [    16789110] 1 | True  True 00 ( 1219,  183)   6  1117  1716
[229] [    16799042] 1 | True  True 00 ( 1244,  171)   7  1239  2000
[230] [    16808961] 1 | True  True 00 ( 1268,  163)   5  1128  2024
[231] [    16818875] 1 | True  True 00 ( 1290,  156)   4  1155  1880
[232] [    16828792] 1 | True  True 00 ( 1312,  151)   4  1102  1460
[233] [    16838724] 1 | True  True 00 ( 1331,  148)   4  1084  1404
[234] [    16848642] 1 | True  True 00 ( 1352,  145)   5  1134  1740
[235] [    16858559] 1 | True  True 00 ( 1379,  142)   5  1181  1896
[236] [    16868476] 1 | True  True 00 ( 1406,  141)   4  1177  1976
[237] [    16878396] 1 | True  True 00 ( 1429,  142)   4  1102  1716
[238] [    16888334] 1 | True  True 00 ( 1450,  143)   4  1145  1560
[239] [    16898249] 1 | True  True 00 ( 1473,  143)   6  1288  1660
[240] [    16908187] 1 | True  True 00 ( 1499,  145)   7  1272  1888
[241] [    16918104] 1 | True  True 00 ( 1524,  150)   6  1212  2212
[242] [    16928035] 1 | True  True 00 ( 1548,  157)   6  1194  2240
[243] [    16937957] 1 | True  True 00 ( 1570,  165)   6  1223  2012
[244] [    16947873] 1 | True  True 00 ( 1590,  175)   7  1274  1712
[245] [    16957804] 1 | True  True 00 ( 1609,  186)   6  1144  1472
[246] [    16967729] 1 | True  True 00 ( 1629,  200)   6  1093  1520
[247] [    16977640] 1 | True  True 00 ( 1652,  215)   6  1108  1544
[248] [    16987577] 1 | True  True 00 ( 1676,  229)   5  1049  1584
[249] [    16997495] 1 | True  True 00 ( 1699,  243)   6  1188  1836
[250] [    17007410] 1 | True  True 00 ( 1717,  257)   6  1098  1772
[251] [    17017351] 1 | True  True 00 ( 1733,  274)   6  1085  1500
[252] [    17027263] 1 | True  True 00 ( 1748,  295)   7  1171  1352
[253] [    17037187] 1 | True  True 00 ( 1761,  316)   4   980  1348
[254] [    17047104] 1 | True  True 00 ( 1774,  338)   6  1080  1276
[255] [    17057035] 1 | True  True 00 ( 1786,  357)   6  1079  1484
[  0] [    17066955] 1 | True  True 00 ( 1799,  377)   7  1076  1632
[  1] [    17076871] 1 | True  True 00 ( 1810,  398)   6  1053  1692
[  2] [    17086802] 1 | True  True 00 ( 1821,  422)   6  1054  1672
[  3] [    17096706] 1 | True  True 00 ( 1833,  448)   5  1014  1552
[  4] [    17106640] 1 | True  True 00 ( 1842,  472)   6  1072  1884
[  5] [    17116558] 1 | True  True 00 ( 1850,  495)   5   966  1860
[  6] [    17126477] 1 | True  True 00 ( 1855,  521)   5  1052  2016
[  7] [    17136409] 1 | True  True 00 ( 1859,  548)   6  1111  1796
[  8] [    17146330] 1 | True  True 00 ( 1860,  574)   5  1015  1532
[  9] [    17156245] 1 | True  True 00 ( 1860,  598)   4   944  1864
[ 10] [    17166163] 1 | True  True 00 ( 1860,  621)   5   980  1932
[ 11] [    17176079] 1 | True  True 00 ( 1858,  645)   5  1045  1908
[ 12] [    17186014] 1 | True  True 00 ( 1852,  670)   6  1063  1664
[ 13] [    17195935] 1 | True  True 00 ( 1846,  696)   7  1079  1376
[ 14] [    17205844] 1 | True  True 00 ( 1839,  720)   5   931  1300
[ 15] [    17215764] 1 | True  True 00 ( 1831,  740)   6  1001  1384
[ 16] [    17225704] 1 | True  True 00 ( 1818,  762)   6  1061  1360
[ 17] [    17235620] 1 | True  True 00 ( 1805,  785)   6   982  1276
[ 18] [    17245549] 1 | True  True 00 ( 1791,  811)   5  1002  1336
[ 19] [    17255475] 1 | True  True 00 ( 1779,  834)   4   987  1256
[ 20] [    17265406] 1 | True  True 00 ( 1768,  855)   5  1043  1596
[ 21] [    17275327] 1 | True  True 00 ( 1756,  872)   6  1103  1820
[ 22] [    17285261] 1 | True  True 00 ( 1740,  888)   7  1107  1696
[ 23] [    17295198] 1 | True  True 00 ( 1720,  904)   6  1044  1432
[ 24] [    17305115] 1 | True  True 00 ( 1700,  923)   6  1071  1328
[ 25] [    17315051] 1 | True  True 00 ( 1678,  941)   5  1079  1684
[ 26] [    17324968] 1 | True  True 00 ( 1656,  958)   6  1106  1684
[ 27] [    17334888] 1 | True  True 00 ( 1637,  972)   7  1204  1664
[ 28] [    17344827] 1 | True  True 00 ( 1617,  983)   7  1269  1684
[ 29] [    17354763] 1 | True  True 00 ( 1595,  994)   6  1143  1452
[ 30] [    17364683] 1 | True  True 00 ( 1569, 1003)   4  1070  1308
[ 31] [    17374613] 1 | True  True 00 ( 1545, 1011)   4  1090  1516
[ 32] [    17384530] 1 | True  True 00 ( 1522, 1018)   4  1084  1820
[ 33] [    17394450] 1 | True  True 00 ( 1503, 1022)   6  1224  1996
[ 34] [    17404384] 1 | True  True 00 ( 1485, 1025)   5  1113  1896
[ 35] [    17414321] 1 | True  True 00 ( 1459, 1026)   5  1115  1616
[ 36] [    17424244] 1 | True  True 00 ( 1432, 1027)   4  1084  1288
[ 37] [    17434158] 1 | True  True 00 ( 1407, 1029)   4  1038  1596
[ 38] [    17444079] 1 | True  True 00 ( 1384, 1030)   4  1049  1784
[ 39] [    17454007] 1 | True  True 00 ( 1365, 1029)   5  1101  1804
[ 40] [    17463927] 1 | True  True 00 ( 1343, 1028)   8  1161  1548
[ 41] [    17473865] 1 | True  True 00 ( 1315, 1025)   5  1027  1220
[ 42] [    17483783] 1 | True  True 00 ( 1288, 1021)   4  1065  1200
[ 43] [    17493699] 1 | True  True 00 ( 1263, 1016)   5  1036  1372
[ 44] [    17503633] 1 | True  True 00 ( 1241, 1008)   5  1063  1680
[ 45] [    17513556] 1 | True  True 00 ( 1221,  999)   6  1081  1828
[ 46] [    17523465] 1 | True  True 00 ( 1202,  989)   5   960  1620
[ 47] [    17533405] 1 | True  True 00 ( 1180,  974)   6  1055  1476
[ 48] [    17543326] 1 | True  True 00 ( 1158,  959)   6  1043  1296
[ 49] [    17553262] 1 | True  True 00 ( 1135,  943)   4   924  1336
[ 50] [    17563180] 1 | True  True 00 ( 1115,  929)   4   931  1296
[ 51] [    17573118] 1 | True  True 00 ( 1099,  914)   5   987  1324
[ 52] [    17583045] 1 | True  True 00 ( 1085,  898)   5   962  1692
[ 53] [    17592969] 1 | True  True 00 ( 1070,  880)   5   884  1672
[ 54] [    17602899] 1 | True  True 00 ( 1052,  859)   6   938  1600
[ 55] [    17612840] 1 | True  True 00 ( 1040,  836)   6   992  1396
[ 56] [    17622759] 1 | True  True 00 ( 1027,  815)   5   895  1140
[ 57] [    17632698] 1 | True  True 00 ( 1012,  794)   5   941  1184
[ 58] [    17642633] 1 | True  True 00 (  999,  773)   5   848  1184
[ 59] [    17652554] 1 | True  True 00 (  988,  748)   6   949  1264
[ 60] [    17662504] 1 | True  True 00 (  978,  723)   5   912  1260
[ 61] [    17672428] 1 | True  True 00 (  970,  698)   4   895  1100
[ 62] [    17682359] 1 | True  True 00 (  963,  676)   4   852   976
[ 63] [    17692276] 1 | True  True 00 (  959,  653)   5   897  1172
[ 64] [    17702217] 1 | True  True 00 (  957,  628)   6   973  1372
[ 65] [    17712131] 1 | True  True 00 (  956,  602)   6   943  1272
[ 66] [    17722069] 1 | True  True 00 (  955,  576)   4   889  1096
[ 67] [    17732003] 1 | True  True 00 (  956,  552)   4   891  1004
[ 68] [    17741921] 1 | True  True 00 (  958,  530)   6   967  1112
[ 69] [    17751859] 1 | True  True 00 (  962,  506)   6   969  1324
[ 70] [    17761794] 1 | True  True 00 (  965,  481)   5   921  1344
[ 71] [    17771718] 1 | True  True 00 (  973,  458)   5   940  1504
[ 72] [    17781648] 1 | True  True 00 (  981,  437)   6   991  1384
[ 73] [    17791570] 1 | True  True 00 (  992,  415)   6   966  1444
[ 74] [    17801484] 1 | True  True 00 ( 1004,  394)   6   905  1524
[ 75] [    17811423] 1 | True  True 00 ( 1017,  373)   6   972  1804
[ 76] [    17821339] 1 | True  True 00 ( 1030,  350)   5   940  1704
[ 77] [    17831278] 1 | True  True 00 ( 1043,  327)   4   874  1384
[ 78] [    17841214] 1 | True  True 00 ( 1057,  306)   4   900  1000
[ 79] [    17851134] 1 | True  True 00 ( 1074,  286)   6  1016   952
[ 80] [    17861071] 1 | True  True 00 ( 1092,  269)   6   988  1264
[ 81] [    17870985] 1 | True  True 00 ( 1113,  252)   6   993  1556
[ 82] [    17880916] 1 | True  True 00 ( 1133,  237)   6   969  1712
[ 83] [    17890841] 1 | True  True 00 ( 1155,  221)   6  1014  1636
[ 84] [    17900772] 1 | True  True 00 ( 1175,  206)   6  1011  1480
[ 85] [    17910694] 1 | True  True 00 ( 1194,  193)   5  1055  1460
[ 86] [    17920608] 1 | True  True 00 ( 1217,  181)   6  1151  1740
[ 87] [    17930546] 1 | True  True 00 ( 1241,  173)   7  1139  1928
[ 88] [    17940461] 1 | True  True 00 ( 1267,  165)   4  1074  2000
[ 89] [    17950401] 1 | True  True 00 ( 1291,  158)   4  1122  1812
[ 90] [    17960316] 1 | True  True 00 ( 1312,  153)   4  1123  1600
[ 91] [    17970253] 1 | True  True 00 ( 1332,  148)   4  1088  1404
[ 92] [    17980173] 1 | True  True 00 ( 1353,  145)   6  1203  1664
[ 93] [    17990090] 1 | True  True 00 ( 1380,  142)   5  1150  1924
[ 94] [    18000021] 1 | True  True 00 ( 1407,  140)   4  1137  1896
[ 95] [    18009940] 1 | True  True 00 ( 1430,  140)   4  1154  1844
[ 96] [    18019854] 1 | True  True 00 ( 1449,  140)   4  1094  1456
[ 97] [    18029789] 1 | True  True 00 ( 1471,  141)   5  1180  1660
[ 98] [    18039694] 1 | True  True 00 ( 1496,  146)   7  1188  1860
[ 99] [    18049610] 1 | True  True 00 ( 1524,  151)   5  1053  2140
[100] [    18059540] 1 | True  True 00 ( 1549,  158)   6  1199  2188
[101] [    18069464] 1 | True  True 00 ( 1571,  165)   6  1254  2036
[102] [    18079375] 1 | True  True 00 ( 1592,  176)   6  1114  1608
[103] [    18089292] 1 | True  True 00 ( 1611,  188)   7  1147  1448
[104] [    18099230] 1 | True  True 00 ( 1631,  200)   7  1134  1544
[105] [    18109149] 1 | True  True 00 ( 1655,  214)   6  1197  1716
[106] [    18119065] 1 | True  True 00 ( 1679,  228)   5  1113  1648
[107] [    18129001] 1 | True  True 00 ( 1699,  241)   4  1049  1836
[108] [    18138921] 1 | True  True 00 ( 1717,  256)   6  1122  1796
[109] [    18148838] 1 | True  True 00 ( 1732,  274)   6  1117  1564
[110] [    18158768] 1 | True  True 00 ( 1748,  295)   6  1151  1392
[111] [    18168690] 1 | True  True 00 ( 1761,  317)   4  1034  1392
[112] [    18178605] 1 | True  True 00 ( 1773,  338)   5  1028  1296
[113] [    18188543] 1 | True  True 00 ( 1787,  358)   6  1097  1608
[114] [    18198459] 1 | True  True 00 ( 1800,  377)   6  1035  1672
[115] [    18208391] 1 | True  True 00 ( 1813,  398)   6  1090  1736
[116] [    18218312] 1 | True  True 00 ( 1826,  421)   7  1084  1672
[117] [    18228229] 1 | True  True 00 ( 1836,  446)   5  1021  1504
[118] [    18238146] 1 | True  True 00 ( 1843,  471)   7  1153  1904
[119] [    18248061] 1 | True  True 00 ( 1849,  495)   6  1124  2016
[120] [    18257998] 1 | True  True 00 ( 1854,  522)   6  1090  1928
[121] [    18267914] 1 | True  True 00 ( 1856,  548)   6  1043  1748
[122] [    18277831] 1 | True  True 00 ( 1858,  573)   4   959  1508
[123] [    18287770] 1 | True  True 00 ( 1858,  597)   5   999  1840
[124] [    18297686] 1 | True  True 00 ( 1857,  621)   6  1120  2040
[125] [    18307621] 1 | True  True 00 ( 1853,  645)   5   996  1820
[126] [    18317546] 1 | True  True 00 ( 1849,  669)   6  1088  1776
[127] [    18327456] 1 | True  True 00 ( 1843,  693)   5  1004  1640
[128] [    18337394] 1 | True  True 00 ( 1835,  717)   6  1024  1320
[129] [    18347314] 1 | True  True 00 ( 1824,  740)   6  1044  1488
[130] [    18357231] 1 | True  True 00 ( 1814,  766)   6  1066  1300
[131] [    18367167] 1 | True  True 00 ( 1803,  787)   7  1091  1400
[132] [    18377083] 1 | True  True 00 ( 1790,  810)   4   969  1464
[133] [    18387014] 1 | True  True 00 ( 1778,  832)   5  1025  1336
[134] [    18396935] 1 | True  True 00 ( 1765,  853)   5  1003  1472
[135] [    18406871] 1 | True  True 00 ( 1754,  871)   5   961  1760
[136] [    18416788] 1 | True  True 00 ( 1740,  889)   6   986  1636
[137] [    18426726] 1 | True  True 00 ( 1719,  906)   6  1094  1472
[138] [    18436645] 1 | True  True 00 ( 1699,  924)   6  1073  1316
[139] [    18446581] 1 | True  True 00 ( 1678,  941)   5  1071  1572
[140] [    18456493] 1 | True  True 00 ( 1658,  958)   4  1069  1708
[141] [    18466417] 1 | True  True 00 ( 1639,  973)   5  1077  1664
[142] [    18476348] 1 | True  True 00 ( 1622,  985)   6  1149  1664
[143] [    18486265] 1 | True  True 00 ( 1598,  995)   7  1251  1500
[144] [    18496205] 1 | True  True 00 ( 1573, 1003)   4  1074  1284
[145] [    18506125] 1 | True  True 00 ( 1547, 1010)   5  1196  1516
[146] [    18516043] 1 | True  True 00 ( 1524, 1016)   4  1125  1844
[147] [    18525973] 1 | True  True 00 ( 1504, 1022)   4  1045  1996
[148] [    18535909] 1 | True  True 00 ( 1484, 1025)   6  1152  1868
[149] [    18545847] 1 | True  True 00 ( 1459, 1029)   5  1075  1640
[150] [    18555764] 1 | True  True 00 ( 1432, 1029)   4  1124  1312
[151] [    18565684] 1 | True  True 00 ( 1406, 1029)   4  1106  1640
[152] [    18575619] 1 | True  True 00 ( 1384, 1030)   4  1066  1784
[153] [    18585535] 1 | True  True 00 ( 1363, 1028)   6  1167  1852
[154] [    18595474] 1 | True  True 00 ( 1342, 1026)   6  1141  1548
[155] [    18605392] 1 | True  True 00 ( 1317, 1025)   6  1088  1244
[156] [    18615311] 1 | True  True 00 ( 1290, 1021)   4  1012  1100
[157] [    18625243] 1 | True  True 00 ( 1265, 1016)   4  1011  1372
[158] [    18635165] 1 | True  True 00 ( 1242, 1010)   5  1017  1576
[159] [    18645084] 1 | True  True 00 ( 1221,  999)   6  1107  1848
[160] [    18655014] 1 | True  True 00 ( 1201,  987)   5   956  1620
[161] [    18664935] 1 | True  True 00 ( 1180,  975)   5   993  1516
[162] [    18674850] 1 | True  True 00 ( 1156,  958)   5   976  1200
[163] [    18684780] 1 | True  True 00 ( 1135,  942)   6  1038  1276
[164] [    18694684] 1 | True  True 00 ( 1115,  928)   4   950  1296
[165] [    18704619] 1 | True  True 00 ( 1098,  912)   5   999  1396
[166] [    18714539] 1 | True  True 00 ( 1083,  897)   6  1026  1620
[167] [    18724470] 1 | True  True 00 ( 1070,  880)   7   992  1712
[168] [    18734387] 1 | True  True 00 ( 1057,  861)   5   937  1564
[169] [    18744326] 1 | True  True 00 ( 1040,  840)   6   937  1380
[170] [    18754258] 1 | True  True 00 ( 1025,  819)   5   900  1176
[171] [    18764179] 1 | True  True 00 ( 1008,  798)   4   824  1048
[172] [    18774115] 1 | True  True 00 (  993,  776)   5   848  1100
[173] [    18784039] 1 | True  True 00 (  983,  750)   7   966  1180
[174] [    18793969] 1 | True  True 00 (  977,  724)   6   957  1180
[175] [    18803886] 1 | True  True 00 (  970,  700)   4   892  1068
[176] [    18813806] 1 | True  True 00 (  965,  677)   4   886   976
[177] [    18823742] 1 | True  True 00 (  961,  655)   5   917  1252
[178] [    18833660] 1 | True  True 00 (  957,  629)   6   980  1432
[179] [    18843578] 1 | True  True 00 (  956,  604)   5  1030  1412
[180] [    18853508] 1 | True  True 00 (  955,  579)   4   873  1132
[181] [    18863430] 1 | True  True 00 (  955,  555)   5   982  1004
[182] [    18873345] 1 | True  True 00 (  957,  532)   5   917  1124
[183] [    18883282] 1 | True  True 00 (  961,  508)   6   959  1244
[184] [    18893198] 1 | True  True 00 (  965,  483)   5   965  1424
[185] [    18903138] 1 | True  True 00 (  972,  459)   5   930  1444
[186] [    18913056] 1 | True  True 00 (  981,  438)   6   971  1424
[187] [    18922990] 1 | True  True 00 (  993,  416)   5   926  1424
[188] [    18932907] 1 | True  True 00 ( 1004,  394)   6   984  1624
[189] [    18942847] 1 | True  True 00 ( 1016,  371)   6   957  1804
[190] [    18952762] 1 | True  True 00 ( 1029,  348)   5   921  1644
[191] [    18962695] 1 | True  True 00 ( 1041,  327)   4   908  1564
[192] [    18972615] 1 | True  True 00 ( 1056,  307)   5   974  1120
[193] [    18982553] 1 | True  True 00 ( 1073,  287)   6  1013   980
[194] [    18992468] 1 | True  True 00 ( 1092,  269)   7  1069  1244
[195] [    19002405] 1 | True  True 00 ( 1115,  253)   6  1012  1500
[196] [    19012321] 1 | True  True 00 ( 1136,  236)   6  1004  1692
[197] [    19022241] 1 | True  True 00 ( 1157,  221)   6  1052  1772
[198] [    19032179] 1 | True  True 00 ( 1176,  204)   6  1044  1520
[199] [    19042094] 1 | True  True 00 ( 1195,  192)   6  1085  1388
[200] [    19052025] 1 | True  True 00 ( 1214,  182)   6  1070  1692
[201] [    19061949] 1 | True  True 00 ( 1238,  173)   7  1130  1952
[202] [    19071880] 1 | True  True 00 ( 1264,  165)   5  1107  2048
[203] [    19081800] 1 | True  True 00 ( 1287,  158)   4  1062  1812
[204] [    19091737] 1 | True  True 00 ( 1309,  153)   4  1105  1480
[205] [    19101652] 1 | True  True 00 ( 1329,  149)   5  1167  1376
[206] [    19111590] 1 | True  True 00 ( 1351,  145)   5  1100  1636
[207] [    19121506] 1 | True  True 00 ( 1377,  142)   5  1156  1948
[208] [    19131446] 1 | True  True 00 ( 1404,  139)   4  1171  1924
[209] [    19141365] 1 | True  True 00 ( 1426,  138)   5  1195  1820
[210] [    19151304] 1 | True  True 00 ( 1449,  140)   4  1078  1356
[211] [    19161219] 1 | True  True 00 ( 1469,  142)   4  1089  1560
[212] [    19171156] 1 | True  True 00 ( 1495,  145)   7  1208  1836
[213] [    19181095] 1 | True  True 00 ( 1523,  149)   6  1169  2240
[214] [    19191003] 1 | True  True 00 ( 1548,  155)   5  1124  2140
[215] [    19200943] 1 | True  True 00 ( 1571,  164)   6  1182  1988
[216] [    19210882] 1 | True  True 00 ( 1591,  175)   6  1197  1684
[217] [    19220801] 1 | True  True 00 ( 1610,  187)   6  1106  1420
[218] [    19230735] 1 | True  True 00 ( 1630,  199)   6  1110  1644
[219] [    19240651] 1 | True  True 00 ( 1656,  213)   6  1111  1668
[220] [    19250592] 1 | True  True 00 ( 1681,  228)   5  1128  1712
[221] [    19260527] 1 | True  True 00 ( 1702,  242)   5  1118  1752
[222] [    19270444] 1 | True  True 00 ( 1719,  257)   6  1162  1836
[223] [    19280362] 1 | True  True 00 ( 1733,  274)   6  1110  1604
[224] [    19290300] 1 | True  True 00 ( 1748,  295)   6  1100  1352
[225] [    19300235] 1 | True  True 00 ( 1763,  317)   5  1017  1232
[226] [    19310154] 1 | True  True 00 ( 1774,  337)   5  1044  1276
[227] [    19320091] 1 | True  True 00 ( 1785,  356)   5   976  1484
[228] [    19330021] 1 | True  True 00 ( 1797,  376)   7  1098  1652
[229] [    19339945] 1 | True  True 00 ( 1809,  398)   5  1007  1716
[230] [    19349875] 1 | True  True 00 ( 1820,  423)   6  1048  1652
[231] [    19359815] 1 | True  True 00 ( 1832,  449)   5   984  1484
[232] [    19369735] 1 | True  True 00 ( 1841,  473)   5  1015  1860
[233] [    19379674] 1 | True  True 00 ( 1846,  497)   6  1103  2016
[234] [    19389610] 1 | True  True 00 ( 1852,  523)   7  1132  2016
[235] [    19399529] 1 | True  True 00 ( 1855,  549)   6  1103  1796
[236] [    19409460] 1 | True  True 00 ( 1857,  576)   5  1069  1552
[237] [    19419375] 1 | True  True 00 ( 1856,  599)   6  1141  1864
[238] [    19429316] 1 | True  True 00 ( 1854,  620)   6  1034  2040
[239] [    19439234] 1 | True  True 00 ( 1854,  642)   5  1009  1932
[240] [    19449173] 1 | True  True 00 ( 1852,  667)   6  1048  1664
[241] [    19459089] 1 | True  True 00 ( 1847,  693)   6  1102  1508
[242] [    19469019] 1 | True  True 00 ( 1835,  717)   5  1074  1468
[243] [    19478944] 1 | True  True 00 ( 1825,  739)   6  1057  1488
[244] [    19488874] 1 | True  True 00 ( 1812,  763)   6  1025  1296
[245] [    19498794] 1 | True  True 00 ( 1801,  786)   6  1032  1360
[246] [    19508731] 1 | True  True 00 ( 1789,  810)   6  1019  1296
[247] [    19518653] 1 | True  True 00 ( 1777,  831)   6  1060  1400
[248] [    19528583] 1 | True  True 00 ( 1765,  851)   4  1031  1552
[249] [    19538522] 1 | True  True 00 ( 1752,  870)   7  1133  1820
[250] [    19548441] 1 | True  True 00 ( 1736,  889)   6   999  1636
[251] [    19558358] 1 | True  True 00 ( 1717,  906)   6  1040  1388
[252] [    19568296] 1 | True  True 00 ( 1695,  923)   6  1065  1340
[253] [    19578210] 1 | True  True 00 ( 1674,  939)   6  1166  1640
[254] [    19588147] 1 | True  True 00 ( 1655,  956)   4  1060  1664
[255] [    19598084] 1 | True  True 00 ( 1639,  971)   5  1125  1684
[  0] [    19608000] 1 | True  True 00 ( 1621,  983)   7  1227  1616
[  1] [    19617939] 1 | True  True 00 ( 1598,  994)   7  1185  1476
[  2] [    19627857] 1 | True  True 00 ( 1571, 1003)   4  1081  1260
[  3] [    19637776] 1 | True  True 00 ( 1546, 1012)   4  1061  1464
[  4] [    19647706] 1 | True  True 00 ( 1522, 1018)   4  1072  1792
[  5] [    19657642] 1 | True  True 00 ( 1501, 1023)   5  1115  1996
[  6] [    19667565] 1 | True  True 00 ( 1482, 1025)   7  1234  1868
[  7] [    19677496] 1 | True  True 00 ( 1459, 1026)   6  1168  1592
[  8] [    19687436] 1 | True  True 00 ( 1433, 1027)   5  1142  1312
[  9] [    19697355] 1 | True  True 00 ( 1408, 1028)   4  1124  1616
[ 10] [    19707275] 1 | True  True 00 ( 1385, 1028)   4  1113  1852
[ 11] [    19717212] 1 | True  True 00 ( 1366, 1027)   5  1148  1804
[ 12] [    19727148] 1 | True  True 00 ( 1341, 1026)   6  1097  1572
[ 13] [    19737063] 1 | True  True 00 ( 1314, 1024)   4   970  1264
[ 14] [    19747002] 1 | True  True 00 ( 1289, 1020)   5  1092  1132
[ 15] [    19756935] 1 | True  True 00 ( 1265, 1015)   4  1049  1432
[ 16] [    19766854] 1 | True  True 00 ( 1243, 1007)   5  1074  1704
[ 17] [    19776794] 1 | True  True 00 ( 1224,  998)   6  1079  1768
[ 18] [    19786730] 1 | True  True 00 ( 1205,  987)   5  1002  1744
[ 19] [    19796649] 1 | True  True 00 ( 1183,  974)   6   989  1372
[ 20] [    19806586] 1 | True  True 00 ( 1158,  960)   5   961  1308
[ 21] [    19816514] 1 | True  True 00 ( 1135,  946)   5   963  1296
[ 22] [    19826440] 1 | True  True 00 ( 1116,  930)   5   998  1236
[ 23] [    19836372] 1 | True  True 00 ( 1099,  915)   4   887  1288
[ 24] [    19846312] 1 | True  True 00 ( 1082,  898)   6   957  1580
[ 25] [    19856229] 1 | True  True 00 ( 1065,  878)   5   853  1580
[ 26] [    19866165] 1 | True  True 00 ( 1050,  855)   6   917  1544
[ 27] [    19876086] 1 | True  True 00 ( 1033,  834)   7   935  1268
[ 28] [    19885999] 1 | True  True 00 ( 1018,  813)   5   940  1212
[ 29] [    19895933] 1 | True  True 00 ( 1006,  794)   5   924  1184
[ 30] [    19905853] 1 | True  True 00 (  994,  774)   6   929  1144
[ 31] [    19915792] 1 | True  True 00 (  986,  750)   8  1046  1280
[ 32] [    19925706] 1 | True  True 00 (  978,  725)   5   924  1204
[ 33] [    19935643] 1 | True  True 00 (  971,  702)   5   927  1100
[ 34] [    19945557] 1 | True  True 00 (  964,  679)   4   887   996
[ 35] [    19955497] 1 | True  True 00 (  961,  656)   5   942  1272
[ 36] [    19965436] 1 | True  True 00 (  958,  629)   6   955  1372
[ 37] [    19975347] 1 | True  True 00 (  956,  601)   4   886  1352
[ 38] [    19985270] 1 | True  True 00 (  955,  576)   4   887  1172
[ 39] [    19995209] 1 | True  True 00 (  955,  553)   4   901   984
[ 40] [    20005124] 1 | True  True 00 (  957,  531)   5   923  1204
[ 41] [    20015059] 1 | True  True 00 (  961,  507)   5   909  1344
[ 42] [    20024977] 1 | True  True 00 (  965,  482)   6  1005  1384
[ 43] [    20034915] 1 | True  True 00 (  972,  458)   5   930  1384
[ 44] [    20044850] 1 | True  True 00 (  980,  437)   6   937  1324
[ 45] [    20054769] 1 | True  True 00 (  992,  416)   6   955  1324
[ 46] [    20064705] 1 | True  True 00 ( 1005,  394)   6   964  1664
[ 47] [    20074635] 1 | True  True 00 ( 1018,  370)   6   958  1704
[ 48] [    20084560] 1 | True  True 00 ( 1029,  348)   5   907  1704
[ 49] [    20094490] 1 | True  True 00 ( 1043,  326)   4   933  1464
[ 50] [    20104430] 1 | True  True 00 ( 1056,  305)   5   929  1060
[ 51] [    20114350] 1 | True  True 00 ( 1071,  287)   5   965   952
[ 52] [    20124286] 1 | True  True 00 ( 1091,  270)   6  1025  1228
[ 53] [    20134227] 1 | True  True 00 ( 1111,  252)   5   925  1536
[ 54] [    20144144] 1 | True  True 00 ( 1134,  236)   6  1041  1656
[ 55] [    20154081] 1 | True  True 00 ( 1156,  222)   6  1007  1636
[ 56] [    20164016] 1 | True  True 00 ( 1176,  206)   6  1056  1500
[ 57] [    20173952] 1 | True  True 00 ( 1195,  193)   5  1033  1436
[ 58] [    20183869] 1 | True  True 00 ( 1218,  182)   7  1182  1672
[ 59] [    20193803] 1 | True  True 00 ( 1244,  172)   7  1152  1928
[ 60] [    20203741] 1 | True  True 00 ( 1268,  164)   4  1017  2000
[ 61] [    20213661] 1 | True  True 00 ( 1291,  157)   4  1121  1836
[ 62] [    20223596] 1 | True  True 00 ( 1312,  150)   4  1133  1460
[ 63] [    20233532] 1 | True  True 00 ( 1333,  146)   5  1111  1324
[ 64] [    20243454] 1 | True  True 00 ( 1355,  144)   6  1127  1636
[ 65] [    20253383] 1 | True  True 00 ( 1382,  143)   5  1207  2000
[ 66] [    20263306] 1 | True  True 00 ( 1407,  141)   5  1228  1976
[ 67] [    20273224] 1 | True  True 00 ( 1430,  139)   4  1162  1768
[ 68] [    20283163] 1 | True  True 00 ( 1452,  140)   4  1091  1356
[ 69] [    20293077] 1 | True  True 00 ( 1476,  143)   6  1157  1560
[ 70] [    20303007] 1 | True  True 00 ( 1500,  147)   7  1270  1960
[ 71] [    20312931] 1 | True  True 00 ( 1527,  152)   6  1161  2112
[ 72] [    20322862] 1 | True  True 00 ( 1552,  158)   7  1272  2140
[ 73] [    20332782] 1 | True  True 00 ( 1574,  167)   6  1231  1936
[ 74] [    20342718] 1 | True  True 00 ( 1593,  178)   6  1150  1560
[ 75] [    20352641] 1 | True  True 00 ( 1612,  190)   6  1122  1372
[ 76] [    20362572] 1 | True  True 00 ( 1632,  202)   7  1207  1544
[ 77] [    20372487] 1 | True  True 00 ( 1657,  215)   6  1186  1716
[ 78] [    20382426] 1 | True  True 00 ( 1680,  228)   5  1138  1688
[ 79] [    20392346] 1 | True  True 00 ( 1700,  242)   4  1101  1880
[ 80] [    20402285] 1 | True  True 00 ( 1718,  257)   6  1109  1772
[ 81] [    20412220] 1 | True  True 00 ( 1733,  274)   6  1089  1584
[ 82] [    20422138] 1 | True  True 00 ( 1747,  296)   5  1017  1328
[ 83] [    20432079] 1 | True  True 00 ( 1761,  317)   5  1090  1372
[ 84] [    20442010] 1 | True  True 00 ( 1773,  337)   5  1027  1276
[ 85] [    20451928] 1 | True  True 00 ( 1786,  356)   6  1099  1484
[ 86] [    20461865] 1 | True  True 00 ( 1800,  377)   7  1107  1692
[ 87] [    20471806] 1 | True  True 00 ( 1811,  399)   5  1001  1756
[ 88] [    20481715] 1 | True  True 00 ( 1822,  424)   6  1045  1672
[ 89] [    20491653] 1 | True  True 00 ( 1833,  448)   6  1016  1504
[ 90] [    20501576] 1 | True  True 00 ( 1844,  472)   4   980  1796
[ 91] [    20511505] 1 | True  True 00 ( 1852,  496)   7  1180  2172
[ 92] [    20521450] 1 | True  True 00 ( 1856,  522)   4   926  1840
[ 93] [    20531359] 1 | True  True 00 ( 1858,  549)   6  1061  1772
[ 94] [    20541299] 1 | True  True 00 ( 1858,  575)   6  1146  1504
[ 95] [    20551218] 1 | True  True 00 ( 1860,  599)   4   973  1776
[ 96] [    20561158] 1 | True  True 00 ( 1859,  623)   6  1013  1976
[ 97] [    20571093] 1 | True  True 00 ( 1854,  646)   6  1053  1976
[ 98] [    20581013] 1 | True  True 00 ( 1849,  672)   6  1016  1752
[ 99] [    20590944] 1 | True  True 00 ( 1840,  697)   5  1030  1488
[100] [    20600879] 1 | True  True 00 ( 1833,  720)   6  1030  1340
[101] [    20610803] 1 | True  True 00 ( 1825,  743)   7  1143  1508
[102] [    20620733] 1 | True  True 00 ( 1812,  768)   7  1032  1232
[103] [    20630673] 1 | True  True 00 ( 1800,  789)   6  1012  1420
[104] [    20640612] 1 | True  True 00 ( 1790,  812)   5  1026  1380
[105] [    20650551] 1 | True  True 00 ( 1777,  833)   4   904  1256
[106] [    20660482] 1 | True  True 00 ( 1767,  853)   4  1016  1572
[107] [    20670422] 1 | True  True 00 ( 1752,  871)   7  1021  1656
[108] [    20680342] 1 | True  True 00 ( 1734,  890)   6   993  1676
[109] [    20690281] 1 | True  True 00 ( 1717,  907)   5  1020  1552
[110] [    20700216] 1 | True  True 00 ( 1697,  924)   6  1056  1248
[111] [    20710154] 1 | True  True 00 ( 1675,  941)   6  1089  1548
[112] [    20720089] 1 | True  True 00 ( 1655,  958)   4   973  1592
[113] [    20730034] 1 | True  True 00 ( 1636,  974)   5  1038  1640
[114] [    20739966] 1 | True  True 00 ( 1618,  987)   6  1059  1500
[115] [    20749882] 1 | True  True 00 ( 1597,  997)   6  1157  1452
[116] [    20759820] 1 | True  True 00 ( 1571, 1005)   6  1173  1236
[117] [    20769755] 1 | True  True 00 ( 1547, 1012)   4  1090  1492
[118] [    20779691] 1 | True  True 00 ( 1524, 1018)   4  1130  1820
[119] [    20789626] 1 | True  True 00 ( 1503, 1023)   5  1107  1972
[120] [    20799550] 1 | True  True 00 ( 1483, 1027)   5  1055  1868
[121] [    20809487] 1 | True  True 00 ( 1460, 1029)   6  1138  1616
[122] [    20819421] 1 | True  True 00 ( 1433, 1030)   4  1072  1312
[123] [    20829360] 1 | True  True 00 ( 1408, 1031)   5  1123  1640
[124] [    20839278] 1 | True  True 00 ( 1384, 1031)   4  1041  1784
[125] [    20849212] 1 | True  True 00 ( 1364, 1030)   6  1175  1804
[126] [    20859155] 1 | True  True 00 ( 1339, 1028)   6  1091  1500
[127] [    20869070] 1 | True  True 00 ( 1314, 1024)   5  1096  1288
[128] [    20879019] 1 | True  True 00 ( 1288, 1021)   4   980  1016
[129] [    20888962] 1 | True  True 00 ( 1264, 1016)   5  1057  1392
[130] [    20898898] 1 | True  True 00 ( 1241, 1008)   5  1014  1640
[131] [    20908840] 1 | True  True 00 ( 1219,  997)   6  1043  1808
[132] [    20918778] 1 | True  True 00 ( 1196,  986)   5   954  1680
[133] [    20928713] 1 | True  True 00 ( 1175,  974)   6   932  1332
[134] [    20938651] 1 | True  True 00 ( 1153,  959)   6   941  1100
[135] [    20948586] 1 | True  True 00 ( 1133,  944)   5  1041  1396
[136] [    20958529] 1 | True  True 00 ( 1114,  929)   5   961  1160
[137] [    20968483] 1 | True  True 00 ( 1098,  913)   4   862  1288
[138] [    20978421] 1 | True  True 00 ( 1082,  895)   6   965  1600
[139] [    20988360] 1 | True  True 00 ( 1066,  875)   5   926  1620
[140] [    20998293] 1 | True  True 00 ( 1052,  855)   6   895  1544
[141] [    21008232] 1 | True  True 00 ( 1037,  834)   4   830  1344
[142] [    21018150] 1 | True  True 00 ( 1022,  813)   6   951  1176
[143] [    21028085] 1 | True  True 00 ( 1007,  793)   5   900  1028
[144] [    21038030] 1 | True  True 00 (  994,  771)   5   876  1204
[145] [    21047961] 1 | True  True 00 (  985,  749)   6   963  1224
[146] [        4136] 1 | True  True 00 (  977,  725)   6   972  1220
[147] [       14057] 1 | True  True 00 (  971,  700)   5   943  1024
[148] [       23991] 1 | True  True 00 (  965,  678)   4   897   996
[149] [       33928] 1 | True  True 00 (  961,  656)   5   892  1232
[150] [       43862] 1 | True  True 00 (  958,  631)   6   977  1312
[151] [       53807] 1 | True  True 00 (  956,  602)   4   852  1292
[152] [       63735] 1 | True  True 00 (  956,  576)   4   908  1088
[153] [       73679] 1 | True  True 00 (  957,  552)   4   922  1064
[154] [       83617] 1 | True  True 00 (  958,  529)   5   953  1192
[155] [       93554] 1 | True  True 00 (  959,  507)   5   909  1284
[156] [      103484] 1 | True  True 00 (  964,  484)   6   984  1424
[157] [      113429] 1 | True  True 00 (  971,  458)   5   946  1464
[158] [      123366] 1 | True  True 00 (  980,  435)   6   972  1324
[159] [      133303] 1 | True  True 00 (  993,  413)   5   930  1404
[160] [      143239] 1 | True  True 00 ( 1005,  391)   6   979  1644
[161] [      153176] 1 | True  True 00 ( 1019,  370)   6   955  1704
[162] [      163113] 1 | True  True 00 ( 1031,  348)   5   912  1704
[163] [      173070] 1 | True  True 00 ( 1043,  325)   5   957  1484
[164] [      182994] 1 | True  True 00 ( 1057,  305)   6  1003  1040
[165] [      192931] 1 | True  True 00 ( 1070,  287)   5   921   972
[166] [      202878] 1 | True  True 00 ( 1088,  270)   7  1068  1228
[167] [      212822] 1 | True  True 00 ( 1113,  252)   6  1003  1556
[168] [      222740] 1 | True  True 00 ( 1137,  236)   6  1037  1752
[169] [      232676] 1 | True  True 00 ( 1158,  222)   6   988  1636
[170] [      242613] 1 | True  True 00 ( 1178,  207)   6  1059  1420
[171] [      252549] 1 | True  True 00 ( 1198,  194)   5  1014  1480
[172] [      262485] 1 | True  True 00 ( 1218,  183)   6  1040  1692
[173] [      272422] 1 | True  True 00 ( 1242,  173)   7  1138  1952
[174] [      282365] 1 | True  True 00 ( 1269,  163)   4  1070  1880
[175] [      292281] 1 | True  True 00 ( 1291,  156)   4  1099  1788
[176] [      302213] 1 | True  True 00 ( 1311,  149)   4  1150  1552
[177] [      312154] 1 | True  True 00 ( 1332,  145)   4  1133  1480
[178] [      322092] 1 | True  True 00 ( 1354,  142)   6  1159  1664
[179] [      332012] 1 | True  True 00 ( 1381,  140)   6  1242  1924
[180] [      341948] 1 | True  True 00 ( 1407,  138)   4  1125  1872
[181] [      351885] 1 | True  True 00 ( 1429,  137)   5  1199  1688
[182] [      361820] 1 | True  True 00 ( 1450,  138)   4  1150  1480
[183] [      371738] 1 | True  True 00 ( 1473,  142)   6  1259  1608
[184] [      381675] 1 | True  True 00 ( 1498,  145)   7  1259  1936
[185] [      391605] 1 | True  True 00 ( 1525,  150)   6  1136  2112
[186] [      401550] 1 | True  True 00 ( 1549,  157)   6  1181  2140
[187] [      411480] 1 | True  True 00 ( 1571,  164)   7  1310  2064
[188] [      421405] 1 | True  True 00 ( 1591,  174)   6  1155  1660
[189] [      431342] 1 | True  True 00 ( 1610,  186)   5  1069  1420
[190] [      441257] 1 | True  True 00 ( 1630,  200)   7  1174  1568
[191] [      451192] 1 | True  True 00 ( 1655,  213)   6  1175  1644
[192] [      461135] 1 | True  True 00 ( 1680,  228)   5  1110  1732
[193] [      471069] 1 | True  True 00 ( 1700,  242)   5  1082  1816
[194] [      481008] 1 | True  True 00 ( 1718,  256)   6  1104  1772
[195] [      490943] 1 | True  True 00 ( 1734,  275)   6  1149  1604
[196] [      500881] 1 | True  True 00 ( 1748,  296)   5  1028  1328
[197] [      510796] 1 | True  True 00 ( 1761,  318)   5  1116  1348
[198] [      520733] 1 | True  True 00 ( 1774,  339)   6  1080  1296
[199] [      530670] 1 | True  True 00 ( 1787,  360)   7  1121  1568
[200] [      540606] 1 | True  True 00 ( 1802,  380)   5   970  1756
[201] [      550522] 1 | True  True 00 ( 1814,  402)   5  1063  1800
[202] [      560461] 1 | True  True 00 ( 1823,  427)   7  1047  1568
[203] [      570380] 1 | True  True 00 ( 1835,  452)   6  1094  1616
[204] [      580315] 1 | True  True 00 ( 1844,  477)   6  1125  1904
[205] [      590238] 1 | True  True 00 ( 1852,  500)   7  1102  1948
[206] [      600168] 1 | True  True 00 ( 1856,  524)   6  1089  1928
[207] [      610107] 1 | True  True 00 ( 1860,  551)   6  1093  1772
[208] [      620046] 1 | True  True 00 ( 1862,  577)   5  1087  1596
[209] [      629961] 1 | True  True 00 ( 1860,  601)   4   911  1884
[210] [      639901] 1 | True  True 00 ( 1861,  624)   5  1000  1884
[211] [      649837] 1 | True  True 00 ( 1856,  648)   5   985  1908
[212] [      659771] 1 | True  True 00 ( 1853,  673)   7  1119  1688
[213] [      669691] 1 | True  True 00 ( 1846,  699)   6  1023  1376
[214] [      679631] 1 | True  True 00 ( 1838,  721)   5   964  1280
[215] [      689565] 1 | True  True 00 ( 1828,  743)   6  1007  1468
[216] [      699484] 1 | True  True 00 ( 1815,  767)   6  1101  1464
[217] [      709420] 1 | True  True 00 ( 1802,  790)   6  1031  1420
[218] [      719358] 1 | True  True 00 ( 1790,  813)   5   941  1360
[219] [      729295] 1 | True  True 00 ( 1778,  835)   4  1035  1380
[220] [      739226] 1 | True  True 00 ( 1764,  855)   5  1062  1696
[221] [      749150] 1 | True  True 00 ( 1748,  875)   7  1044  1636
[222] [      759080] 1 | True  True 00 ( 1730,  891)   6  1070  1696
[223] [      769000] 1 | True  True 00 ( 1712,  907)   6  1071  1492
[224] [      778936] 1 | True  True 00 ( 1694,  924)   7  1138  1268
[225] [      788878] 1 | True  True 00 ( 1673,  942)   5  1020  1548
[226] [      798812] 1 | True  True 00 ( 1652,  959)   6  1116  1664
[227] [      808755] 1 | True  True 00 ( 1633,  974)   5  1066  1616
[228] [      818689] 1 | True  True 00 ( 1615,  987)   6  1095  1548
[229] [      828629] 1 | True  True 00 ( 1591,  998)   5  1054  1452
[230] [      838564] 1 | True  True 00 ( 1567, 1006)   5  1121  1236
[231] [      848503] 1 | True  True 00 ( 1543, 1013)   4  1125  1516
[232] [      858438] 1 | True  True 00 ( 1522, 1018)   4  1153  1868
[233] [      868376] 1 | True  True 00 ( 1501, 1022)   4  1027  1944
[234] [      878311] 1 | True  True 00 ( 1480, 1026)   6  1057  1792
[235] [      888235] 1 | True  True 00 ( 1455, 1028)   7  1193  1592
[236] [      898184] 1 | True  True 00 ( 1428, 1030)   4  1055  1384
[237] [      908105] 1 | True  True 00 ( 1403, 1031)   4  1036  1664
[238] [      918043] 1 | True  True 00 ( 1380, 1032)   4  1029  1828
[239] [      927978] 1 | True  True 00 ( 1361, 1030)   7  1240  1804
[240] [      937914] 1 | True  True 00 ( 1339, 1028)   7  1150  1500
[241] [      947848] 1 | True  True 00 ( 1312, 1024)   5  1070  1176
[242] [      957772] 1 | True  True 00 ( 1285, 1020)   4   981  1020
[243] [      967710] 1 | True  True 00 ( 1261, 1014)   5  1113  1476
[244] [      977644] 1 | True  True 00 ( 1239, 1005)   5  1068  1728
[245] [      987562] 1 | True  True 00 ( 1217,  996)   6   978  1704
[246] [      997501] 1 | True  True 00 ( 1198,  985)   5   923  1536
[247] [     1007436] 1 | True  True 00 ( 1176,  971)   5   898  1332
[248] [     1017354] 1 | True  True 00 ( 1153,  956)   6   982  1216
[249] [     1027290] 1 | True  True 00 ( 1130,  940)   4   961  1416
[250] [     1037227] 1 | True  True 00 ( 1111,  925)   4   918  1200
[251] [     1047143] 1 | True  True 00 ( 1097,  911)   4   903  1288
[252] [     1057081] 1 | True  True 00 ( 1082,  895)   7   960  1508
[253] [     1067002] 1 | True  True 00 ( 1067,  875)   6   985  1728
[254] [     1076936] 1 | True  True 00 ( 1051,  852)   5   887  1528
[255] [     1086856] 1 | True  True 00 ( 1035,  831)   4   818  1360
[  0] [     1096793] 1 | True  True 00 ( 1019,  811)   5   888  1068
[  1] [     1106708] 1 | True  True 00 ( 1006,  791)   6   974  1068
[  2] [     1116641] 1 | True  True 00 (  995,  771)   7  1017  1244
[  3] [     1126560] 1 | True  True 00 (  985,  745)   6   941  1240
[  4] [     1136497] 1 | True  True 00 (  976,  720)   5   897  1220
[  5] [     1146412] 1 | True  True 00 (  969,  695)   4   846   964
[  6] [     1156347] 1 | True  True 00 (  964,  673)   4   833   976
[  7] [     1166271] 1 | True  True 00 (  960,  651)   6   968  1212
[  8] [     1176200] 1 | True  True 00 (  956,  627)   6   968  1492
[  9] [     1186141] 1 | True  True 00 (  955,  600)   5   976  1372
[ 10] [     1196061] 1 | True  True 00 (  955,  574)   4   938  1076
[ 11] [     1205977] 1 | True  True 00 (  955,  551)   4   936  1024
[ 12] [     1215915] 1 | True  True 00 (  957,  528)   6  1002  1252
[ 13] [     1225825] 1 | True  True 00 (  959,  504)   5   905  1252
[ 14] [     1235745] 1 | True  True 00 (  964,  479)   6   985  1384
[ 15] [     1245679] 1 | True  True 00 (  971,  456)   5   945  1524
[ 16] [     1255598] 1 | True  True 00 (  982,  434)   6   965  1284
[ 17] [     1265534] 1 | True  True 00 (  993,  413)   7  1060  1384
[ 18] [     1275449] 1 | True  True 00 ( 1005,  391)   6   944  1644
[ 19] [     1285388] 1 | True  True 00 ( 1017,  369)   5   908  1724
[ 20] [     1295307] 1 | True  True 00 ( 1030,  346)   5   916  1664
[ 21] [     1305226] 1 | True  True 00 ( 1043,  324)   4   883  1384
[ 22] [     1315163] 1 | True  True 00 ( 1057,  303)   4   944  1060
[ 23] [     1325092] 1 | True  True 00 ( 1073,  285)   6   985  1012
[ 24] [     1335015] 1 | True  True 00 ( 1090,  268)   6  1002  1228
[ 25] [     1344933] 1 | True  True 00 ( 1113,  251)   6   973  1536
[ 26] [     1354852] 1 | True  True 00 ( 1136,  236)   7  1061  1656
[ 27] [     1364788] 1 | True  True 00 ( 1159,  220)   6  1011  1656
[ 28] [     1374717] 1 | True  True 00 ( 1179,  204)   6   987  1440
[ 29] [     1384661] 1 | True  True 00 ( 1200,  191)   7  1152  1460
[ 30] [     1394572] 1 | True  True 00 ( 1221,  181)   6  1097  1692
[ 31] [     1404511] 1 | True  True 00 ( 1246,  171)   6  1126  1976
[ 32] [     1414431] 1 | True  True 00 ( 1272,  162)   4  1083  1904
[ 33] [     1424371] 1 | True  True 00 ( 1295,  154)   4  1129  1716
[ 34] [     1434284] 1 | True  True 00 ( 1316,  148)   4  1102  1460
[ 35] [     1444200] 1 | True  True 00 ( 1336,  145)   5  1147  1480
[ 36] [     1454139] 1 | True  True 00 ( 1358,  143)   6  1250  1872
[ 37] [     1464058] 1 | True  True 00 ( 1385,  142)   6  1280  1924
[ 38] [     1473995] 1 | True  True 00 ( 1409,  139)   4  1132  1948
[ 39] [     1483929] 1 | True  True 00 ( 1431,  140)   4  1134  1716
[ 40] [     1493844] 1 | True  True 00 ( 1452,  141)   4  1137  1508
[ 41] [     1503782] 1 | True  True 00 ( 1473,  143)   7  1238  1684
[ 42] [     1513701] 1 | True  True 00 ( 1498,  147)   6  1132  1960
[ 43] [     1523641] 1 | True  True 00 ( 1524,  151)   6  1162  2164
[ 44] [     1533572] 1 | True  True 00 ( 1549,  158)   6  1211  2264
[ 45] [     1543492] 1 | True  True 00 ( 1571,  166)   6  1171  1912
[ 46] [     1553427] 1 | True  True 00 ( 1591,  176)   6  1134  1608
[ 47] [     1563365] 1 | True  True 00 ( 1613,  188)   7  1194  1448
[ 48] [     1573288] 1 | True  True 00 ( 1634,  202)   6  1131  1692
[ 49] [     1583221] 1 | True  True 00 ( 1658,  215)   6  1111  1616
[ 50] [     1593158] 1 | True  True 00 ( 1682,  229)   4  1061  1712
[ 51] [     1603094] 1 | True  True 00 ( 1703,  243)   4   997  1732
[ 52] [     1613031] 1 | True  True 00 ( 1720,  258)   6  1097  1648
[ 53] [     1622968] 1 | True  True 00 ( 1736,  276)   7  1122  1564
[ 54] [     1632884] 1 | True  True 00 ( 1749,  297)   7  1137  1308
[ 55] [     1642823] 1 | True  True 00 ( 1763,  320)   5  1050  1276
[ 56] [     1652761] 1 | True  True 00 ( 1775,  340)   5  1033  1276
[ 57] [     1662693] 1 | True  True 00 ( 1786,  359)   6  1059  1528
[ 58] [     1672633] 1 | True  True 00 ( 1797,  379)   7  1101  1672
[ 59] [     1682552] 1 | True  True 00 ( 1811,  401)   5   991  1672
[ 60] [     1692492] 1 | True  True 00 ( 1823,  425)   6  1075  1608
[ 61] [     1702426] 1 | True  True 00 ( 1834,  451)   6  1018  1504
[ 62] [     1712365] 1 | True  True 00 ( 1842,  475)   6  1060  1840
[ 63] [     1722300] 1 | True  True 00 ( 1848,  500)   6  1089  1972
[ 64] [     1732223] 1 | True  True 00 ( 1851,  525)   5  1007  1948
[ 65] [     1742172] 1 | True  True 00 ( 1854,  550)   5  1017  1904
[ 66] [     1752095] 1 | True  True 00 ( 1857,  575)   5  1043  1528
[ 67] [     1762031] 1 | True  True 00 ( 1858,  598)   4   949  1884
[ 68] [     1771961] 1 | True  True 00 ( 1857,  624)   5  1028  1952
[ 69] [     1781906] 1 | True  True 00 ( 1853,  648)   6  1052  1976
[ 70] [     1791844] 1 | True  True 00 ( 1849,  673)   6  1035  1752
[ 71] [     1801763] 1 | True  True 00 ( 1843,  698)   5  1018  1488
[ 72] [     1811694] 1 | True  True 00 ( 1834,  721)   5   980  1384
[ 73] [     1821633] 1 | True  True 00 ( 1822,  743)   6  1007  1384
[ 74] [     1831570] 1 | True  True 00 ( 1812,  767)   6  1041  1404
[ 75] [     1841511] 1 | True  True 00 ( 1802,  789)   6  1009  1296
[ 76] [     1851441] 1 | True  True 00 ( 1788,  813)   4   936  1444
[ 77] [     1861382] 1 | True  True 00 ( 1777,  834)   5  1078  1276
[ 78] [     1871319] 1 | True  True 00 ( 1766,  855)   5  1034  1596
[ 79] [     1881258] 1 | True  True 00 ( 1750,  875)   7  1075  1800
[ 80] [     1891197] 1 | True  True 00 ( 1734,  893)   6   999  1636
[ 81] [     1901130] 1 | True  True 00 ( 1713,  909)   6  1038  1328
[ 82] [     1911069] 1 | True  True 00 ( 1691,  928)   5   975  1340
[ 83] [     1921008] 1 | True  True 00 ( 1670,  945)   6  1136  1616
[ 84] [     1930939] 1 | True  True 00 ( 1650,  960)   5  1124  1732
[ 85] [     1940879] 1 | True  True 00 ( 1633,  973)   5  1138  1756
[ 86] [     1950798] 1 | True  True 00 ( 1615,  986)   6  1079  1524
[ 87] [     1960738] 1 | True  True 00 ( 1590,  996)   5  1122  1428
[ 88] [     1970673] 1 | True  True 00 ( 1564, 1005)   4  1105  1260
[ 89] [     1980611] 1 | True  True 00 ( 1540, 1013)   4  1050  1540
[ 90] [     1990546] 1 | True  True 00 ( 1519, 1018)   4  1137  1844
[ 91] [     2000469] 1 | True  True 00 ( 1500, 1022)   5  1147  2020
[ 92] [     2010398] 1 | True  True 00 ( 1480, 1025)   6  1152  1868
[ 93] [     2020341] 1 | True  True 00 ( 1460, 1027)   6  1159  1716
[ 94] [     2030277] 1 | True  True 00 ( 1442, 1029)   5  1057  1640
[ 95] [     2040195] 1 | True  True 00 ( 1431, 1029)   6  1192  1668
[ 96] [     2050129] 1 | True  True 00 ( 1423, 1030)   5  1070  1640
[ 97] [     2060047] 1 | True  True 00 ( 1418, 1030)   6  1152  1692
[ 98] [     2069965] 1 | True  True 00 ( 1414, 1031)   5  1071  1692
[ 99] [     2079900] 1 |False  True 00 ( 1414, 1031)   5  1071  1692
[100] [     2089836] 0 
